0.0000	26.5357
0.1139	26.5453
0.2288	26.5878
0.3467	26.5395
0.4592	26.5666
0.5718	26.5666
0.6822	26.5569
0.7965	26.5453
0.9157	26.5260
1.0302	26.5472
1.1403	26.5646
1.2552	26.5414
1.3745	26.5434
1.4865	26.5357
1.6020	26.5279
1.7232	26.5530
1.8370	26.5724
1.9511	26.5530
2.0646	26.5163
2.1794	26.5781
2.2957	26.5453
2.4084	26.5299
2.5293	26.5724
2.6419	26.5337
2.7522	26.5434
2.8618	26.5859
2.9722	26.5221
3.0841	26.5492
3.1949	26.5241
3.3075	26.5569
3.4184	26.5781
3.5296	26.5221
3.6432	26.5627
3.7587	26.5781
3.8772	26.5627
3.9887	26.5414
4.1004	26.5704
4.2191	26.5569
4.3300	26.5627
4.4421	26.5434
4.5523	26.5183
4.6680	26.5550
4.7904	26.5666
4.9082	26.5279
5.0203	26.5183
5.1336	26.5530
5.2546	26.5376
5.3721	26.5183
5.4859	26.5627
5.6049	26.5279
5.7191	26.5588
5.8388	26.5144
5.9533	26.5337
6.0676	26.5492
6.1879	26.5260
6.3058	26.5395
6.4251	26.5627
6.5415	26.5666
6.6615	26.5357
6.7762	26.5125
6.8924	26.5704
7.0124	26.5279
7.1271	26.5337
7.2464	26.5163
7.3589	26.5511
7.4746	26.5357
7.5925	26.5357
7.7119	26.5086
7.8321	26.5588
7.9497	26.5530
8.0626	26.5260
8.1770	26.5569
8.2936	26.5492
8.4120	26.5608
8.5320	26.5666
8.6497	26.5241
8.7692	26.5028
8.8856	26.5530
9.0052	26.5357
9.1237	26.5260
9.2382	26.5608
9.3582	26.5299
9.4724	26.5511
9.5942	26.5183
9.7117	26.5260
9.8317	26.5511
9.9529	26.4932
10.0717	26.5318
10.1852	26.5588
10.2988	26.5260
10.4180	26.5472
10.5392	26.5395
10.6611	26.5125
10.7763	26.5414
10.8933	26.5569
11.0118	26.5781
11.1253	26.5414
11.2433	26.5704
11.3557	26.5724
11.4694	26.5897
11.5898	26.5550
11.7103	26.5202
11.8298	26.5530
11.9497	26.5067
12.0692	26.5511
12.1874	26.4893
12.3065	26.5241
12.4186	26.5144
12.5385	26.5839
12.6614	26.5318
12.7817	26.5318
12.8978	26.5183
13.0155	26.5685
13.1337	26.5279
13.2513	26.5357
13.3693	26.5414
13.4828	26.5588
13.6043	26.5434
13.7234	26.5183
13.8442	26.5550
13.9629	26.5588
14.0811	26.5357
14.2008	26.5666
14.3183	26.5202
14.4275	26.5434
14.5441	26.5357
14.6655	26.5241
14.7853	26.5318
14.9045	26.5550
15.0225	26.5183
15.1420	26.5357
15.2610	26.5221
15.3765	26.5163
15.4888	26.5357
15.6024	26.5646
15.7216	26.5434
15.8395	26.5260
15.9596	26.5357
16.0782	26.5511
16.1944	26.4932
16.3134	26.5434
16.4326	26.5569
16.5508	26.5395
16.6654	26.5299
16.7842	26.5376
16.9054	26.5337
17.0253	26.5144
17.1443	26.5067
17.2617	26.5453
17.3778	26.5260
17.4913	26.5414
17.6078	26.5241
17.7218	26.5318
17.8414	26.5299
17.9601	26.5337
18.0783	26.5550
18.1975	26.5472
18.3118	26.5163
18.4288	26.5492
18.5496	26.5569
18.6686	26.5530
18.7812	26.5530
18.8992	26.5376
19.0118	26.5627
19.1300	26.5627
19.2433	26.5414
19.3567	26.5299
19.4719	26.5105
19.5914	26.5260
19.7079	26.5569
19.8197	26.5260
19.9334	26.5453
20.0510	26.5183
20.1710	26.5530
20.2895	26.4951
20.4038	26.5414
20.5241	26.5260
20.6432	26.5608
20.7621	26.5183
20.8813	26.5414
21.0023	26.5395
21.1164	26.5434
21.2376	26.5588
21.3585	26.5105
21.4745	26.5144
21.5968	26.5395
21.7190	26.5125
21.8397	26.5627
21.9560	26.5530
22.0772	26.5550
22.1974	26.5279
22.3183	26.5588
22.4355	26.5492
22.5468	26.5241
22.6596	26.5163
22.7804	26.5241
22.8994	26.5414
23.0125	26.5299
23.1252	26.4970
23.2407	26.5588
23.3537	26.5318
23.4664	26.5202
23.5781	26.5357
23.6938	26.5241
23.8147	26.5279
23.9354	26.5221
24.0519	26.5260
24.1661	26.5163
24.2877	26.5318
24.4069	26.5357
24.5199	26.5086
24.6363	26.5376
24.7541	26.5511
24.8730	26.5183
24.9889	26.5550
25.1035	26.5511
25.2187	26.5357
25.3364	26.5588
25.4500	26.5627
25.5634	26.5395
25.6785	26.5357
25.7978	26.5569
25.9144	26.5453
26.0301	26.5530
26.1441	26.5279
26.2572	26.5588
26.3697	26.5183
26.4837	26.5743
26.5976	26.5511
26.7142	26.5260
26.8248	26.5395
26.9392	26.5279
27.0528	26.5414
27.1667	26.5357
27.2793	26.5434
27.3933	26.5608
27.5060	26.5337
27.6193	26.5376
27.7364	26.5530
27.8489	26.5357
27.9693	26.5685
28.0856	26.5337
28.2052	26.5550
28.3151	26.5376
28.4264	26.5414
28.5418	26.5434
28.6579	26.5608
28.7771	26.5569
28.8914	26.5472
29.0116	26.5318
29.1340	26.5627
29.2559	26.5163
29.3745	26.5530
29.4943	26.5608
29.6109	26.5260
29.7248	26.5376
29.8438	26.5550
29.9586	26.5627
30.0770	26.5241
30.1956	26.5472
30.3157	26.5627
30.4339	26.5511
30.5527	26.6013
30.6682	26.5530
30.7804	26.5994
30.9005	26.5086
31.0156	26.5453
31.1353	26.5144
31.2540	26.5511
31.3732	26.5530
31.4854	26.5859
31.6024	26.5472
31.7221	26.5627
31.8390	26.5627
31.9515	26.5646
32.0665	26.5762
32.1876	26.5414
32.3080	26.5781
32.4260	26.5781
32.5463	26.5434
32.6663	26.5704
32.7885	26.5820
32.9061	26.5762
33.0199	26.5801
33.1353	26.5318
33.2543	26.5781
33.3698	26.5666
33.4835	26.5762
33.6020	26.5743
33.7137	26.5762
33.8298	26.5897
33.9462	26.5801
34.0586	26.5878
34.1708	26.5608
34.2839	26.5801
34.4208	26.6071
34.5391	26.5781
34.6533	26.5550
34.7638	26.5820
34.8745	26.5666
34.9880	26.5492
35.1031	26.5743
35.2173	26.5685
35.3346	26.5530
35.4467	26.5781
35.5602	26.5762
35.6825	26.5453
35.7999	26.5550
35.9105	26.5955
36.0215	26.5820
36.1356	26.5762
36.2456	26.5820
36.3577	26.5994
36.4712	26.5917
36.5883	26.5414
36.7094	26.5820
36.8298	26.5724
36.9494	26.5878
37.0682	26.5627
37.1865	26.5588
37.3058	26.5917
37.4228	26.5608
37.5422	26.5453
37.6607	26.5839
37.7747	26.5569
37.8854	26.5588
37.9989	26.5704
38.1099	26.5685
38.2295	26.5936
38.3494	26.5762
38.4644	26.6033
38.5851	26.5376
38.7054	26.5859
38.8260	26.5395
38.9477	26.5588
39.0697	26.5550
39.1902	26.5627
39.3115	26.5492
39.4317	26.5646
39.5525	26.5724
39.6717	26.5704
39.7931	26.6033
39.9061	26.5743
40.0169	26.5781
40.1282	26.5318
40.2405	26.5241
40.3540	26.5646
40.4646	26.5936
40.5762	26.5376
40.6901	26.5743
40.8085	26.5550
40.9219	26.5781
41.0325	26.5878
41.1445	26.5608
41.2581	26.5839
41.3749	26.5820
41.4838	26.5994
41.5937	26.5917
41.7055	26.5839
41.8243	26.5550
41.9440	26.5897
42.0634	26.5530
42.1781	26.5492
42.2978	26.5704
42.4158	26.5511
42.5332	26.5685
42.6519	26.5414
42.7722	26.5627
42.8924	26.5781
43.0135	26.5395
43.1321	26.5337
43.2531	26.5453
43.3714	26.5588
43.4856	26.5453
43.6057	26.5492
43.7268	26.5588
43.8457	26.5839
43.9664	26.5724
44.0840	26.5704
44.1999	26.5530
44.3205	26.5472
44.4379	26.5994
44.5542	26.5337
44.6717	26.5627
44.7911	26.5608
44.9096	26.5550
45.0274	26.5550
45.1460	26.5666
45.2675	26.5685
45.3859	26.5666
45.5012	26.5530
45.6219	26.5801
45.7424	26.5743
45.8614	26.5897
45.9773	26.5724
46.0946	26.5878
46.2137	26.5588
46.3315	26.5492
46.4452	26.5801
46.5653	26.5646
46.6833	26.6071
46.8026	26.5588
46.9220	26.6033
47.0384	26.5724
47.1520	26.5781
47.2714	26.5975
47.3886	26.5781
47.5032	26.5511
47.6215	26.6091
47.7415	26.5530
47.8594	26.5762
47.9781	26.5820
48.0952	26.5820
48.2132	26.5743
48.3305	26.5472
48.4419	26.5434
48.5537	26.5627
48.6683	26.5472
48.7876	26.5299
48.9047	26.5859
49.0186	26.5781
49.1417	26.5646
49.2627	26.5801
49.3817	26.5492
49.4955	26.5724
49.6168	26.5762
49.7361	26.5781
49.8558	26.5859
49.9774	26.5936
50.0975	26.5897
50.2172	26.5955
50.3312	26.5704
50.4451	26.5357
50.5664	26.5299
50.6857	26.5859
50.8056	26.5414
50.9242	26.5395
51.0438	26.5492
51.1636	26.5897
51.2851	26.5955
51.4052	26.5781
51.5213	26.6129
51.6394	26.5627
51.7574	26.5955
51.8756	26.5588
51.9952	26.5608
52.1159	26.5859
52.2360	26.5724
52.3551	26.5646
52.4710	26.6052
52.5920	26.5820
52.7116	26.5839
52.8319	26.5724
52.9419	26.5917
53.0537	26.5627
53.1643	26.5820
53.2753	26.5781
53.3881	26.5801
53.4995	26.5801
53.6183	26.5781
53.7384	26.5646
53.8562	26.6052
53.9731	26.5878
54.0903	26.5608
54.2086	26.5801
54.3214	26.6052
54.4362	26.5472
54.5465	26.5588
54.6575	26.5936
54.7755	26.5666
54.8952	26.5955
55.0125	26.5588
55.1326	26.5897
55.2532	26.5550
55.3725	26.6091
55.4892	26.5666
55.6117	26.5704
55.7334	26.5724
55.8526	26.5666
55.9732	26.5685
56.0873	26.5550
56.2018	26.5666
56.3140	26.5936
56.4267	26.5897
56.5437	26.6129
56.6611	26.5472
56.7734	26.5530
56.8821	26.5646
56.9950	26.5878
57.1097	26.5743
57.2325	26.5608
57.3450	26.5859
57.4564	26.5704
57.5703	26.6052
57.6922	26.5781
57.8139	26.5704
57.9370	26.5743
58.0550	26.5627
58.1666	26.5781
58.2777	26.5608
58.3876	26.5588
58.4986	26.5820
58.6099	26.5704
58.7208	26.6071
58.8328	26.5666
58.9522	26.6033
59.0618	26.5530
59.1747	26.5492
59.2885	26.5453
59.4083	26.5646
59.5202	26.5530
59.6318	26.5975
59.7479	26.5859
59.8706	26.5724
59.9905	26.5704
60.1028	26.5646
60.2131	26.5878
60.3260	26.6013
60.4457	26.5183
60.5634	26.5569
60.6749	26.5897
60.7835	26.5666
60.8955	26.5955
61.0086	26.5917
61.1210	26.6148
61.2335	26.5743
61.3525	26.6033
61.4668	26.5685
61.5872	26.6033
61.7057	26.6091
61.8162	26.5743
61.9295	26.5743
62.0412	26.5917
62.1557	26.5685
62.2768	26.5839
62.3963	26.5627
62.5142	26.5627
62.6335	26.5820
62.7514	26.5627
62.8712	26.5820
62.9925	26.5781
63.1143	26.5608
63.2338	26.5685
63.3533	26.5453
63.4666	26.5897
63.5866	26.5530
63.7057	26.5955
63.8250	26.5472
63.9455	26.5975
64.0670	26.6033
64.1878	26.6033
64.3080	26.5917
64.4240	26.5955
64.5383	26.6091
64.6493	26.5666
64.7636	26.5839
64.8745	26.5704
64.9929	26.6226
65.1062	26.5936
65.2211	26.5936
65.3353	26.5762
65.4460	26.5685
65.5590	26.6052
65.6706	26.5627
65.7802	26.6071
65.8945	26.5975
66.0181	26.6033
66.1350	26.5975
66.2558	26.6206
66.3757	26.6033
66.4903	26.6013
66.6106	26.5839
66.7282	26.5994
66.8485	26.6129
66.9688	26.5859
67.0886	26.6091
67.2077	26.5859
67.3273	26.6052
67.4425	26.5666
67.5604	26.6013
67.6807	26.5839
67.8008	26.6110
67.9207	26.5820
68.0412	26.5801
68.1621	26.5762
68.2828	26.6284
68.4025	26.6052
68.5212	26.6264
68.6412	26.6091
68.7605	26.5743
68.8776	26.5820
68.9970	26.6013
69.1165	26.6148
69.2380	26.5762
69.3560	26.5781
69.4696	26.6129
69.5858	26.5801
69.7035	26.5859
69.8232	26.6284
69.9403	26.6361
70.0564	26.5781
70.1719	26.5820
70.2923	26.6033
70.4113	26.6033
70.5295	26.6245
70.6486	26.6052
70.7685	26.5994
70.8858	26.6187
71.0051	26.5859
71.1227	26.5975
71.2424	26.5743
71.3586	26.6303
71.4734	26.6226
71.5921	26.5781
71.7112	26.5975
71.8289	26.6052
71.9478	26.6226
72.0662	26.6013
72.1849	26.5936
72.3047	26.5936
72.4230	26.6168
72.5420	26.6129
72.6570	26.6052
72.7745	26.5878
72.8922	26.5917
73.0116	26.6013
73.1302	26.6091
73.2498	26.6206
73.3664	26.5646
73.4794	26.5627
73.5950	26.5955
73.7126	26.6322
73.8293	26.5801
73.9474	26.5917
74.0648	26.6091
74.1839	26.6129
74.3053	26.6438
74.4223	26.5685
74.5405	26.6264
74.6614	26.6264
74.7813	26.6013
74.8999	26.6342
75.0178	26.5994
75.1353	26.5762
75.2476	26.6380
75.3604	26.6091
75.4758	26.6071
75.5940	26.6129
75.7138	26.6187
75.8332	26.6052
75.9526	26.6129
76.0703	26.6148
76.1889	26.6033
76.3085	26.6361
76.4257	26.6226
76.5450	26.6110
76.6590	26.6013
76.7789	26.5897
76.8984	26.6013
77.0167	26.5685
77.1365	26.5917
77.2556	26.6400
77.3745	26.5955
77.4903	26.6226
77.6089	26.5743
77.7277	26.5975
77.8463	26.5936
77.9663	26.5975
78.0865	26.6013
78.2068	26.6091
78.3254	26.6148
78.4392	26.5917
78.5512	26.6284
78.6627	26.6091
78.7764	26.5878
78.8947	26.6052
79.0058	26.6187
79.1176	26.5878
79.2298	26.6033
79.3418	26.5955
79.4544	26.6110
79.5741	26.6322
79.6918	26.6284
79.8118	26.6071
79.9341	26.6091
80.0539	26.5994
80.1767	26.6110
80.2977	26.5994
80.4202	26.6091
80.5416	26.6052
80.6633	26.5936
80.7854	26.6516
80.9060	26.6013
81.0258	26.6091
81.1426	26.6206
81.2614	26.6091
81.3812	26.6206
81.4987	26.6033
81.6181	26.6071
81.7392	26.6187
81.8585	26.6129
81.9774	26.6245
82.0953	26.6226
82.2148	26.6168
82.3348	26.6013
82.4493	26.5936
82.5689	26.5994
82.6903	26.6091
82.8106	26.6342
82.9300	26.6168
83.0477	26.6361
83.1612	26.6245
83.2796	26.6206
83.3969	26.5955
83.5131	26.6129
83.6298	26.6033
83.7470	26.5820
83.8612	26.6303
83.9816	26.6496
84.0995	26.6071
84.2136	26.6091
84.3329	26.6110
84.4467	26.6168
84.5653	26.6264
84.6853	26.5781
84.8045	26.6206
84.9238	26.6071
85.0413	26.6033
85.1589	26.6052
85.2734	26.5994
85.3825	26.6245
85.4952	26.6148
85.6063	26.5936
85.7196	26.6342
85.8314	26.6148
85.9473	26.6226
86.0563	26.6284
86.1685	26.5955
86.2797	26.5724
86.3928	26.5878
86.5040	26.5994
86.6138	26.6168
86.7259	26.6129
86.8380	26.6303
86.9471	26.6129
87.0591	26.6110
87.1775	26.6458
87.2910	26.6187
87.4005	26.6322
87.5127	26.6091
87.6318	26.5917
87.7456	26.6419
87.8577	26.6033
87.9746	26.6148
88.0920	26.6110
88.2086	26.6226
88.3308	26.6071
88.4478	26.5955
88.5678	26.6380
88.6839	26.6148
88.8050	26.5859
88.9256	26.6245
89.0477	26.6091
89.1647	26.5878
89.2796	26.6226
89.3913	26.6303
89.5013	26.6013
89.6115	26.5955
89.7233	26.6033
89.8353	26.5975
89.9519	26.6361
90.0706	26.6013
90.1881	26.5917
90.3085	26.6284
90.4251	26.6380
90.5437	26.6322
90.6650	26.6380
90.7862	26.5897
90.9018	26.6148
91.0105	26.6168
91.1217	26.6226
91.2319	26.5955
91.3414	26.6168
91.4577	26.6110
91.5733	26.6033
91.6867	26.6013
91.7981	26.6245
91.9104	26.6342
92.0212	26.6052
92.1316	26.6226
92.2400	26.6226
92.3504	26.5743
92.4608	26.6187
92.5733	26.6322
92.6867	26.5917
92.8023	26.6168
92.9184	26.6013
93.0376	26.6400
93.1584	26.6342
93.2764	26.5859
93.3949	26.6226
93.5089	26.6380
93.6256	26.6091
93.7416	26.6187
93.8591	26.6264
93.9740	26.6129
94.0921	26.6052
94.2103	26.5917
94.3272	26.6245
94.4404	26.6342
94.5603	26.6091
94.6796	26.6071
94.8003	26.5897
94.9186	26.6226
95.0383	26.5994
95.1514	26.6013
95.2634	26.6148
95.3759	26.6264
95.4881	26.6187
95.6012	26.5975
95.7136	26.6052
95.8262	26.6284
95.9416	26.6187
96.0581	26.6284
96.1714	26.5955
96.2924	26.6110
96.4113	26.6033
96.5260	26.5781
96.6442	26.6052
96.7594	26.6303
96.8753	26.6322
96.9940	26.5994
97.1084	26.6245
97.2224	26.5859
97.3422	26.6206
97.4552	26.6342
97.5700	26.6438
97.6844	26.6458
97.7986	26.5994
97.9113	26.6110
98.0231	26.6400
98.1376	26.6631
98.2533	26.6264
98.3730	26.6322
98.4876	26.6206
98.6026	26.6303
98.7151	26.6496
98.8297	26.6303
98.9454	26.6226
99.0620	26.6458
99.1803	26.6110
99.2961	26.5955
99.4090	26.6168
99.5270	26.6322
99.6429	26.6129
99.7565	26.6148
99.8663	26.6458
99.9763	26.6013
100.0931	26.6168
100.2125	26.6342
100.3220	26.6689
100.4365	26.6438
100.5583	26.6284
100.6757	26.6554
100.7923	26.6245
100.9067	26.6438
101.0262	26.6573
101.1447	26.6631
101.2602	26.6361
101.3794	26.6400
101.4934	26.6593
101.6113	26.6168
101.7249	26.6400
101.8392	26.6226
101.9554	26.6767
102.0693	26.6554
102.1861	26.6380
102.3067	26.6419
102.4215	26.6380
102.5348	26.6187
102.6536	26.6458
102.7733	26.6187
102.8924	26.6264
103.0086	26.6400
103.1267	26.6342
103.2454	26.6091
103.3632	26.6709
103.4759	26.6091
103.5906	26.6670
103.7089	26.6168
103.8277	26.6187
103.9475	26.6187
104.0656	26.6148
104.1868	26.6303
104.3073	26.6168
104.4257	26.6322
104.5440	26.6516
104.6581	26.6438
104.7784	26.6245
104.8984	26.6071
105.0172	26.5975
105.1330	26.6825
105.2507	26.6651
105.3671	26.6226
105.4831	26.6322
105.6018	26.6187
105.7170	26.6342
105.8336	26.6187
105.9521	26.6516
106.0702	26.6168
106.1851	26.6187
106.3059	26.6516
106.4246	26.6573
106.5417	26.6477
106.6619	26.6516
106.7751	26.6168
106.8926	26.6226
107.0101	26.6110
107.1286	26.6245
107.2492	26.5936
107.3663	26.6245
107.4790	26.6728
107.5972	26.6573
107.7149	26.6052
107.8293	26.6226
107.9490	26.6496
108.0682	26.6554
108.1856	26.6052
108.3042	26.6303
108.4167	26.6091
108.5288	26.6245
108.6417	26.6245
108.7554	26.6516
108.8701	26.6322
108.9879	26.6400
109.1065	26.5878
109.2264	26.6516
109.3449	26.6573
109.4579	26.6496
109.5742	26.6496
109.6905	26.6033
109.8064	26.6361
109.9232	26.6458
110.0413	26.6361
110.1581	26.6844
110.2758	26.6573
110.3934	26.6535
110.5078	26.6033
110.6264	26.6535
110.7450	26.6419
110.8637	26.6380
110.9829	26.6805
111.1002	26.6786
111.2189	26.6438
111.3339	26.6612
111.4452	26.6554
111.5592	26.6458
111.6771	26.6361
111.7957	26.6419
111.9148	26.6380
112.0321	26.6168
112.1513	26.6593
112.2636	26.6361
112.3728	26.6187
112.4815	26.6148
112.5922	26.6303
112.7052	26.6612
112.8264	26.6477
112.9442	26.6612
113.0601	26.6477
113.1769	26.6419
113.2901	26.6458
113.4028	26.6303
113.5171	26.6342
113.6313	26.6477
113.7461	26.6554
113.8602	26.6612
113.9718	26.6129
114.0857	26.6226
114.1965	26.6573
114.3103	26.6322
114.4272	26.6361
114.5400	26.6709
114.6539	26.6033
114.7696	26.6129
114.8811	26.6380
114.9906	26.6380
115.1040	26.6573
115.2216	26.6496
115.3403	26.6322
115.4523	26.6631
115.5640	26.6303
115.6785	26.6264
115.7911	26.6535
115.9037	26.6226
116.0138	26.6535
116.1238	26.6303
116.2349	26.6554
116.3528	26.6477
116.4646	26.6245
116.5758	26.6477
116.6860	26.6419
116.7973	26.6593
116.9172	26.6033
117.0350	26.6631
117.1555	26.6458
117.2766	26.6535
117.3975	26.6496
117.5138	26.6284
117.6362	26.6110
117.7571	26.6168
117.8755	26.6400
117.9893	26.6573
118.1111	26.6458
118.2315	26.6477
118.3511	26.6612
118.4661	26.6245
118.5801	26.6400
118.6909	26.6496
118.8044	26.6438
118.9232	26.6400
119.0406	26.6091
119.1628	26.6168
119.2842	26.6670
119.4041	26.6245
119.5220	26.6535
119.6446	26.5820
119.7631	26.6168
119.8729	26.6612
119.9828	26.6303
120.0953	26.6477
120.2087	26.6844
120.3272	26.6477
120.4424	26.5975
120.5604	26.6342
120.6725	26.6284
120.7844	26.6245
120.8968	26.6593
121.0157	26.6303
121.1270	26.6303
121.2376	26.6380
121.3520	26.6342
121.4673	26.6322
121.5825	26.6458
121.7023	26.6496
121.8231	26.6593
121.9435	26.6284
122.0664	26.6168
122.1903	26.6342
122.3107	26.6477
122.4292	26.6245
122.5438	26.6342
122.6643	26.6380
122.7855	26.6477
122.9089	26.6187
123.0293	26.6303
123.1516	26.6264
123.2736	26.6187
123.3933	26.6361
123.5099	26.6438
123.6317	26.6458
123.7490	26.6226
123.8653	26.6535
123.9862	26.6477
124.1064	26.6593
124.2263	26.6245
124.3460	26.6477
124.4617	26.6380
124.5805	26.6573
124.7001	26.6767
124.8188	26.6689
124.9393	26.6496
125.0593	26.6284
125.1777	26.6496
125.2993	26.6419
125.4198	26.6380
125.5398	26.6767
125.6623	26.6612
125.7806	26.6554
125.9003	26.6419
126.0205	26.6380
126.1404	26.6380
126.2580	26.6361
126.3742	26.6284
126.4886	26.6612
126.6067	26.6477
126.7252	26.6554
126.8445	26.6187
126.9641	26.6168
127.0815	26.6264
127.2002	26.6284
127.3193	26.6380
127.4349	26.6400
127.5523	26.6206
127.6697	26.6303
127.7897	26.6554
127.9074	26.6825
128.0268	26.6516
128.1444	26.6554
128.2601	26.6342
128.3774	26.6709
128.4879	26.6535
128.5996	26.6303
128.7192	26.6805
128.8395	26.6535
128.9587	26.6747
129.0770	26.6380
129.1966	26.6458
129.3161	26.6438
129.4322	26.6322
129.5494	26.6284
129.6691	26.6670
129.7881	26.6593
129.9084	26.6516
130.0294	26.6883
130.1412	26.6554
130.2605	26.6264
130.3773	26.6264
130.4898	26.6303
130.6077	26.6342
130.7258	26.6573
130.8418	26.6380
130.9606	26.6477
131.0805	26.6438
131.2001	26.6477
131.3138	26.6516
131.4301	26.6767
131.5472	26.6438
131.6673	26.6709
131.7853	26.6419
131.9038	26.6206
132.0237	26.6631
132.1426	26.6651
132.2589	26.6400
132.3764	26.6631
132.4914	26.6477
132.6111	26.6516
132.7321	26.6438
132.8500	26.6631
132.9688	26.6380
133.0880	26.6612
133.2063	26.6921
133.3244	26.6322
133.4394	26.6516
133.5566	26.6670
133.6708	26.6612
133.7905	26.6129
133.9059	26.6458
134.0252	26.6303
134.1423	26.6477
134.2600	26.6747
134.3774	26.6322
134.4924	26.6438
134.6099	26.6593
134.7276	26.6458
134.8481	26.6419
134.9687	26.6747
135.0888	26.6573
135.2074	26.6226
135.3238	26.6168
135.4390	26.6438
135.5585	26.6438
135.6780	26.6361
135.7980	26.6631
135.9154	26.6554
136.0348	26.6322
136.1548	26.6535
136.2726	26.6535
136.3899	26.6477
136.5082	26.6438
136.6256	26.6322
136.7429	26.6477
136.8609	26.6284
136.9782	26.6168
137.0967	26.6747
137.2154	26.6709
137.3341	26.6168
137.4502	26.6419
137.5709	26.6786
137.6891	26.6593
137.8089	26.6593
137.9260	26.6380
138.0395	26.6342
138.1585	26.6593
138.2755	26.6593
138.3922	26.6516
138.5021	26.6033
138.6164	26.6651
138.7368	26.6284
138.8556	26.6670
138.9717	26.6535
139.0898	26.6380
139.2072	26.6689
139.3266	26.6380
139.4411	26.6342
139.5578	26.6380
139.6754	26.6689
139.7921	26.6264
139.9112	26.6419
140.0318	26.6689
140.1521	26.6380
140.2720	26.6844
140.3898	26.6612
140.5057	26.6516
140.6245	26.6361
140.7420	26.6110
140.8590	26.6438
140.9784	26.6535
141.0974	26.6825
141.2155	26.6747
141.3325	26.6071
141.4460	26.6689
141.5650	26.6438
141.6821	26.6264
141.7974	26.6380
141.9175	26.6631
142.0350	26.6187
142.1553	26.6728
142.2739	26.6535
142.3891	26.6573
142.5065	26.6767
142.6242	26.6554
142.7426	26.6438
142.8574	26.6419
142.9753	26.6516
143.0948	26.6187
143.2132	26.6651
143.3300	26.6438
143.4437	26.6245
143.5625	26.6168
143.6770	26.6168
143.7970	26.6593
143.9166	26.6033
144.0362	26.6303
144.1565	26.6322
144.2762	26.6825
144.3933	26.6554
144.5071	26.6380
144.6257	26.6477
144.7425	26.6419
144.8609	26.6419
144.9808	26.6689
145.0991	26.6612
145.2185	26.6496
145.3348	26.6477
145.4508	26.6612
145.5712	26.6322
145.6909	26.6825
145.8073	26.6593
145.9251	26.6573
146.0422	26.6438
146.1617	26.6419
146.2811	26.6148
146.4003	26.6863
146.5145	26.6033
146.6330	26.6400
146.7517	26.6419
146.8690	26.6419
146.9830	26.6535
147.1012	26.6689
147.2195	26.6206
147.3365	26.6303
147.4520	26.6245
147.5699	26.6477
147.6894	26.6284
147.8086	26.6458
147.9226	26.6380
148.0418	26.6400
148.1588	26.6400
148.2765	26.6477
148.3960	26.6516
148.5112	26.6342
148.6305	26.6129
148.7484	26.6458
148.8670	26.6419
148.9841	26.6361
149.1021	26.6361
149.2222	26.5955
149.3401	26.6322
149.4540	26.6110
149.5719	26.6342
149.6912	26.6477
149.8120	26.6747
149.9298	26.6477
150.0483	26.6496
150.1667	26.6458
150.2853	26.6419
150.4025	26.6322
150.5176	26.6573
150.6359	26.6747
150.7559	26.6612
150.8745	26.6284
150.9919	26.6419
151.1095	26.6593
151.2271	26.6670
151.3466	26.6187
151.4604	26.6361
151.5774	26.6264
151.6955	26.6516
151.8157	26.6361
151.9341	26.6284
152.0478	26.6458
152.1603	26.6496
152.2768	26.6380
152.3945	26.6264
152.5091	26.6535
152.6273	26.6573
152.7467	26.6284
152.8653	26.6342
152.9817	26.6148
153.0995	26.6380
153.2185	26.6303
153.3360	26.6612
153.4509	26.6148
153.5716	26.6322
153.6908	26.6438
153.8071	26.6419
153.9262	26.6747
154.0436	26.6091
154.1618	26.6187
154.2809	26.6129
154.4015	26.6535
154.5165	26.6573
154.6372	26.6902
154.7582	26.6535
154.8767	26.6322
154.9934	26.6187
155.1102	26.6322
155.2299	26.6342
155.3478	26.6400
155.4634	26.6380
155.5825	26.6129
155.7013	26.6361
155.8199	26.6206
155.9383	26.6554
156.0580	26.6226
156.1751	26.6516
156.2954	26.6844
156.4152	26.6052
156.5312	26.6110
156.6499	26.6477
156.7682	26.6206
156.8877	26.6148
157.0074	26.6496
157.1265	26.6573
157.2453	26.6554
157.3637	26.6593
157.4783	26.6303
157.5971	26.6284
157.7154	26.6554
157.8344	26.6380
157.9517	26.6071
158.0698	26.6535
158.1874	26.6187
158.3060	26.6342
158.4227	26.6400
158.5421	26.6129
158.6647	26.6206
158.7857	26.6612
158.9053	26.6226
159.0204	26.6206
159.1396	26.6805
159.2572	26.6458
159.3748	26.6400
159.4897	26.6342
159.6074	26.6361
159.7273	26.6631
159.8472	26.6013
159.9673	26.6438
160.0869	26.6342
160.2051	26.6052
160.3210	26.6496
160.4351	26.6400
160.5554	26.6689
160.6736	26.6535
160.7921	26.6516
160.9116	26.6322
161.0297	26.6477
161.1494	26.6206
161.2664	26.6458
161.3850	26.6496
161.4985	26.6342
161.6177	26.6883
161.7397	26.6689
161.8568	26.6689
161.9762	26.6535
162.0957	26.6458
162.2160	26.6477
162.3326	26.6477
162.4473	26.6245
162.5665	26.6322
162.6843	26.6226
162.8040	26.6380
162.9236	26.6245
163.0423	26.6651
163.1618	26.6322
163.2808	26.6168
163.3987	26.6941
163.5170	26.6496
163.6328	26.6516
163.7541	26.6206
163.8732	26.6206
163.9924	26.6612
164.1077	26.6670
164.2258	26.6129
164.3465	26.6554
164.4594	26.6670
164.5777	26.6573
164.6962	26.6535
164.8109	26.6380
164.9296	26.6593
165.0493	26.6438
165.1692	26.6322
165.2866	26.6670
165.4038	26.6361
165.5208	26.6631
165.6401	26.6342
165.7596	26.6322
165.8786	26.6651
165.9970	26.6767
166.1150	26.6631
166.2354	26.6728
166.3550	26.6496
166.4681	26.6110
166.5828	26.6148
166.7018	26.6573
166.8207	26.6593
166.9409	26.6245
167.0596	26.6419
167.1817	26.6651
167.3003	26.6631
167.4204	26.6168
167.5397	26.6631
167.6619	26.6496
167.7799	26.6380
167.9000	26.6168
168.0211	26.6284
168.1389	26.6148
168.2579	26.6438
168.3774	26.6477
168.4923	26.6516
168.6055	26.6458
168.7247	26.6593
168.8395	26.6361
168.9597	26.6419
169.0796	26.6419
169.1991	26.6380
169.3182	26.6554
169.4384	26.5975
169.5565	26.6284
169.6764	26.6573
169.7959	26.6245
169.9153	26.6535
170.0352	26.6458
170.1553	26.6709
170.2738	26.6554
170.3925	26.6593
170.5108	26.6322
170.6318	26.6554
170.7522	26.6052
170.8702	26.6264
170.9908	26.6805
171.1075	26.6284
171.2275	26.6361
171.3450	26.6689
171.4593	26.6284
171.5779	26.6670
171.6910	26.6458
171.8078	26.6689
171.9260	26.6728
172.0472	26.6284
172.1684	26.6380
172.2891	26.7037
172.4084	26.6168
172.5276	26.6535
172.6469	26.6419
172.7655	26.6380
172.8874	26.6477
173.0071	26.6573
173.1253	26.6187
173.2459	26.6419
173.3636	26.6438
173.4776	26.6516
173.5964	26.6516
173.7145	26.6245
173.8336	26.6438
173.9527	26.6516
174.0706	26.6477
174.1849	26.6148
174.3061	26.6535
174.4235	26.6516
174.5420	26.6206
174.6645	26.6264
174.7850	26.6516
174.9049	26.6573
175.0240	26.6458
175.1431	26.6438
175.2615	26.6651
175.3815	26.6535
175.5018	26.6419
175.6230	26.6477
175.7411	26.6921
175.8611	26.6361
175.9818	26.6071
176.1018	26.6322
176.2212	26.6573
176.3405	26.6516
176.4563	26.6245
176.5758	26.6168
176.6931	26.6245
176.8148	26.6438
176.9349	26.6516
177.0523	26.6709
177.1701	26.6651
177.2901	26.6361
177.4095	26.6206
177.5301	26.6689
177.6489	26.6361
177.7702	26.6419
177.8904	26.6400
178.0090	26.6284
178.1274	26.6264
178.2465	26.6303
178.3648	26.6593
178.4792	26.6284
178.5971	26.6438
178.7164	26.6148
178.8358	26.6303
178.9547	26.6516
179.0737	26.6496
179.1880	26.6013
179.2975	26.6322
179.4093	26.6689
179.5220	26.6573
179.6338	26.6631
179.7543	26.6071
179.8733	26.6342
179.9889	26.6612
180.1032	26.6187
180.2208	26.6400
180.3380	26.6361
180.4549	26.6535
180.5740	26.6593
180.6858	26.6419
180.7968	26.6438
180.9075	26.6941
181.0226	26.6612
181.1408	26.6380
181.2611	26.6786
181.3800	26.6419
181.4939	26.6689
181.6139	26.6496
181.7284	26.6303
181.8494	26.6245
181.9656	26.6689
182.0868	26.6458
182.2088	26.6593
182.3299	26.6361
182.4447	26.6593
182.5639	26.6651
182.6773	26.6303
182.7972	26.6322
182.9169	26.6303
183.0385	26.6593
183.1572	26.6458
183.2772	26.6593
183.3950	26.6226
183.5082	26.6593
183.6292	26.6516
183.7507	26.6303
183.8712	26.6554
183.9891	26.6187
184.1027	26.6593
184.2175	26.6612
184.3363	26.6593
184.4518	26.6245
184.5709	26.6709
184.6914	26.6728
184.8108	26.6303
184.9328	26.6477
185.0518	26.6767
185.1711	26.6322
185.2921	26.6477
185.4108	26.6786
185.5299	26.6091
185.6485	26.6573
185.7675	26.6187
185.8857	26.6516
186.0040	26.6496
186.1206	26.6496
186.2355	26.6400
186.3538	26.6400
186.4680	26.6612
186.5875	26.6361
186.7035	26.6496
186.8223	26.6670
186.9413	26.6380
187.0597	26.6148
187.1757	26.6322
187.2957	26.6651
187.4162	26.6593
187.5352	26.6535
187.6526	26.6380
187.7724	26.6496
187.8913	26.6689
188.0100	26.6400
188.1294	26.6612
188.2457	26.6651
188.3648	26.6400
188.4803	26.6631
188.6003	26.6593
188.7211	26.6322
188.8398	26.6670
188.9579	26.6573
189.0767	26.6535
189.1963	26.6419
189.3145	26.6670
189.4318	26.6342
189.5498	26.6573
189.6651	26.6805
189.7844	26.6554
189.9047	26.6187
190.0235	26.6651
190.1370	26.6670
190.2556	26.6631
190.3748	26.6612
190.4895	26.6709
190.6057	26.6071
190.7249	26.6148
190.8442	26.6670
190.9651	26.6747
191.0843	26.6593
191.2044	26.6438
191.3223	26.6612
191.4372	26.6554
191.5562	26.6264
191.6751	26.6400
191.7903	26.6303
191.9090	26.6535
192.0269	26.6651
192.1460	26.6593
192.2661	26.6612
192.3857	26.6516
192.5012	26.6245
192.6196	26.6496
192.7374	26.6689
192.8573	26.6863
192.9765	26.6535
193.0965	26.6573
193.2155	26.6438
193.3280	26.6458
193.4416	26.6998
193.5602	26.6458
193.6800	26.6998
193.7987	26.6747
193.9184	26.6458
194.0363	26.6554
194.1525	26.6883
194.2666	26.6631
194.3878	26.7018
194.5058	26.6573
194.6258	26.6458
194.7474	26.6400
194.8684	26.6361
194.9855	26.6516
195.1050	26.6535
195.2231	26.6689
195.3360	26.6284
195.4511	26.6593
195.5698	26.6458
195.6865	26.6612
195.7990	26.6902
195.9085	26.6554
196.0206	26.6380
196.1408	26.6458
196.2609	26.6709
196.3810	26.6805
196.4951	26.6458
196.6146	26.6921
196.7345	26.6728
196.8563	26.6883
196.9768	26.6419
197.0976	26.6284
197.2182	26.6786
197.3355	26.6921
197.4501	26.6631
197.5698	26.6825
197.6907	26.6458
197.8107	26.6477
197.9317	26.6264
198.0504	26.6322
198.1701	26.6535
198.2902	26.6303
198.4096	26.6612
198.5308	26.6264
198.6479	26.6573
198.7687	26.6825
198.8885	26.6670
199.0062	26.6380
199.1212	26.6573
199.2401	26.6303
199.3584	26.6554
199.4723	26.6786
199.5922	26.6631
199.7098	26.6380
199.8305	26.6554
199.9520	26.6612
200.0731	26.6573
200.1918	26.6554
200.3108	26.6496
200.4294	26.6091
200.5481	26.6535
200.6617	26.6709
200.7805	26.6496
200.9005	26.6670
201.0211	26.6496
201.1400	26.6516
201.2581	26.6206
201.3746	26.6593
201.4887	26.6245
201.6083	26.6670
201.7270	26.6941
201.8421	26.6593
201.9608	26.6458
202.0800	26.6593
202.2006	26.6786
202.3196	26.6226
202.4346	26.6573
202.5552	26.6651
202.6754	26.6322
202.7954	26.6805
202.9153	26.6322
203.0344	26.6458
203.1556	26.6805
203.2758	26.6342
203.3951	26.6322
203.5089	26.6303
203.6300	26.6593
203.7508	26.6554
203.8712	26.6573
203.9905	26.6689
204.1085	26.6767
204.2277	26.6516
204.3424	26.6535
204.4573	26.6438
204.5756	26.6419
204.6877	26.6554
204.8089	26.6380
204.9304	26.6612
205.0495	26.6380
205.1690	26.6438
205.2900	26.6902
205.4086	26.6400
205.5294	26.6728
205.6469	26.6458
205.7679	26.6438
205.8865	26.6438
206.0055	26.6883
206.1236	26.6573
206.2416	26.6883
206.3597	26.6322
206.4721	26.6477
206.5909	26.6554
206.7089	26.7153
206.8258	26.6516
206.9454	26.6052
207.0669	26.6573
207.1882	26.6612
207.3064	26.6535
207.4234	26.6728
207.5416	26.6516
207.6639	26.6380
207.7822	26.6670
207.9014	26.6612
208.0206	26.6844
208.1403	26.6477
208.2571	26.6033
208.3737	26.6419
208.4867	26.6496
208.6048	26.6728
208.7228	26.6863
208.8402	26.6206
208.9573	26.6400
209.0750	26.6245
209.1951	26.6593
209.3152	26.6496
209.4296	26.6477
209.5499	26.6670
209.6704	26.6516
209.7896	26.6168
209.9076	26.6496
210.0250	26.6767
210.1445	26.6747
210.2649	26.6322
210.3828	26.6805
210.5005	26.6380
210.6194	26.6631
210.7367	26.6380
210.8552	26.6148
210.9674	26.6438
211.0797	26.6400
211.1932	26.6651
211.3073	26.6303
211.4254	26.6168
211.5457	26.6419
211.6629	26.6342
211.7802	26.6516
211.8928	26.6458
212.0035	26.6747
212.1158	26.6303
212.2275	26.6573
212.3435	26.6148
212.4545	26.6747
212.5653	26.6380
212.6789	26.6709
212.7988	26.6651
212.9207	26.6110
213.0380	26.6284
213.1597	26.6670
213.2812	26.6419
213.4019	26.6264
213.5219	26.6129
213.6416	26.6535
213.7636	26.6631
213.8834	26.6226
214.0043	26.6496
214.1250	26.6322
214.2466	26.6612
214.3614	26.6535
214.4763	26.6361
214.5983	26.6535
214.7193	26.6380
214.8403	26.6303
214.9584	26.6863
215.0793	26.6361
215.2015	26.6728
215.3218	26.6554
215.4400	26.6206
215.5574	26.6245
215.6720	26.6728
215.7897	26.6670
215.9081	26.6709
216.0274	26.6786
216.1470	26.6554
216.2668	26.6245
216.3867	26.6631
216.5015	26.6554
216.6217	26.6709
216.7416	26.6747
216.8622	26.6554
216.9815	26.6786
217.0981	26.6187
217.2184	26.6593
217.3347	26.6593
217.4431	26.6245
217.5519	26.6554
217.6607	26.6554
217.7731	26.6728
217.8920	26.6458
218.0026	26.6709
218.1137	26.6554
218.2244	26.6612
218.3336	26.6438
218.4445	26.6110
218.5575	26.6631
218.6770	26.6535
218.7949	26.6728
218.9090	26.6322
219.0299	26.6206
219.1486	26.6631
219.2684	26.6786
219.3848	26.6689
219.4989	26.6883
219.6181	26.6593
219.7364	26.6535
219.8536	26.6535
219.9756	26.6168
220.0952	26.6245
220.2098	26.6651
220.3276	26.6516
220.4406	26.6573
220.5579	26.6535
220.6723	26.6689
220.7903	26.7037
220.9109	26.6805
221.0316	26.6419
221.1508	26.6361
221.2708	26.6573
221.3908	26.6496
221.5054	26.6612
221.6251	26.6747
221.7454	26.6535
221.8651	26.6747
221.9846	26.6496
222.1070	26.6380
222.2231	26.6670
222.3393	26.6458
222.4535	26.6458
222.5731	26.6496
222.6886	26.6689
222.8089	26.6631
222.9234	26.6612
223.0343	26.6631
223.1470	26.6902
223.2594	26.6651
223.3704	26.6187
223.4835	26.6612
223.6005	26.6747
223.7133	26.6516
223.8299	26.6728
223.9525	26.6400
224.0747	26.7076
224.1920	26.6689
224.3015	26.6825
224.4119	26.6805
224.5230	26.6554
224.6339	26.6612
224.7475	26.6670
224.8630	26.6941
224.9842	26.6728
225.1053	26.6747
225.2248	26.6593
225.3355	26.6477
225.4476	26.6419
225.5603	26.6496
225.6735	26.6593
225.7917	26.6689
225.9040	26.6941
226.0176	26.6728
226.1311	26.6477
226.2459	26.6573
226.3623	26.6496
226.4747	26.6767
226.6073	26.6322
226.7234	26.6747
226.8313	26.6728
226.9409	26.6863
227.0524	26.6458
227.1656	26.6689
227.2777	26.6496
227.3886	26.6960
227.5035	26.6535
227.6215	26.6651
227.7392	26.6670
227.8589	26.6689
227.9812	26.6593
228.1002	26.6767
228.2203	26.6651
228.3381	26.6805
228.4522	26.6689
228.5734	26.6400
228.6939	26.6805
228.8163	26.6651
228.9371	26.6516
229.0574	26.6747
229.1769	26.6322
229.2936	26.6805
229.4156	26.6573
229.5361	26.6303
229.6548	26.6747
229.7731	26.6767
229.8934	26.6573
230.0146	26.6496
230.1359	26.6419
230.2570	26.6496
230.3752	26.6612
230.4901	26.6458
230.6091	26.6206
230.7233	26.6805
230.8379	26.6419
230.9560	26.6921
231.0684	26.6419
231.1787	26.6689
231.2918	26.6554
231.4081	26.6419
231.5236	26.6805
231.6403	26.6612
231.7618	26.6458
231.8709	26.6998
231.9813	26.6458
232.0940	26.6496
232.2134	26.6264
232.3255	26.6883
232.4419	26.6496
232.5620	26.6303
232.6787	26.6767
232.7978	26.6458
232.9159	26.7037
233.0364	26.6689
233.1570	26.6805
233.2752	26.6844
233.3894	26.6477
233.5088	26.6496
233.6316	26.6728
233.7534	26.6438
233.8756	26.6438
233.9955	26.6612
234.1164	26.6921
234.2360	26.6303
234.3545	26.6496
234.4680	26.6612
234.5882	26.6805
234.7072	26.6921
234.8281	26.6825
234.9465	26.6438
235.0671	26.6689
235.1870	26.6689
235.3057	26.6438
235.4231	26.6554
235.5416	26.6458
235.6643	26.6612
235.7853	26.6728
235.9063	26.6226
236.0228	26.6593
236.1415	26.6380
236.2613	26.6825
236.3797	26.6631
236.4933	26.6554
236.6085	26.6458
236.7299	26.6593
236.8486	26.6573
236.9646	26.6554
237.0820	26.6573
237.2008	26.6129
237.3205	26.6535
237.4360	26.6709
237.5559	26.6477
237.6703	26.6728
237.7889	26.6284
237.9079	26.6941
238.0274	26.6631
238.1439	26.6631
238.2624	26.6303
238.3824	26.6322
238.4965	26.6573
238.6129	26.6322
238.7272	26.6322
238.8474	26.6612
238.9673	26.6786
239.0874	26.6631
239.2018	26.6516
239.3208	26.6670
239.4378	26.6573
239.5551	26.6052
239.6726	26.6631
239.7856	26.6516
239.9046	26.6284
240.0229	26.6593
240.1372	26.6573
240.2558	26.6670
240.3730	26.6786
240.4908	26.6438
240.6080	26.6516
240.7247	26.6651
240.8391	26.6535
240.9581	26.6651
241.0764	26.6535
241.1969	26.6303
241.3144	26.6458
241.4342	26.6342
241.5542	26.6535
241.6721	26.6496
241.7896	26.6264
241.9029	26.6689
242.0165	26.6631
242.1294	26.6380
242.2450	26.6670
242.3651	26.6477
242.4788	26.6554
242.5994	26.6438
242.7197	26.6458
242.8375	26.6786
242.9522	26.6767
243.0711	26.6612
243.1910	26.6844
243.3120	26.6187
243.4280	26.6535
243.5490	26.6670
243.6703	26.6554
243.7902	26.6747
243.9063	26.6960
244.0198	26.6303
244.1372	26.6767
244.2556	26.6516
244.3733	26.6496
244.4879	26.6380
244.6049	26.6670
244.7234	26.6786
244.8426	26.6554
244.9601	26.6747
245.0732	26.6535
245.1921	26.6631
245.3103	26.6844
245.4264	26.6612
245.5463	26.6670
245.6659	26.6651
245.7868	26.6458
245.9065	26.6419
246.0255	26.6593
246.1390	26.6052
246.2567	26.6573
246.3734	26.6883
246.4869	26.6496
246.6051	26.6535
246.7191	26.6477
246.8373	26.6612
246.9551	26.6573
247.0668	26.6400
247.1795	26.6458
247.2976	26.6477
247.4174	26.6438
247.5351	26.6670
247.6459	26.6535
247.7605	26.6883
247.8773	26.6400
247.9925	26.6767
248.1047	26.6612
248.2244	26.6438
248.3410	26.6844
248.4534	26.6767
248.5652	26.6303
248.6796	26.6554
248.7922	26.6902
248.9069	26.7056
249.0247	26.6612
249.1385	26.6477
249.2578	26.6535
249.3702	26.6400
249.4858	26.6709
249.5983	26.6573
249.7160	26.6767
249.8274	26.6458
249.9433	26.6496
250.0550	26.6805
250.1694	26.6612
250.2874	26.6747
250.4021	26.6612
250.5225	26.6593
250.6422	26.6303
250.7620	26.6496
250.8783	26.6187
250.9964	26.6380
251.1156	26.6400
251.2351	26.6844
251.3554	26.6554
251.4701	26.6516
251.5898	26.6941
251.7096	26.6689
251.8304	26.6960
251.9446	26.6863
252.0542	26.6438
252.1659	26.6477
252.2856	26.6651
252.4050	26.6670
252.5195	26.6554
252.6397	26.6728
252.7607	26.6631
252.8821	26.6303
252.9981	26.6284
253.1066	26.6786
253.2153	26.6883
253.3242	26.6805
253.4372	26.6380
253.5518	26.6805
253.6602	26.6593
253.7702	26.6767
253.8806	26.6747
253.9895	26.6921
254.0981	26.6767
254.2068	26.6883
254.3180	26.6651
254.4375	26.6689
254.5607	26.6400
254.6763	26.6168
254.8001	26.6786
254.9206	26.6651
255.0375	26.6902
255.1540	26.6535
255.2741	26.6516
255.3924	26.6689
255.5063	26.6516
255.6253	26.6747
255.7406	26.6477
255.8614	26.6496
255.9817	26.6554
256.0980	26.6535
256.2125	26.6438
256.3320	26.6477
256.4458	26.6651
256.5669	26.6573
256.6819	26.6631
256.7937	26.6535
256.9073	26.6747
257.0203	26.6516
257.1384	26.6496
257.2581	26.6535
257.3735	26.6458
257.4874	26.6612
257.6066	26.6825
257.7188	26.6477
257.8338	26.7018
257.9541	26.6747
258.0725	26.6786
258.1860	26.6206
258.3032	26.6612
258.4145	26.6844
258.5235	26.7327
258.6320	26.6747
258.7452	26.6767
258.8602	26.6651
258.9729	26.6535
259.0866	26.6805
259.2059	26.6747
259.3263	26.6883
259.4404	26.6477
259.5542	26.6825
259.6708	26.7056
259.7903	26.6767
259.9096	26.6573
260.0293	26.6535
260.1480	26.6670
260.2681	26.6979
260.3806	26.6631
260.4944	26.6573
260.6089	26.6921
260.7240	26.6786
260.8392	26.6631
260.9609	26.6380
261.0821	26.6245
261.2040	26.6786
261.3239	26.6728
261.4378	26.6419
261.5528	26.6786
261.6732	26.6400
261.7955	26.6786
261.9164	26.6516
262.0351	26.6612
262.1551	26.6728
262.2761	26.6573
262.3963	26.6689
262.5105	26.6670
262.6244	26.6593
262.7454	26.6805
262.8659	26.6593
262.9861	26.6593
263.1059	26.6767
263.2256	26.6786
263.3437	26.6844
263.4571	26.6960
263.5767	26.6979
263.6921	26.6612
263.8129	26.6612
263.9348	26.6941
264.0533	26.6728
264.1683	26.6786
264.2866	26.6535
264.4052	26.6921
264.5188	26.6747
264.6331	26.6670
264.7461	26.6747
264.8670	26.6689
264.9863	26.6651
265.1016	26.6767
265.2174	26.6400
265.3310	26.6419
265.4453	26.6631
265.5630	26.6786
265.6776	26.6747
265.7934	26.6554
265.9128	26.6438
266.0337	26.6941
266.1520	26.6747
266.2636	26.6689
266.3736	26.6767
266.4844	26.6631
266.5952	26.6612
266.7049	26.6689
266.8177	26.6670
266.9339	26.6786
267.0499	26.6593
267.1601	26.6554
267.2694	26.6670
267.3830	26.6767
267.4974	26.6728
267.6199	26.6400
267.7388	26.6883
267.8577	26.6554
267.9686	26.7076
268.0827	26.6612
268.2026	26.7172
268.3195	26.6535
268.4334	26.6960
268.5538	26.7056
268.6727	26.6670
268.7899	26.6960
268.9011	26.6631
269.0155	26.6670
269.1359	26.6844
269.2506	26.6631
269.3700	26.6516
269.4807	26.6670
269.5942	26.6941
269.7093	26.6516
269.8286	26.6921
269.9398	26.6805
270.0538	26.6477
270.1695	26.6747
270.2866	26.6593
270.4035	26.7153
270.5172	26.6651
270.6371	26.6902
270.7535	26.6516
270.8743	26.6902
270.9939	26.6573
271.1063	26.6419
271.2264	26.6651
271.3380	26.6805
271.4524	26.6709
271.5702	26.6554
271.6855	26.6612
271.8078	26.6941
271.9283	26.6883
272.0468	26.6960
272.1625	26.7095
272.2840	26.6651
272.4068	26.6689
272.5248	26.6883
272.6448	26.6825
272.7659	26.7134
272.8841	26.7559
272.9968	26.6921
273.1084	26.6767
273.2185	26.6960
273.3324	26.6883
273.4443	26.7076
273.5573	26.6786
273.6759	26.6477
273.7919	26.6767
273.9106	26.6612
274.0230	26.6883
274.1406	26.6496
274.2533	26.6516
274.3647	26.6516
274.4798	26.7018
274.5977	26.7114
274.7095	26.6960
274.8246	26.6593
274.9453	26.6767
275.0605	26.6728
275.1809	26.6941
275.3004	26.6670
275.4157	26.6979
275.5373	26.6941
275.6567	26.6979
275.7767	26.6960
275.8923	26.6863
276.0123	26.6689
276.1315	26.6863
276.2515	26.6844
276.3662	26.6921
276.4827	26.6805
276.5976	26.6960
276.7182	26.6728
276.8366	26.6651
276.9509	26.6825
277.0634	26.7114
277.1783	26.6747
277.2984	26.6631
277.4186	26.6573
277.5319	26.6612
277.6460	26.6979
277.7644	26.6689
277.8801	26.6573
277.9957	26.6998
278.1142	26.6805
278.2268	26.6883
278.3395	26.6979
278.4520	26.7172
278.5650	26.6998
278.6805	26.6767
278.8023	26.6573
278.9214	26.6883
279.0393	26.6709
279.1597	26.6747
279.2780	26.6844
279.3974	26.6941
279.5106	26.7095
279.6226	26.6786
279.7368	26.6863
279.8493	26.6786
279.9714	26.6689
280.0918	26.6902
280.2113	26.6187
280.3318	26.6612
280.4455	26.6573
280.5631	26.6747
280.6767	26.6747
280.7974	26.6844
280.9169	26.7076
281.0341	26.6941
281.1489	26.6844
281.2633	26.6554
281.3818	26.7269
281.4957	26.7230
281.6133	26.6786
281.7254	26.6535
281.8417	26.6767
281.9621	26.6767
282.0819	26.6709
282.1974	26.6902
282.3172	26.6960
282.4348	26.6960
282.5569	26.6979
282.6776	26.6496
282.7921	26.6670
282.9100	26.6998
283.0273	26.6458
283.1415	26.6747
283.2613	26.6883
283.3803	26.6728
283.4897	26.6844
283.6006	26.6651
283.7097	26.6747
283.8186	26.6709
283.9321	26.6863
284.0487	26.6805
284.1660	26.6651
284.2858	26.6960
284.4002	26.6709
284.5214	26.6477
284.6391	26.6902
284.7539	26.6921
284.8683	26.6767
284.9861	26.6612
285.1013	26.6998
285.2203	26.6477
285.3387	26.6747
285.4530	26.6747
285.5717	26.6689
285.6918	26.6535
285.8129	26.6921
285.9304	26.6902
286.0434	26.6960
286.1640	26.6670
286.2857	26.7153
286.4034	26.6670
286.5189	26.6689
286.6387	26.6883
286.7565	26.6689
286.8744	26.6863
286.9959	26.6883
287.1166	26.6361
287.2304	26.7114
287.3501	26.6805
287.4633	26.6689
287.5778	26.6651
287.6980	26.6786
287.8177	26.6921
287.9328	26.6979
288.0528	26.6573
288.1719	26.6767
288.2891	26.7230
288.4094	26.6477
288.5289	26.6689
288.6428	26.6728
288.7633	26.6651
288.8843	26.6516
289.0018	26.6380
289.1217	26.6554
289.2411	26.6631
289.3593	26.6612
289.4707	26.6593
289.5858	26.6573
289.6997	26.6689
289.8144	26.6477
289.9293	26.6400
290.0434	26.6612
290.1573	26.6535
290.2718	26.6689
290.3899	26.6496
290.5009	26.6458
290.6107	26.6709
290.7201	26.6516
290.8290	26.6651
290.9388	26.6979
291.0498	26.6863
291.1616	26.6535
291.2764	26.6651
291.3947	26.6941
291.5101	26.6767
291.6307	26.6226
291.7487	26.6496
291.8634	26.6728
291.9802	26.6631
292.0899	26.6573
292.2050	26.6631
292.3221	26.6573
292.4387	26.6844
292.5530	26.6380
292.6664	26.6593
292.7787	26.6535
292.8941	26.6786
293.0135	26.7037
293.1290	26.6573
293.2456	26.6458
293.3604	26.6670
293.4753	26.6303
293.5953	26.6554
293.7140	26.6805
293.8250	26.6728
293.9385	26.6168
294.0523	26.6670
294.1719	26.6631
294.2889	26.6419
294.4019	26.6670
294.5152	26.6535
294.6304	26.6670
294.7456	26.6825
294.8660	26.6593
294.9831	26.6651
295.1014	26.6709
295.2218	26.6786
295.3387	26.6419
295.4499	26.6786
295.5615	26.6747
295.6773	26.6516
295.7965	26.6670
295.9175	26.6535
296.0345	26.6941
296.1448	26.6902
296.2548	26.6438
296.3673	26.6689
296.4786	26.6342
296.5928	26.6631
296.7129	26.6883
296.8317	26.6651
296.9523	26.6612
297.0713	26.6458
297.1848	26.6535
297.2998	26.6264
297.4195	26.6805
297.5382	26.6496
297.6509	26.6728
297.7682	26.6651
297.8880	26.6554
298.0051	26.6747
298.1220	26.6033
298.2369	26.6728
298.3541	26.6438
298.4666	26.6361
298.5839	26.6670
298.6983	26.6535
298.8136	26.6786
298.9351	26.6709
299.0567	26.6825
299.1742	26.6728
299.2861	26.6747
299.3961	26.6071
299.5058	26.6458
299.6167	26.6554
299.7260	26.6496
299.8355	26.6651
299.9443	26.6593
