0.0000	27.1292
0.1127	27.1346
0.2252	27.1183
0.3468	27.1105
0.4625	27.1298
0.5776	27.1220
0.7002	27.1286
0.8137	27.1244
0.9278	27.1087
1.0430	27.1238
1.1573	27.1274
1.2702	27.1238
1.3833	27.1413
1.4961	27.1371
1.6099	27.1359
1.7261	27.1141
1.8419	27.1328
1.9568	27.1171
2.0686	27.1183
2.1832	27.1129
2.2991	27.1528
2.4133	27.1461
2.5232	27.1334
2.6357	27.1298
2.7492	27.1232
2.8634	27.1177
2.9807	27.1371
3.0959	27.1226
3.2103	27.1316
3.3313	27.1383
3.4463	27.1365
3.5647	27.1467
3.6800	27.1413
3.8005	27.1359
3.9189	27.1455
4.0391	27.1165
4.1594	27.1165
4.2796	27.1359
4.3963	27.1201
4.5178	27.1214
4.6395	27.1298
4.7615	27.1250
4.8863	27.1365
5.0085	27.1081
5.1291	27.1528
5.2437	27.1407
5.3594	27.1207
5.4831	27.1419
5.6049	27.1286
5.7278	27.1383
5.8520	27.1268
5.9747	27.1268
6.0970	27.1461
6.2185	27.1069
6.3387	27.1244
6.4594	27.1437
6.5797	27.1582
6.6954	27.1316
6.8174	27.1310
6.9331	27.1316
7.0526	27.1352
7.1687	27.1395
7.2877	27.1322
7.4024	27.1365
7.5190	27.1371
7.6407	27.1322
7.7593	27.1201
7.8723	27.1497
7.9871	27.1262
8.1001	27.1365
8.2117	27.1292
8.3221	27.1256
8.4357	27.1304
8.5483	27.1310
8.6590	27.1588
8.7712	27.1304
8.8906	27.1135
9.0057	27.1431
9.1175	27.1340
9.2304	27.1316
9.3439	27.1292
9.4582	27.1443
9.5716	27.1256
9.6857	27.1485
9.8082	27.1389
9.9289	27.1419
10.0475	27.1648
10.1638	27.1220
10.2801	27.1226
10.3910	27.1201
10.5017	27.1232
10.6143	27.1401
10.7554	27.1425
10.9075	27.1262
11.0242	27.1298
11.1428	27.1334
11.2632	27.1081
11.3812	27.1328
11.5016	27.1298
11.6205	27.1298
11.7373	27.1522
11.8526	27.1286
11.9661	27.1153
12.0793	27.1461
12.1919	27.1304
12.3065	27.1201
12.4177	27.1316
12.5311	27.1262
12.6444	27.1467
12.7627	27.1359
12.8871	27.1232
13.0097	27.1334
13.1265	27.1081
13.2498	27.1111
13.3716	27.1195
13.4948	27.1232
13.6174	27.1201
13.7382	27.0936
13.8569	27.1316
13.9693	27.1201
14.0856	27.1141
14.1961	27.1262
14.3122	27.1214
14.4276	27.1328
14.5407	27.1510
14.6546	27.1171
14.7741	27.1268
14.8866	27.1189
15.0040	27.1153
15.1185	27.1135
15.2304	27.1075
15.3465	27.1214
15.4623	27.1268
15.5853	27.1189
15.7058	27.0960
15.8184	27.1195
15.9338	27.1340
16.0560	27.1032
16.1711	27.0978
16.2852	27.1238
16.4000	27.1044
16.5214	27.0972
16.6389	27.1201
16.7517	27.1389
16.8644	27.1310
16.9799	27.1310
17.0996	27.1153
17.2125	27.1141
17.3254	27.1256
17.4409	27.1032
17.5628	27.1111
17.6837	27.1207
17.7992	27.1304
17.9118	27.1032
18.0262	27.1032
18.1402	27.1238
18.2569	27.1069
18.3731	27.1286
18.4834	27.1075
18.6006	27.1304
18.7219	27.1153
18.8413	27.0996
18.9543	27.1189
19.0681	27.0809
19.1835	27.1479
19.3054	27.1056
19.4256	27.1201
19.5432	27.1093
19.6650	27.1207
19.7863	27.1026
19.9072	27.1226
20.0231	27.1087
20.1436	27.1014
20.2644	27.1165
20.3860	27.1044
20.5067	27.1195
20.6230	27.1002
20.7453	27.1183
20.8662	27.0912
20.9851	27.1244
21.1005	27.1081
21.2197	27.1159
21.3402	27.1165
21.4609	27.1050
21.5806	27.1117
21.7006	27.1244
21.8193	27.1232
21.9366	27.1244
22.0502	27.1183
22.1663	27.1123
22.2863	27.1377
22.4067	27.1081
22.5276	27.1177
22.6476	27.1081
22.7676	27.1147
22.8806	27.1038
22.9961	27.0990
23.1155	27.1129
23.2315	27.1153
23.3536	27.1014
23.4672	27.1020
23.5789	27.1129
23.6893	27.1105
23.8000	27.1280
23.9106	27.0996
24.0242	27.1141
24.1388	27.1056
24.2542	27.1099
24.3768	27.1056
24.4938	27.1214
24.6145	27.0912
24.7298	27.1310
24.8494	27.1346
24.9694	27.1050
25.0886	27.1038
25.2066	27.1044
25.3247	27.1340
25.4439	27.1020
25.5603	27.1201
25.6763	27.1195
25.7968	27.1117
25.9123	27.1328
26.0254	27.0863
26.1398	27.1232
26.2554	27.1056
26.3689	27.1292
26.4807	27.1201
26.5939	27.1135
26.7060	27.1304
26.8190	27.1093
26.9335	27.1087
27.0477	27.1238
27.1595	27.1159
27.2743	27.1105
27.3916	27.1159
27.5075	27.1123
27.6237	27.1177
27.7398	27.1274
27.8544	27.1286
27.9697	27.1389
28.0850	27.1189
28.1959	27.1304
28.3092	27.1183
28.4301	27.1485
28.5432	27.1171
28.6602	27.1177
28.7808	27.1443
28.8959	27.1546
29.0121	27.1002
29.1304	27.1147
29.2493	27.0960
29.3672	27.1310
29.4819	27.1407
29.5945	27.1153
29.7085	27.1201
29.8274	27.1123
29.9408	27.1304
30.0641	27.1304
30.1824	27.1389
30.2957	27.1195
30.4154	27.1280
30.5349	27.1383
30.6535	27.1479
30.7687	27.1244
30.8843	27.1377
31.0030	27.1310
31.1143	27.1473
31.2259	27.1407
31.3364	27.1534
31.4494	27.1510
31.5633	27.1316
31.6792	27.1612
31.7988	27.1352
31.9162	27.1419
32.0342	27.1334
32.1452	27.1232
32.2632	27.1606
32.3733	27.1238
32.4835	27.1371
32.5998	27.1346
32.7124	27.1352
32.8259	27.1534
32.9407	27.1497
33.0570	27.1425
33.1742	27.1455
33.2925	27.1383
33.4111	27.1407
33.5323	27.1310
33.6501	27.1365
33.7609	27.1546
33.8710	27.1413
33.9811	27.1473
34.0957	27.1407
34.2156	27.1286
34.3283	27.1455
34.4485	27.1467
34.5641	27.1528
34.6804	27.1214
34.8014	27.1214
34.9191	27.1250
35.0337	27.1352
35.1516	27.1503
35.2712	27.1407
35.3908	27.1117
35.5058	27.1340
35.6226	27.1207
35.7392	27.1467
35.8597	27.1582
35.9782	27.1552
36.0969	27.1461
36.2126	27.1419
36.3278	27.1473
36.4434	27.1050
36.5645	27.1437
36.6836	27.1256
36.8031	27.1262
36.9242	27.1328
37.0427	27.1153
37.1534	27.1322
37.2634	27.1467
37.3753	27.1268
37.4855	27.1334
37.6054	27.1437
37.7897	27.1159
37.9004	27.1328
38.0104	27.1322
38.1243	27.1413
38.2491	27.1171
38.3709	27.1377
38.4929	27.1177
38.6163	27.1510
38.7387	27.1377
38.8593	27.1346
38.9822	27.1352
39.1050	27.1189
39.2290	27.1262
39.3513	27.1371
39.4717	27.1304
39.5859	27.1105
39.7072	27.1334
39.8276	27.1292
39.9468	27.1328
40.0653	27.1359
40.1799	27.1407
40.3091	27.1189
40.4229	27.1371
40.5377	27.1365
40.6587	27.1316
40.7797	27.1322
40.9004	27.1153
41.0209	27.1274
41.1419	27.1395
41.2622	27.1401
41.3836	27.1220
41.5034	27.1389
41.6252	27.1437
41.7452	27.1286
41.8654	27.1413
41.9850	27.1383
42.1013	27.1153
42.2204	27.1419
42.3412	27.1250
42.4604	27.1528
42.5817	27.1473
42.7039	27.1359
42.8239	27.1244
42.9438	27.1292
43.0606	27.1491
43.1803	27.1377
43.3013	27.1286
43.4194	27.1069
43.5365	27.1425
43.6538	27.1359
43.7695	27.1334
43.8835	27.1298
43.9996	27.1443
44.1173	27.1195
44.2336	27.1431
44.3455	27.1383
44.4641	27.1171
44.5831	27.1286
44.7002	27.1298
44.8145	27.1352
44.9345	27.1473
45.0511	27.1075
45.1664	27.1026
45.2822	27.1238
45.3978	27.1413
45.5142	27.1292
45.6341	27.1298
45.7520	27.1443
45.8706	27.1528
45.9896	27.1280
46.1073	27.1310
46.2218	27.1401
46.3347	27.1044
46.4496	27.1189
46.5690	27.1177
46.6879	27.1316
46.8002	27.1123
46.9132	27.1322
47.0273	27.1467
47.1426	27.1346
47.2602	27.1365
47.3800	27.1050
47.5000	27.1310
47.6181	27.1377
47.7368	27.1431
47.8559	27.1232
47.9758	27.1056
48.0959	27.1298
48.2130	27.1220
48.3305	27.1268
48.4501	27.1207
48.5718	27.1322
48.6848	27.1365
48.8035	27.1280
48.9161	27.1238
49.0269	27.1304
49.1744	27.1093
49.3078	27.1340
49.4256	27.1105
49.5392	27.1201
49.6595	27.1189
49.7844	27.1310
49.9042	27.1087
50.0208	27.1352
50.1423	27.1449
50.2633	27.1220
50.3762	27.1292
50.4931	27.1328
50.6104	27.1063
50.7265	27.1328
50.8428	27.1359
50.9626	27.1226
51.0791	27.1189
51.1937	27.1377
51.3062	27.1473
51.4207	27.1328
51.5357	27.1256
51.6488	27.1322
51.7642	27.1123
51.8797	27.1171
51.9939	27.1340
52.1096	27.1159
52.2262	27.1171
52.3422	27.1262
52.4568	27.1232
52.5757	27.1268
52.6926	27.1401
52.8071	27.1056
52.9250	27.1232
53.0445	27.1431
53.1600	27.1268
53.2819	27.1503
53.3971	27.1371
53.5113	27.1274
53.6271	27.1238
53.7416	27.0978
53.8559	27.1171
53.9786	27.1316
54.0978	27.1262
54.2132	27.1214
54.3257	27.1268
54.4417	27.1346
54.5617	27.1262
54.6777	27.1220
54.7998	27.1123
54.9176	27.1135
55.0394	27.1425
55.1628	27.1214
55.2838	27.1431
55.4070	27.1214
55.5267	27.1153
55.6408	27.1280
55.7565	27.1232
55.8735	27.1069
55.9960	27.1431
56.1148	27.1232
56.2296	27.1304
56.3471	27.1262
56.4656	27.1304
56.5765	27.1268
56.6872	27.1280
56.7981	27.1147
56.9099	27.1123
57.0203	27.1002
57.1302	27.1250
57.2398	27.1183
57.3521	27.1014
57.4670	27.1038
57.5931	27.1280
57.7055	27.1177
57.8221	27.1123
57.9353	27.1129
58.0518	27.0875
58.1667	27.1141
58.2774	27.1008
58.3884	27.1032
58.5069	27.1135
58.6255	27.1183
58.7378	27.1069
58.8527	27.1063
58.9696	27.1177
59.0813	27.1244
59.1953	27.1322
59.3114	27.1207
59.4220	27.1250
59.5379	27.0930
59.6532	27.1105
59.7639	27.1395
59.8733	27.0960
59.9846	27.1226
60.0946	27.1123
60.2094	27.1117
60.3288	27.1389
60.4495	27.1220
60.5634	27.1129
60.6777	27.1123
60.7923	27.1008
60.9146	27.1226
61.0320	27.1008
61.1426	27.1123
61.2531	27.1177
61.3636	27.1105
61.4725	27.0978
61.5826	27.0936
61.6918	27.1129
61.8031	27.1038
61.9148	27.1129
62.0254	27.1268
62.1361	27.1298
62.2468	27.1274
62.3560	27.1304
62.4673	27.1220
62.5783	27.1352
62.6886	27.1220
62.7994	27.1328
62.9102	27.1087
63.0208	27.1232
63.1311	27.1195
63.2431	27.1165
63.3544	27.1117
63.4660	27.1069
63.5773	27.1280
63.6919	27.1153
63.8134	27.1256
63.9241	27.1340
64.0350	27.1153
64.1455	27.1008
64.2564	27.1431
64.3669	27.1238
64.4778	27.1352
64.5887	27.1425
64.6998	27.1395
64.8104	27.1274
64.9211	27.1365
65.0318	27.1238
65.1425	27.1244
65.2531	27.1352
65.3641	27.1050
65.4746	27.1473
65.5851	27.1207
65.6941	27.1262
65.8058	27.1401
65.9171	27.1129
66.0283	27.1075
66.1390	27.1334
66.2486	27.1250
66.3584	27.1159
66.4697	27.1286
66.5802	27.1093
66.6923	27.1286
66.8045	27.1171
66.9152	27.1135
67.0261	27.1111
67.1355	27.1135
67.2462	27.1195
67.3572	27.1111
67.4678	27.1383
67.5786	27.1316
67.6879	27.1256
67.7987	27.1123
67.9097	27.1093
68.0205	27.1214
68.1316	27.1111
68.2424	27.1286
68.3523	27.1063
68.4646	27.1099
68.5795	27.1316
68.7014	27.1274
68.8233	27.1069
68.9404	27.1159
69.0633	27.1117
69.1858	27.1183
69.3093	27.1207
69.4323	27.1177
69.5549	27.1250
69.6769	27.1250
69.7905	27.1159
69.9116	27.1334
70.0307	27.1044
70.1418	27.1165
70.2543	27.1316
70.3661	27.1298
70.4771	27.1050
70.5880	27.1250
70.6988	27.1099
70.8094	27.1268
70.9198	27.1310
71.0320	27.1189
71.1518	27.1183
71.2740	27.1135
71.3935	27.1425
71.5104	27.1268
71.6253	27.1171
71.7443	27.1123
71.8622	27.1111
71.9774	27.1238
72.0938	27.1401
72.2130	27.1226
72.3332	27.1407
72.4467	27.1195
72.5592	27.1214
72.6704	27.1135
72.7835	27.1328
72.8984	27.1117
73.0147	27.1274
73.1328	27.1346
73.2523	27.1129
73.3670	27.1177
73.4882	27.1298
73.6046	27.1292
73.7181	27.1141
73.8325	27.1322
73.9507	27.1044
74.0684	27.1226
74.1858	27.1207
74.3059	27.1431
74.4248	27.1250
74.5379	27.1177
74.6511	27.1304
74.7642	27.1087
74.8802	27.1425
75.0003	27.1244
75.1191	27.1207
75.2388	27.1008
75.3597	27.1171
75.4784	27.1207
75.5980	27.1226
75.7172	27.1141
75.8355	27.1286
75.9512	27.1129
76.0708	27.1050
76.1918	27.1044
76.3131	27.1256
76.4342	27.1220
76.5508	27.1383
76.6708	27.1226
76.7917	27.1389
76.9110	27.1238
77.0320	27.1147
77.1496	27.1050
77.2645	27.1244
77.3848	27.1069
77.4992	27.1322
77.6154	27.1147
77.7339	27.1081
77.8525	27.1183
77.9719	27.1177
78.0918	27.1256
78.2125	27.1032
78.3325	27.1105
78.4484	27.1014
78.5696	27.1238
78.6908	27.1207
78.8098	27.1075
78.9292	27.1220
79.0469	27.1063
79.1645	27.1159
79.2837	27.1063
79.4004	27.1020
79.5135	27.1207
79.6291	27.1256
79.7440	27.1274
79.8648	27.1322
79.9850	27.1153
80.1046	27.1099
80.2163	27.1232
80.3289	27.1310
80.4886	27.1262
80.5998	27.1135
80.7099	27.0972
80.8206	27.1437
80.9326	27.1063
81.0590	27.1195
81.1896	27.1226
81.3021	27.1232
81.4182	27.1081
81.5355	27.1304
81.6469	27.1117
81.7609	27.1268
81.8828	27.1256
82.0037	27.1141
82.1243	27.1056
82.2412	27.1147
82.3631	27.1280
82.4837	27.1171
82.6040	27.1371
82.7241	27.1032
82.8397	27.1226
82.9551	27.1063
83.0674	27.0779
83.1817	27.0960
83.3019	27.0942
83.4207	27.0984
83.5345	27.1038
83.6492	27.1268
83.7682	27.1201
83.8836	27.1171
83.9945	27.1117
84.1069	27.1147
84.2241	27.1032
84.3436	27.1159
84.4569	27.1038
84.5710	27.1020
84.6843	27.1014
84.7981	27.1087
84.9130	27.1032
85.0309	27.1111
85.1510	27.1050
85.2693	27.1020
85.3882	27.1014
85.5002	27.1099
85.6101	27.0942
85.7237	27.1298
85.8465	27.1129
85.9636	27.1056
86.0839	27.1286
86.2044	27.1159
86.3152	27.1014
86.4256	27.1056
86.5373	27.1141
86.6534	27.0912
86.7682	27.0990
86.8889	27.0972
87.0082	27.1026
87.1264	27.1135
87.2359	27.1274
87.3479	27.1069
87.4634	27.1274
87.5797	27.1038
87.6948	27.1322
87.8174	27.1147
87.9337	27.1008
88.0512	27.1117
88.1691	27.1304
88.2858	27.1141
88.3954	27.0996
88.5090	27.1226
88.6248	27.1147
88.7373	27.1232
88.8508	27.1105
88.9693	27.1056
89.0814	27.1099
89.1959	27.1183
89.3053	27.1171
89.4188	27.1105
89.5386	27.1189
89.6516	27.1389
89.7651	27.1056
89.8795	27.1111
89.9964	27.1177
90.1098	27.1238
90.2224	27.0978
90.3351	27.0912
90.4519	27.1056
90.5727	27.1032
90.6878	27.1274
90.8071	27.1304
90.9258	27.1111
91.0461	27.0821
91.1605	27.1063
91.2778	27.1250
91.3887	27.1274
91.5019	27.1214
91.6172	27.1189
91.7384	27.1238
91.8602	27.1020
91.9821	27.1117
92.1002	27.1383
92.2146	27.1153
92.3295	27.1002
92.4457	27.1183
92.5673	27.1268
92.6899	27.1081
92.8094	27.1298
92.9239	27.1214
93.0423	27.1044
93.1566	27.1298
93.2756	27.1280
93.3874	27.1159
93.5081	27.1153
93.6236	27.1232
93.7393	27.1075
93.8587	27.1044
93.9743	27.1159
94.0900	27.1032
94.2019	27.1129
94.3199	27.1298
94.4345	27.1105
94.5531	27.1316
94.6667	27.1328
94.7811	27.1346
94.8956	27.1244
95.0171	27.1316
95.1383	27.1207
95.2596	27.1207
95.3809	27.1232
95.4989	27.1334
95.6091	27.1395
95.7251	27.1340
95.8444	27.1274
95.9650	27.1292
96.0828	27.1262
96.1950	27.1292
96.3083	27.1238
96.4250	27.1256
96.5414	27.1328
96.6613	27.1431
96.7808	27.1540
96.8929	27.1516
97.0080	27.1431
97.1304	27.1479
97.2483	27.1485
97.3602	27.1304
97.4742	27.1250
97.5929	27.1443
97.7060	27.1183
97.8193	27.1316
97.9391	27.1232
98.0606	27.1232
98.1779	27.1195
98.2935	27.1377
98.4118	27.1214
98.5228	27.1177
98.6343	27.1322
98.7478	27.1274
98.8640	27.1449
98.9762	27.1220
99.0888	27.1262
99.2023	27.1552
99.3127	27.1195
99.4252	27.1310
99.5449	27.1443
99.6604	27.1099
99.7753	27.1419
99.8907	27.1262
100.0110	27.1425
100.1297	27.1540
100.2508	27.1214
100.3696	27.1334
100.4830	27.1401
100.5985	27.1232
100.7117	27.1419
100.8247	27.1352
100.9419	27.1105
101.0575	27.1449
101.1747	27.1413
101.2893	27.1292
101.4073	27.1407
101.5290	27.1340
101.6478	27.1491
101.7611	27.1389
101.8835	27.0887
102.0037	27.1334
102.1256	27.1437
102.2466	27.1479
102.3677	27.1238
102.4899	27.1528
102.6084	27.1395
102.7304	27.1431
102.8479	27.1244
102.9669	27.1401
103.0802	27.1485
103.1956	27.1298
103.3168	27.1491
103.4348	27.1214
103.5525	27.1183
103.6732	27.1413
103.7896	27.1431
103.9115	27.1274
104.0319	27.1510
104.1514	27.1449
104.2661	27.1256
104.3844	27.1443
104.4960	27.1516
104.6119	27.1365
104.7261	27.1497
104.8405	27.1564
104.9598	27.1316
105.0784	27.1443
105.1908	27.1244
105.3013	27.1268
105.4167	27.1159
105.5321	27.1207
105.6462	27.1540
105.7664	27.1322
105.8819	27.1365
105.9979	27.1467
106.1160	27.1510
106.2275	27.1377
106.3414	27.1340
106.4592	27.1334
106.5756	27.1546
106.6874	27.1401
106.8084	27.1467
106.9483	27.1516
107.0586	27.1389
107.1696	27.1268
107.2799	27.1407
107.3905	27.1413
107.4994	27.1546
107.6091	27.1322
107.7185	27.1473
107.8290	27.1389
107.9396	27.1352
108.0503	27.1171
108.1615	27.1371
108.2745	27.1479
108.3856	27.1328
108.4972	27.1298
108.6100	27.1401
108.7238	27.1479
108.8433	27.1485
108.9608	27.1425
109.0786	27.1310
109.1956	27.1461
109.3132	27.1334
109.4261	27.1703
109.5363	27.1497
109.6460	27.1226
109.7612	27.1207
109.8716	27.1594
109.9820	27.1171
110.0941	27.1540
110.2083	27.1256
110.3224	27.1389
110.4331	27.1522
110.5448	27.1292
110.6570	27.1395
110.7681	27.1244
110.8786	27.1491
110.9912	27.1576
111.1011	27.1214
111.2138	27.1304
111.3274	27.1365
111.4394	27.1491
111.5522	27.1334
111.6666	27.1322
111.7799	27.1497
111.8940	27.1473
112.0049	27.1262
112.1163	27.1395
112.2280	27.1431
112.3383	27.1244
112.4506	27.1383
112.5630	27.1346
112.6744	27.1322
112.7837	27.1346
112.8944	27.1516
113.0048	27.1365
113.1154	27.1455
113.2263	27.1407
113.3386	27.1371
113.4508	27.1419
113.5653	27.1467
113.6782	27.1588
113.7891	27.1111
113.8995	27.1322
114.0116	27.1371
114.1245	27.1304
114.2365	27.1576
114.3491	27.1340
114.4599	27.1401
114.5705	27.1497
114.6797	27.1431
114.7897	27.1564
114.9015	27.1371
115.0111	27.1298
115.1248	27.1510
115.2374	27.1437
115.3478	27.1334
115.4602	27.1443
115.5763	27.1377
115.6870	27.1352
115.7969	27.1395
115.9103	27.1497
116.0205	27.1340
116.1334	27.1371
116.2492	27.1153
116.3613	27.1268
116.4722	27.1437
116.5838	27.1359
116.6943	27.1437
116.8035	27.1189
116.9145	27.1171
117.0255	27.1310
117.1400	27.1461
117.2523	27.1552
117.3621	27.1576
117.4734	27.1395
117.5842	27.1328
117.6967	27.1238
117.8109	27.1443
117.9208	27.1256
118.0321	27.1365
118.1421	27.1280
118.2525	27.1431
118.3617	27.1340
118.4722	27.1352
118.5830	27.1244
118.6937	27.1437
118.8039	27.1286
118.9141	27.1359
119.0248	27.1359
119.1361	27.1147
119.2468	27.1334
119.3573	27.1389
119.4682	27.1401
119.5814	27.1564
119.6989	27.1624
119.8094	27.1232
119.9183	27.1286
120.0288	27.1431
120.1402	27.1461
120.2518	27.1588
120.3609	27.1365
120.4718	27.1413
120.5813	27.1401
120.6971	27.1298
120.8121	27.1262
120.9221	27.1534
121.0346	27.1334
121.1496	27.1407
121.2815	27.1437
121.4040	27.1491
121.5271	27.1473
121.6487	27.1485
121.7696	27.1431
121.8871	27.1473
122.0109	27.1661
122.1335	27.1413
122.2559	27.1449
122.3754	27.1401
122.4916	27.1491
122.6139	27.1177
122.7342	27.1449
122.8548	27.1431
122.9766	27.1564
123.0986	27.1546
123.2194	27.1534
123.3343	27.1485
123.4492	27.1389
123.5632	27.1443
123.6770	27.1352
123.7911	27.1383
123.9055	27.1419
124.0221	27.1268
124.1417	27.1473
124.2599	27.1648
124.3733	27.1328
124.4876	27.1503
124.6039	27.1383
124.7161	27.1449
124.8317	27.1413
124.9522	27.1473
125.0720	27.1425
125.1906	27.1334
125.3093	27.1425
125.4299	27.1359
125.5488	27.1286
125.6670	27.1244
125.7868	27.1522
125.9050	27.1516
126.0229	27.1334
126.1419	27.1395
126.2618	27.1528
126.3823	27.1552
126.5017	27.1516
126.6222	27.1461
126.7431	27.1413
126.8632	27.1401
126.9812	27.1220
127.0949	27.1038
127.2138	27.1328
127.3319	27.1298
127.4517	27.1546
127.5687	27.1135
127.6882	27.1661
127.7992	27.1383
127.9096	27.1141
128.0192	27.1449
128.1297	27.1207
128.2428	27.1280
128.3619	27.1268
128.4748	27.1431
128.5917	27.1516
128.7068	27.1455
128.8237	27.1407
128.9416	27.1522
129.0617	27.1352
129.1818	27.1449
129.3000	27.1564
129.4191	27.1576
129.5393	27.1455
129.6605	27.1389
129.7812	27.1371
129.8986	27.1274
130.0118	27.1558
130.1263	27.1310
130.2467	27.1310
130.3672	27.1455
130.4881	27.1485
130.6091	27.1328
130.7297	27.1630
130.8510	27.1352
130.9719	27.1419
131.0928	27.1359
131.2131	27.1540
131.3313	27.1383
131.4451	27.1528
131.5539	27.1280
131.6643	27.1328
131.7782	27.1413
131.8908	27.1497
132.0045	27.1334
132.1171	27.1238
132.2308	27.1425
132.3488	27.1479
132.4597	27.1413
132.5756	27.1473
132.6925	27.1280
132.8103	27.1648
132.9217	27.1395
133.0364	27.1352
133.1536	27.1467
133.2741	27.1431
133.3835	27.1371
133.4947	27.1528
133.6056	27.1443
133.7191	27.1703
133.8387	27.1594
133.9572	27.1322
134.0726	27.1346
134.1941	27.1467
134.3131	27.1310
134.4298	27.1401
134.5507	27.1220
134.6727	27.1340
134.7959	27.1407
134.9171	27.1359
135.0354	27.1280
135.1478	27.1304
135.2581	27.1177
135.3711	27.1220
135.4803	27.1322
135.5918	27.1274
135.7055	27.1467
135.8257	27.1310
135.9474	27.1352
136.0607	27.1371
136.1716	27.1516
136.2867	27.1304
136.4061	27.1443
136.5167	27.1491
136.6276	27.1576
136.7378	27.1274
136.8488	27.1745
136.9583	27.1473
137.0705	27.1570
137.1807	27.1552
137.2925	27.1407
137.4028	27.1552
137.5144	27.1570
137.6280	27.1606
137.7382	27.1721
137.8498	27.1540
137.9663	27.1316
138.0782	27.1419
138.1875	27.1576
138.2963	27.1407
138.4097	27.1310
138.5225	27.1310
138.6332	27.1352
138.7446	27.1558
138.8587	27.1425
138.9796	27.1497
139.0991	27.1431
139.2117	27.1510
139.3248	27.1431
139.4457	27.1310
139.5638	27.1377
139.6794	27.1419
139.8019	27.1274
139.9184	27.1540
140.0416	27.1437
140.1642	27.1135
140.2859	27.1328
140.4072	27.1177
140.5295	27.1334
140.6506	27.1365
140.7716	27.1322
140.8931	27.1534
141.0109	27.1334
141.1292	27.1437
141.2468	27.1340
141.3625	27.1395
141.4787	27.1419
141.5967	27.1159
141.7156	27.1455
141.8293	27.1473
141.9411	27.1328
142.0573	27.1503
142.1744	27.1232
142.2901	27.1207
142.4052	27.1268
142.5261	27.1534
142.6429	27.1359
142.7616	27.1262
142.8752	27.1322
142.9913	27.1117
143.1077	27.1534
143.2265	27.1395
143.3415	27.1340
143.4612	27.1528
143.5805	27.1485
143.6944	27.1401
143.8147	27.1383
143.9349	27.1365
144.0553	27.1419
144.1673	27.1491
144.2839	27.1479
144.3956	27.1546
144.5059	27.1401
144.6187	27.1419
144.7298	27.1316
144.8407	27.1352
144.9532	27.1280
145.0656	27.1455
145.1759	27.1189
145.2876	27.1516
145.3993	27.1455
145.5107	27.1437
145.6263	27.1679
145.7371	27.1443
145.8481	27.1413
145.9625	27.1455
146.0768	27.1413
146.1896	27.1455
146.3054	27.1371
146.4268	27.1401
146.5402	27.1479
146.6510	27.1310
146.7617	27.1352
146.8735	27.1214
146.9839	27.1510
147.0952	27.1032
147.2059	27.1383
147.3171	27.1528
147.4284	27.1479
147.5385	27.1401
147.6488	27.1588
147.7589	27.1292
147.8686	27.1141
147.9783	27.1383
148.0923	27.1377
148.2044	27.1346
148.3164	27.1365
148.4275	27.1431
148.5383	27.1316
148.6502	27.1304
148.7618	27.1365
148.8740	27.1316
148.9857	27.1262
149.0971	27.1377
149.2132	27.1377
149.3308	27.1298
149.4471	27.1431
149.5578	27.1359
149.6711	27.1147
149.7919	27.1365
149.9072	27.1443
150.0196	27.1401
150.1311	27.1117
150.2423	27.1250
150.3553	27.1473
150.4780	27.1316
150.5978	27.1401
150.7135	27.1328
150.8261	27.1328
150.9418	27.1220
151.0635	27.1322
151.1852	27.1304
151.3048	27.1322
151.4269	27.1377
151.5500	27.1437
151.6726	27.1377
151.7959	27.1117
151.9181	27.1443
152.0405	27.1238
152.1639	27.1238
152.2862	27.1606
152.4091	27.1147
152.5297	27.1256
152.6448	27.1425
152.7656	27.1564
152.8814	27.1346
152.9991	27.1171
153.1117	27.1201
153.2235	27.1153
153.3355	27.1304
153.4469	27.1201
153.5579	27.1352
153.6684	27.1389
153.7794	27.1201
153.8901	27.1522
154.0004	27.1359
154.1119	27.1395
154.2225	27.1256
154.3332	27.1123
154.4439	27.1111
154.5547	27.1413
154.6648	27.1346
154.7755	27.1383
154.8851	27.1310
154.9935	27.1177
155.1039	27.1201
155.2129	27.1280
155.3230	27.1250
155.4343	27.1280
155.5452	27.1503
155.6540	27.1250
155.7637	27.1316
155.8745	27.1395
155.9842	27.1286
156.0949	27.1171
156.2049	27.1389
156.3158	27.1123
156.4265	27.1377
156.5370	27.1117
156.6473	27.1292
156.7584	27.1346
156.8687	27.1377
156.9795	27.1256
157.0895	27.1383
157.1992	27.1346
157.3106	27.1207
157.4207	27.1286
157.5314	27.1328
157.6427	27.1334
157.7529	27.1226
157.8635	27.1395
157.9747	27.1244
158.0856	27.1111
158.1963	27.1334
158.3068	27.1056
158.4176	27.1365
158.5283	27.1111
158.6375	27.1346
158.7482	27.1377
158.8589	27.1111
158.9696	27.1171
159.0800	27.1298
159.1893	27.1340
159.3008	27.1407
159.4115	27.1322
159.5214	27.1093
159.6324	27.1177
159.7436	27.1371
159.8542	27.1256
159.9650	27.1232
160.0758	27.1377
160.1847	27.1183
160.3004	27.1389
160.4208	27.1292
160.5315	27.1552
160.6442	27.1280
160.7598	27.1141
160.8787	27.1419
160.9925	27.1292
161.1056	27.1268
161.2206	27.1371
161.3368	27.1153
161.4582	27.1274
161.5751	27.1250
161.6903	27.1262
161.8083	27.1534
161.9283	27.1377
162.0494	27.1189
162.1721	27.1377
162.2905	27.1147
162.4115	27.1479
162.5303	27.1365
162.6423	27.1485
162.7524	27.1371
162.8636	27.1340
162.9743	27.1365
163.0851	27.1340
163.1959	27.1334
163.3069	27.1280
163.4190	27.1479
163.5334	27.1491
163.6479	27.1298
163.7635	27.1401
163.8787	27.1346
163.9982	27.1250
164.1069	27.1485
164.2180	27.1401
164.3315	27.1383
164.4489	27.1497
164.5672	27.1479
164.6823	27.1600
164.7999	27.1395
164.9167	27.1214
165.0337	27.1195
165.1475	27.1425
165.2687	27.1383
165.3901	27.1292
165.5065	27.1256
165.6239	27.1268
165.7426	27.1576
165.8588	27.1256
165.9741	27.1431
166.0887	27.1304
166.2055	27.1365
166.3226	27.1377
166.4424	27.1286
166.5597	27.1316
166.6794	27.1377
166.7993	27.1377
166.9177	27.1383
167.0345	27.1383
167.1504	27.1244
167.2701	27.1286
167.3886	27.1304
167.5002	27.1431
167.6099	27.1352
167.7218	27.1371
167.8338	27.1425
167.9465	27.1195
168.0599	27.1413
168.1814	27.1401
168.3006	27.1256
168.4151	27.1238
168.5350	27.1069
168.6501	27.1286
168.7703	27.1449
168.8905	27.1292
169.0093	27.1153
169.1228	27.1232
169.2381	27.1401
169.3593	27.1238
169.4805	27.1286
169.5964	27.1268
169.7104	27.1352
169.8263	27.1238
169.9434	27.1292
170.0643	27.1262
170.1798	27.1371
170.2942	27.1455
170.4106	27.1207
170.5268	27.1449
170.6471	27.1298
170.7634	27.1346
170.8818	27.1371
170.9965	27.1340
171.1124	27.1298
171.2309	27.1334
171.3513	27.1232
171.4697	27.1365
171.5842	27.1419
171.6973	27.1274
171.8108	27.1177
171.9268	27.1371
172.0462	27.1377
172.1633	27.1328
172.2782	27.1304
172.3927	27.1147
172.5122	27.1093
172.6292	27.1250
172.7451	27.1648
172.8614	27.1328
172.9759	27.1189
173.0901	27.1383
173.2040	27.1407
173.3237	27.1268
173.4420	27.1232
173.5552	27.1165
173.6726	27.1238
173.7862	27.1449
173.8973	27.1262
174.0086	27.1280
174.1253	27.1183
174.2435	27.1256
174.3613	27.1328
174.4761	27.1383
174.5947	27.1395
174.7090	27.1201
174.8276	27.1207
174.9460	27.1189
175.0569	27.1268
175.1722	27.1304
175.2938	27.1147
175.4124	27.1244
175.5264	27.1340
175.6424	27.1322
175.7576	27.1461
175.8745	27.0996
175.9883	27.1365
176.1034	27.1280
176.2188	27.1352
176.3333	27.1292
176.4494	27.1365
176.5692	27.1304
176.6866	27.1365
176.7988	27.1111
176.9103	27.1268
177.0254	27.1352
177.1466	27.1232
177.2664	27.1044
177.3793	27.1359
177.4954	27.1322
177.6144	27.1298
177.7293	27.1455
177.8452	27.1407
177.9624	27.1141
178.0828	27.1286
178.2036	27.1377
178.3253	27.1371
178.4381	27.1310
178.5575	27.1207
178.6773	27.1322
178.7902	27.1383
178.9016	27.1310
179.0138	27.1220
179.1273	27.1310
179.2390	27.1310
179.3503	27.1256
179.4642	27.1111
179.5841	27.1183
179.6985	27.1147
179.8154	27.1075
179.9328	27.1262
180.0503	27.1250
180.1691	27.1280
180.2919	27.1431
180.4102	27.1298
180.5256	27.1377
180.6386	27.1274
180.7543	27.1467
180.8697	27.1220
180.9866	27.1250
181.1044	27.1346
181.2213	27.1093
181.3338	27.1292
181.4450	27.1232
181.5584	27.1286
181.6709	27.1262
181.7839	27.1159
181.8983	27.1105
182.0190	27.1238
182.1370	27.1377
182.2525	27.1310
182.3734	27.1256
182.4951	27.1558
182.6125	27.1105
182.7304	27.1280
182.8510	27.1461
182.9650	27.1328
183.0866	27.1395
183.1991	27.1413
183.3153	27.1171
183.4301	27.1256
183.5476	27.1352
183.6639	27.1014
183.7811	27.1268
183.8987	27.1582
184.0099	27.1383
184.1207	27.1226
184.2384	27.1510
184.3586	27.1262
184.4774	27.1280
184.5935	27.1340
184.7080	27.1377
184.8292	27.1286
184.9474	27.1437
185.0575	27.1340
185.1703	27.1371
185.2868	27.1395
185.4047	27.1304
185.5140	27.1220
185.6283	27.1365
185.7412	27.1407
185.8540	27.1413
185.9769	27.1528
186.1007	27.1413
186.2173	27.1377
186.3336	27.1413
186.4533	27.1232
186.5686	27.1232
186.6867	27.1201
186.8048	27.1449
186.9193	27.1383
187.0405	27.1316
187.1577	27.1383
187.2694	27.1449
187.3803	27.1286
187.4912	27.1286
187.6019	27.1522
187.7126	27.1407
187.8230	27.1534
187.9321	27.1232
188.0426	27.1147
188.1535	27.1262
188.2647	27.1195
188.3744	27.1292
188.4847	27.1177
188.5953	27.1280
188.7044	27.1304
188.8132	27.1340
188.9233	27.1346
189.0336	27.1232
189.1451	27.1528
189.2538	27.1226
189.3636	27.1304
189.4733	27.1389
189.5840	27.1274
189.6951	27.1352
189.8073	27.1286
189.9207	27.1207
190.0353	27.1443
190.1488	27.1346
190.2631	27.1425
190.3810	27.1377
190.5039	27.1298
190.6230	27.1485
190.7375	27.1359
190.8568	27.1250
190.9714	27.1528
191.0899	27.1359
191.2128	27.1473
191.3297	27.1419
191.4389	27.1352
191.5494	27.1232
191.6631	27.1274
191.7838	27.1359
191.9026	27.1455
192.0198	27.1371
192.1420	27.1522
192.2587	27.1497
192.3782	27.1377
192.4971	27.1262
192.6072	27.1304
192.7206	27.1346
192.8349	27.1534
192.9479	27.1558
193.0625	27.1461
193.1851	27.1328
193.3061	27.1624
193.4287	27.1334
193.5520	27.1365
193.6755	27.1485
193.7947	27.1401
193.9101	27.1461
194.0306	27.1195
194.1479	27.1437
194.2625	27.1479
194.3829	27.1322
194.5002	27.1407
194.6114	27.1383
194.7219	27.1503
194.8308	27.1129
194.9406	27.1310
195.0508	27.1522
195.1616	27.1383
195.2721	27.1546
195.3829	27.1606
195.4936	27.1238
195.6049	27.1528
195.7137	27.1473
195.8240	27.1461
195.9345	27.1401
196.0448	27.1612
196.1555	27.1256
196.2666	27.1449
196.3819	27.1576
196.4924	27.1467
196.6034	27.1467
196.7139	27.1516
196.8248	27.1588
196.9347	27.1485
197.0466	27.1528
197.1614	27.1431
197.2780	27.1600
197.3933	27.1226
197.5077	27.1540
197.6234	27.1479
197.7445	27.1437
197.8658	27.1624
197.9878	27.1461
198.1040	27.1685
198.2269	27.1377
198.3492	27.1673
198.4724	27.1558
198.5916	27.1389
198.7087	27.1558
198.8296	27.1624
198.9507	27.1352
199.0741	27.1371
199.1935	27.1407
199.3073	27.1679
199.4191	27.1165
199.5292	27.1528
199.6430	27.1201
199.7619	27.1534
199.8750	27.1389
199.9907	27.1528
200.1077	27.1576
200.2266	27.1419
200.3422	27.1461
200.4619	27.1437
200.5832	27.1455
200.6993	27.1449
200.8144	27.1648
200.9289	27.1371
201.0421	27.1262
201.1532	27.1497
201.2629	27.1582
201.3741	27.1564
201.4874	27.1449
201.6084	27.1510
201.7247	27.1437
201.8416	27.1661
201.9567	27.1546
202.0727	27.1612
202.1930	27.1455
202.3136	27.1491
202.4286	27.1775
202.5449	27.1558
202.6657	27.1564
202.7856	27.1479
202.9067	27.1443
203.0278	27.1691
203.1457	27.1576
203.2665	27.1745
203.3890	27.1552
203.5070	27.1371
203.6219	27.1630
203.7398	27.1661
203.8571	27.1636
203.9778	27.1648
204.0929	27.1570
204.2102	27.1661
204.3301	27.1697
204.4492	27.1685
204.5652	27.1636
204.6865	27.1733
204.8049	27.1540
204.9216	27.1576
205.0384	27.1667
205.1543	27.1648
205.2732	27.1673
205.3900	27.1697
205.5066	27.1606
205.6221	27.1679
205.7340	27.1485
205.8486	27.1606
205.9693	27.1443
206.0888	27.1685
206.2091	27.1745
206.3280	27.1455
206.4489	27.1534
206.5697	27.1763
206.6895	27.1588
206.8095	27.1654
206.9287	27.1618
207.0497	27.1636
207.1707	27.1733
207.2927	27.1709
207.4128	27.1739
207.5285	27.1661
207.6498	27.1691
207.7709	27.1479
207.8865	27.1818
208.0054	27.1618
208.1238	27.1377
208.2435	27.1540
208.3647	27.1709
208.4828	27.1413
208.6027	27.1618
208.7219	27.1582
208.8355	27.1546
208.9558	27.1630
209.0756	27.1588
209.1964	27.1715
209.3155	27.1818
209.4351	27.1685
209.5549	27.1630
209.6749	27.1745
209.7935	27.1691
209.9119	27.1612
210.0305	27.1612
210.1538	27.1697
210.2647	27.1479
210.3813	27.1576
210.4996	27.1588
210.6171	27.1884
210.7378	27.1673
210.8591	27.1709
210.9789	27.1679
211.0981	27.1485
211.2137	27.1739
211.3339	27.1588
211.4540	27.1528
211.5744	27.1691
211.6929	27.1667
211.8085	27.1491
211.9266	27.1449
212.0465	27.1606
212.1658	27.1570
212.2843	27.1576
212.4013	27.1642
212.5227	27.1757
212.6437	27.1594
212.7629	27.1648
212.8767	27.1624
212.9925	27.1769
213.1123	27.1582
213.2310	27.1721
213.3500	27.1612
213.4695	27.1648
213.5885	27.1763
213.7083	27.1697
213.8291	27.1733
213.9482	27.1546
214.0639	27.1540
214.1823	27.1570
214.3005	27.1528
214.4212	27.1757
214.5393	27.1781
214.6592	27.1745
214.7785	27.1624
214.8981	27.1431
215.0164	27.1570
215.1348	27.1570
215.2549	27.1763
215.3726	27.1769
215.4925	27.1630
215.6115	27.1630
215.7305	27.1824
215.8496	27.1963
215.9686	27.1848
216.0893	27.1890
216.2095	27.1552
216.3291	27.1588
216.4489	27.1558
216.5655	27.1576
216.6826	27.1528
216.8016	27.1679
216.9219	27.1721
217.0401	27.1648
217.1544	27.1751
217.2744	27.1600
217.3950	27.1691
217.5168	27.1661
217.6312	27.1516
217.7409	27.1636
217.8512	27.1497
217.9618	27.1594
218.0731	27.1600
218.1835	27.1365
218.2942	27.1546
218.4055	27.1395
218.5161	27.1636
218.6269	27.1685
218.7383	27.1642
218.8502	27.1280
218.9607	27.1576
219.0750	27.1648
219.1879	27.1648
219.2994	27.1691
219.4151	27.1594
219.5263	27.1739
219.6375	27.1667
219.7466	27.1691
219.8580	27.1812
219.9719	27.1576
220.0836	27.1727
220.1944	27.1588
220.3088	27.1636
220.4219	27.1727
220.5354	27.1739
220.6461	27.1510
220.7582	27.1612
220.8708	27.1594
220.9809	27.1624
221.0916	27.1745
221.2045	27.1763
221.3200	27.1648
221.4418	27.1322
221.5627	27.1612
221.6757	27.1600
221.7862	27.1727
221.8949	27.1691
222.0060	27.1745
222.1192	27.1425
222.2338	27.1618
222.3511	27.1703
222.4744	27.1467
222.5971	27.1751
222.7171	27.1836
222.8299	27.1473
222.9425	27.1534
223.0601	27.1624
223.1759	27.1733
223.2864	27.1503
223.4007	27.1606
223.5142	27.1522
223.6292	27.1491
223.7482	27.1697
223.8613	27.1703
223.9738	27.1679
224.0941	27.1685
224.2152	27.1763
224.3354	27.1612
224.4519	27.1546
224.5755	27.1473
224.6986	27.1522
224.8205	27.1564
224.9395	27.1697
225.0562	27.1588
225.1794	27.1775
225.2978	27.1793
225.4100	27.1715
225.5251	27.1534
225.6395	27.1570
225.7594	27.1365
225.8797	27.1630
225.9936	27.1443
226.1142	27.1685
226.2300	27.1570
226.3425	27.1648
226.4557	27.1546
226.5716	27.1522
226.6822	27.1479
226.7924	27.1479
226.9031	27.1721
227.0134	27.1836
227.1239	27.1491
227.2358	27.1516
227.3523	27.1546
227.4658	27.1636
227.5784	27.1461
227.6907	27.1600
227.8107	27.1703
227.9268	27.1667
228.0386	27.1673
228.1548	27.1636
228.2654	27.1812
228.3785	27.1654
228.4954	27.1546
228.6066	27.1582
228.7181	27.1570
228.8349	27.1679
228.9581	27.1703
229.0807	27.1890
229.1960	27.1793
229.3100	27.1691
229.4326	27.1600
229.5534	27.1697
229.6731	27.1673
229.7889	27.1751
229.9041	27.1842
230.0187	27.1654
230.1335	27.1661
230.2483	27.1576
230.3662	27.1703
230.4816	27.1473
230.5999	27.1703
230.7148	27.1576
230.8342	27.1697
230.9545	27.1787
231.0725	27.1588
231.1933	27.1860
231.3103	27.1534
231.4265	27.1667
231.5372	27.1516
231.6480	27.1818
231.7576	27.1630
231.8685	27.1709
231.9796	27.1679
232.0902	27.1866
232.2011	27.1679
232.3116	27.1775
232.4223	27.1806
232.5330	27.1721
232.6438	27.1769
232.7538	27.1528
232.8622	27.1570
232.9749	27.1606
233.0996	27.1510
233.2131	27.1884
233.3281	27.1830
233.4463	27.1606
233.5613	27.1667
233.6813	27.1588
233.7951	27.1679
233.9095	27.1691
234.0266	27.1721
234.1479	27.1751
234.2652	27.1594
234.3755	27.1636
234.4881	27.1836
234.6043	27.1467
234.7272	27.1751
234.8498	27.1636
234.9708	27.1600
235.0874	27.1443
235.1993	27.1799
235.3159	27.1836
235.4309	27.1642
235.5480	27.1648
235.6643	27.1340
235.7771	27.1431
235.8899	27.1751
236.0101	27.1570
236.1286	27.1733
236.2394	27.1667
236.3539	27.1419
236.4724	27.1824
236.5891	27.1467
236.7018	27.1642
236.8202	27.1745
236.9414	27.1522
237.0618	27.1691
237.1822	27.1685
237.2997	27.1636
237.4225	27.1642
237.5432	27.1648
237.6651	27.1534
237.7854	27.1618
237.9003	27.1606
238.0167	27.1648
238.1378	27.1703
238.2592	27.1654
238.3798	27.1781
238.4956	27.1697
238.6149	27.1739
238.7347	27.1642
238.8568	27.1757
238.9781	27.1600
239.0973	27.1522
239.2170	27.1691
239.3327	27.1691
239.4541	27.1606
239.5735	27.1546
239.6880	27.1485
239.8102	27.1733
239.9320	27.1812
240.0536	27.1661
240.1732	27.1510
240.2893	27.1431
240.4092	27.1739
240.5263	27.1636
240.6477	27.1516
240.7654	27.1709
240.8803	27.1709
240.9994	27.1479
241.1213	27.1727
241.2430	27.1769
241.3621	27.1528
241.4800	27.1775
241.6001	27.1528
241.7214	27.1775
241.8424	27.1733
241.9607	27.1582
242.0781	27.1691
242.1992	27.1878
242.3184	27.1606
242.4393	27.1600
242.5593	27.1642
242.6794	27.1654
242.7981	27.1528
242.9177	27.1564
243.0334	27.1564
243.1543	27.1594
243.2719	27.1576
243.3923	27.1757
243.5131	27.1582
243.6334	27.1848
243.7523	27.1630
243.8668	27.1624
243.9869	27.1697
244.1074	27.1721
244.2279	27.1564
244.3471	27.1558
244.4660	27.1558
244.5861	27.1552
244.7063	27.1618
244.8261	27.1582
244.9453	27.1497
245.0646	27.1491
245.1838	27.1564
245.3019	27.1624
245.4197	27.1570
245.5339	27.1600
245.6518	27.1582
245.7707	27.1673
245.8901	27.1449
246.0109	27.1751
246.1303	27.1377
246.2473	27.1552
246.3620	27.1316
246.4815	27.1679
246.6016	27.1806
246.7200	27.1703
246.8390	27.1624
246.9567	27.1437
247.0772	27.1630
247.1971	27.1576
247.3163	27.1528
247.4347	27.1407
247.5489	27.1552
247.6685	27.1395
247.7894	27.1661
247.9087	27.1522
248.0225	27.1407
248.1400	27.1661
248.2606	27.1552
248.3800	27.1371
248.4997	27.1564
248.6193	27.1534
248.7391	27.1461
248.8588	27.1449
248.9782	27.1558
249.0991	27.1600
249.2175	27.1630
249.3366	27.1479
249.4568	27.1787
249.5780	27.1739
249.6965	27.1491
249.8159	27.1443
249.9325	27.1449
250.0470	27.1334
250.1661	27.1552
250.2861	27.1503
250.4063	27.1431
250.5268	27.1564
250.6476	27.1558
250.7651	27.1806
250.8847	27.1395
251.0043	27.1588
251.1212	27.1594
251.2344	27.1528
251.3557	27.1449
251.4771	27.1455
251.5976	27.1540
251.7184	27.1667
251.8377	27.1540
251.9579	27.1739
252.0782	27.1661
252.1990	27.1552
252.3171	27.1437
252.4322	27.1340
252.5508	27.1673
252.6717	27.1467
252.7887	27.1413
252.9046	27.1479
253.0205	27.1661
253.1405	27.1510
253.2602	27.1522
253.3812	27.1661
253.4994	27.1594
253.6151	27.1449
253.7328	27.1365
253.8523	27.1310
253.9731	27.1745
254.0884	27.1485
254.2064	27.1298
254.3262	27.1673
254.4465	27.1624
254.5651	27.1667
254.6853	27.1564
254.8024	27.1256
254.9222	27.1503
255.0410	27.1485
255.1603	27.1147
255.2764	27.1534
255.3955	27.1455
255.5125	27.1673
255.6283	27.1528
255.7483	27.1624
255.8676	27.1636
255.9840	27.1534
256.1041	27.1648
256.2228	27.1552
256.3429	27.1630
256.4624	27.1715
256.5816	27.1618
256.7013	27.1558
256.8206	27.1812
256.9408	27.1346
257.0598	27.1636
257.1786	27.1691
257.2961	27.1479
257.4161	27.1757
257.5382	27.1467
257.6593	27.1606
257.7777	27.1721
257.8955	27.1540
258.0142	27.1667
258.1303	27.1419
258.2496	27.1558
258.3682	27.1600
258.4861	27.1516
258.6055	27.1667
258.7258	27.1558
258.8457	27.1654
258.9650	27.1673
259.0801	27.1564
259.1990	27.1624
259.3195	27.1648
259.4404	27.1775
259.5596	27.1673
259.6741	27.1552
259.7936	27.1588
259.9128	27.1612
260.0334	27.1449
260.1536	27.1636
260.2725	27.1467
260.3928	27.1630
260.5135	27.1226
260.6313	27.1600
260.7499	27.1528
260.8642	27.1679
260.9831	27.1491
261.1039	27.1546
261.2238	27.1564
261.3432	27.1522
261.4710	27.1564
261.5842	27.1546
261.7056	27.1830
261.8273	27.1679
261.9482	27.1715
262.0647	27.1667
262.1842	27.1679
262.3052	27.1697
262.4251	27.1274
262.5417	27.1528
262.6606	27.1413
262.7801	27.1497
262.9000	27.1491
263.0196	27.1588
263.1361	27.1558
263.2552	27.1588
263.3761	27.1600
263.4968	27.1654
263.6157	27.1455
263.7351	27.1769
263.8549	27.1600
263.9741	27.1763
264.0942	27.1739
264.2148	27.1685
264.3334	27.1661
264.4535	27.1540
264.5721	27.1558
264.6910	27.1612
264.8100	27.1383
264.9288	27.1528
265.0492	27.1359
265.1690	27.1636
265.2876	27.1540
265.4048	27.1510
265.5242	27.1540
265.6425	27.1491
265.7621	27.1624
265.8839	27.1516
266.0025	27.1407
266.1231	27.1528
266.2424	27.1503
266.3593	27.1588
266.4783	27.1703
266.5921	27.1479
266.7108	27.1407
266.8295	27.1503
266.9457	27.1667
267.0669	27.1606
267.1886	27.1540
267.3087	27.1455
267.4283	27.1679
267.5429	27.1636
267.6636	27.1528
267.7806	27.1467
267.8961	27.1636
268.0133	27.1594
268.1286	27.1739
268.2469	27.1594
268.3662	27.1479
268.4866	27.1340
268.6056	27.1552
268.7205	27.1322
268.8322	27.1473
268.9496	27.1552
269.0701	27.1534
269.1903	27.1612
269.3090	27.1564
269.4292	27.1552
269.5493	27.1534
269.6694	27.1600
269.7898	27.1648
269.9049	27.1703
270.0262	27.1860
270.1469	27.1709
270.2740	27.1491
270.3944	27.1546
270.5151	27.1745
270.6371	27.1636
270.7541	27.1534
270.8715	27.1618
270.9920	27.1461
271.1114	27.1624
271.2322	27.1612
271.3514	27.1594
271.4705	27.1280
271.5916	27.1636
271.7129	27.1642
271.8314	27.1558
271.9523	27.1618
272.0739	27.1503
272.1935	27.1630
272.3122	27.1654
272.4318	27.1612
272.5518	27.1564
272.6737	27.1648
272.7943	27.1322
272.9138	27.1709
273.0299	27.1479
273.1501	27.1654
273.2695	27.1485
273.3891	27.1630
273.5071	27.1407
273.6232	27.1618
273.7417	27.1630
273.8602	27.1588
273.9778	27.1467
274.0919	27.1691
274.2086	27.1419
274.3279	27.1467
274.4438	27.1503
274.5619	27.1618
274.6804	27.1648
274.7957	27.1697
274.9152	27.1497
275.0342	27.1600
275.1548	27.1588
275.2746	27.1528
275.3922	27.1461
275.5126	27.1552
275.6295	27.1455
275.7451	27.1540
275.8650	27.1365
275.9829	27.1455
276.1007	27.1564
276.2216	27.1449
276.3424	27.1552
276.4602	27.1558
276.5700	27.1552
276.6930	27.1594
276.8045	27.1570
276.9157	27.1721
277.0257	27.1624
277.1359	27.1606
277.2480	27.1491
277.3633	27.1963
277.4742	27.1715
277.5857	27.1522
277.6979	27.1443
277.8090	27.1642
277.9196	27.1576
278.0284	27.1516
278.1394	27.1594
278.2503	27.1534
278.3611	27.1534
278.4704	27.1594
278.5808	27.1576
278.6911	27.1606
278.8009	27.1781
278.9101	27.1661
279.0203	27.1806
279.1308	27.1558
279.2416	27.1479
279.3527	27.1721
279.4635	27.1739
279.5747	27.1624
279.6858	27.1751
279.7968	27.1576
279.9083	27.1654
280.0193	27.1443
280.1292	27.1630
280.2404	27.1503
280.3506	27.1564
280.4617	27.1516
280.5724	27.1437
280.6831	27.1606
280.7937	27.1371
280.9048	27.1733
281.0161	27.1600
281.1246	27.1510
281.2356	27.1673
281.3463	27.1522
281.4571	27.1715
281.5663	27.1576
281.6766	27.1528
281.7865	27.1552
281.8978	27.1528
282.0092	27.1667
282.1302	27.1757
282.2503	27.1745
282.3719	27.1407
282.4873	27.1618
282.6092	27.1570
282.7260	27.1763
282.8476	27.1558
282.9688	27.1371
283.0909	27.1612
283.2075	27.1781
283.3299	27.1654
283.4530	27.1926
283.5731	27.1503
283.6940	27.1920
283.8134	27.1745
283.9305	27.1473
284.0513	27.1467
284.1730	27.1546
284.2937	27.1673
284.4131	27.1799
284.5286	27.1576
284.6488	27.1703
284.7704	27.1685
284.8908	27.1884
285.0081	27.1667
285.1234	27.1799
285.2411	27.1673
285.3625	27.1648
285.4808	27.1679
285.6012	27.1600
285.7202	27.1739
285.8402	27.1612
285.9608	27.1661
286.0811	27.1781
286.1996	27.1793
286.3149	27.1667
286.4369	27.1733
286.5569	27.1467
286.6773	27.1739
286.7971	27.1739
286.9095	27.1642
287.0293	27.1745
287.1485	27.1461
287.2753	27.1618
287.3893	27.1636
287.5075	27.1745
287.6262	27.1793
287.7411	27.1340
287.8567	27.1425
287.9759	27.1479
288.0948	27.1860
288.2154	27.1667
288.3366	27.1673
288.4540	27.1727
288.5735	27.1667
288.6942	27.1528
288.8152	27.1642
288.9342	27.1667
289.0538	27.1600
289.1735	27.1552
289.2932	27.1715
289.4130	27.1787
289.5336	27.1576
289.6544	27.1389
289.7744	27.1799
289.8928	27.1661
290.0131	27.1775
290.1320	27.1588
290.2505	27.1582
290.3684	27.1697
290.4831	27.1473
290.6002	27.1594
290.7202	27.1679
290.8401	27.1582
290.9589	27.1431
291.0791	27.1582
291.1964	27.1642
291.3154	27.1546
291.4345	27.1606
291.5549	27.1600
291.6747	27.1588
291.7906	27.1654
291.9107	27.1661
292.0308	27.1588
292.1499	27.1576
292.2673	27.1491
292.3805	27.1654
292.4982	27.1594
292.6115	27.1661
292.7327	27.1485
292.8528	27.1878
292.9690	27.1534
293.0884	27.1528
293.2056	27.1328
293.3235	27.1582
293.4411	27.1618
293.5536	27.1799
293.6736	27.1667
293.7938	27.1769
293.9120	27.1697
294.0315	27.1703
294.1476	27.1564
294.2668	27.1775
294.3871	27.1522
294.5062	27.1872
294.6263	27.1673
294.7460	27.1751
294.8655	27.1679
294.9861	27.1721
295.1057	27.1715
295.2240	27.1570
295.3426	27.1558
295.4619	27.1612
295.5801	27.1709
295.6981	27.1793
295.8120	27.1703
295.9311	27.1842
296.0511	27.1824
296.1717	27.1709
296.2920	27.1818
296.4124	27.1842
296.5290	27.1510
296.6451	27.1896
296.7645	27.1715
296.8814	27.1957
297.0022	27.1944
297.1194	27.1806
297.2349	27.1757
297.3542	27.1902
297.4738	27.1679
297.5911	27.1884
297.7055	27.1836
297.8216	27.1884
297.9398	27.2023
298.0577	27.1763
298.1759	27.1908
298.2958	27.1830
298.4143	27.1667
298.5338	27.1950
298.6553	27.1812
298.7743	27.1902
298.8934	27.1938
299.0118	27.1920
299.1322	27.1836
299.2536	27.1769
299.3728	27.1818
299.4913	27.1721
299.6094	27.1884
299.7250	27.1938
299.8466	27.1896
299.9662	27.1739
