0.0000	26.0336
0.1277	25.9612
0.2284	26.2991
0.3291	26.1060
0.4299	26.2267
0.5305	26.3232
0.6312	26.0095
0.7320	26.2508
0.8328	26.1060
0.9335	26.0578
1.0352	25.8648
1.1358	26.2267
1.2356	26.0819
1.3365	26.3474
1.4372	26.2025
1.5378	26.0578
1.6386	26.1301
1.7394	26.0819
1.8401	26.2267
1.9410	26.2267
2.0416	26.1543
2.1424	26.1543
2.2431	26.2267
2.3437	26.2025
2.4435	26.2749
2.5441	26.4681
2.6440	26.1543
2.7447	26.2267
2.8453	26.2025
2.9462	26.2267
3.0469	25.9371
3.1476	26.2749
3.2483	26.2267
3.3490	26.1543
3.4497	26.2267
3.5505	26.1784
3.6511	26.3232
3.7519	26.0578
3.8526	26.3474
3.9533	25.9130
4.0541	26.0819
4.1548	26.3956
4.2555	26.3232
4.3553	26.1060
4.4560	26.2749
4.5569	26.1543
4.6711	26.2749
4.7902	25.9612
4.8908	26.1301
4.9916	26.2025
5.0925	26.0819
5.1931	26.0578
5.2939	26.2267
5.3945	25.9130
5.4953	26.2267
5.5960	26.3232
5.6969	26.0095
5.7974	26.1060
5.8982	26.0819
5.9989	26.1543
6.0996	26.2991
6.1997	26.2025
6.3013	26.0578
6.4019	26.2025
6.5025	26.1784
6.6032	26.1301
6.7040	26.1784
6.8038	26.4198
6.9045	26.1784
7.0052	26.1784
7.1049	26.2991
7.2056	25.9130
7.3053	26.1784
7.4062	26.2991
7.5058	25.9854
7.6055	26.2267
7.7052	26.1301
7.8050	26.3956
7.9058	26.2025
8.0065	26.1543
8.1073	26.3232
8.2079	26.2508
8.3076	26.0578
8.4075	26.0578
8.5083	26.2749
8.6090	25.9130
8.7098	26.1784
8.8104	26.3232
8.9110	26.3232
9.0121	25.9854
9.1115	26.0095
9.2122	25.9130
9.3120	26.1301
9.4117	26.0578
9.5124	26.2508
9.6122	26.3232
9.7119	26.0095
9.8126	26.2025
9.9124	26.0578
10.0122	26.3232
10.1128	26.1543
10.2126	26.2508
10.3134	26.2025
10.4131	26.0336
10.5139	25.9130
10.6148	26.1784
10.7153	26.0336
10.8161	26.1060
10.9159	26.1301
11.0166	26.1060
11.1163	26.1784
11.2172	26.2508
11.3170	26.1784
11.4175	26.1060
11.5173	26.3232
11.6172	26.1301
11.7188	26.3474
11.8195	26.1543
11.9202	26.2267
12.0210	26.3232
12.1206	26.0578
12.2215	26.0095
12.3222	26.2749
12.4229	26.1784
12.5236	26.2025
12.6233	26.1301
12.7240	26.1060
12.8248	26.2508
12.9245	26.2025
13.0254	26.2267
13.1249	25.9612
13.2258	26.1060
13.3265	26.1301
13.4274	26.2267
13.5268	26.4439
13.6266	26.1301
13.7273	25.8165
13.8270	26.0095
13.9266	26.2025
14.0266	26.1543
14.1727	26.2991
14.2732	26.0578
14.3734	26.2267
14.4742	25.9854
14.5740	26.3715
14.6746	26.2991
14.7755	26.1784
14.8762	26.0336
14.9770	26.2991
15.0775	26.3232
15.1785	26.1543
15.2791	26.0095
15.3798	26.3232
15.4806	26.1543
15.5813	26.3232
15.6820	26.2991
15.7828	26.0819
15.8834	26.1784
15.9842	26.1543
16.0846	26.1784
16.1850	26.0336
16.2863	26.3474
16.3872	26.0578
16.4876	26.0819
16.5882	26.0819
16.6889	26.2749
16.7885	26.0336
16.8893	26.1301
16.9890	26.1543
17.0897	26.3956
17.1904	26.2025
17.2912	26.1543
17.3924	26.2267
17.4925	26.1301
17.5924	26.3715
17.6931	26.3232
17.7928	26.3956
17.8936	26.2025
17.9943	26.2508
18.0944	26.1301
18.1948	26.0819
18.2946	26.4198
18.3953	26.1301
18.4960	26.3956
18.5967	26.0819
18.6964	25.9854
18.7971	26.1060
18.8979	26.2025
18.9986	26.1784
19.0996	26.2749
19.2001	26.2508
19.3000	26.2991
19.3998	26.5405
19.5005	26.1543
19.6001	26.3474
19.6998	26.2508
19.8007	26.2025
19.9025	26.0819
20.0031	26.1543
20.1031	26.1060
20.2036	26.2508
20.3033	26.0095
20.4043	26.1060
20.5039	26.4198
20.6035	26.3232
20.7042	26.2267
20.8050	26.3232
20.9177	26.0095
21.0310	26.2991
21.1322	26.3232
21.2327	26.2025
21.3334	26.0819
21.4333	26.1060
21.5338	26.2025
21.6345	26.1543
21.7353	26.2749
21.8353	26.1543
21.9360	26.0819
22.0366	26.2025
22.1365	26.1301
22.2374	26.1784
22.3370	26.4198
22.4368	26.1060
22.5407	26.2267
22.6478	26.2267
22.7512	26.1060
22.8593	26.2267
22.9656	26.0819
23.0672	26.1784
23.1668	26.0578
23.2680	26.3232
23.3696	25.9854
23.4712	26.1060
23.5728	26.4922
23.6760	26.1784
23.7797	26.4681
23.8824	26.1543
23.9865	26.0819
24.0957	26.0819
24.1979	26.0819
24.2983	26.1060
24.3990	26.3232
24.4993	26.3474
24.6019	26.4198
24.7102	26.3232
24.8526	26.0336
24.9636	26.1060
25.0643	26.1543
25.1649	26.2991
25.2679	26.0819
25.3769	26.2267
25.4853	26.1784
25.5966	26.4922
25.7084	26.6129
25.8145	26.2508
25.9253	26.1784
26.0314	25.9854
26.1447	26.4439
26.2556	26.2025
26.3682	25.9612
26.4794	26.1543
26.5928	26.0095
26.7038	26.2508
26.8112	26.6129
26.9195	26.2991
27.0247	26.1060
27.1360	26.4439
27.2443	26.2025
27.3490	26.1784
27.4597	25.8648
27.5701	26.1784
27.6817	26.3232
27.7933	26.2508
27.9022	26.1543
28.0100	26.1301
28.1193	26.3956
28.2296	26.2749
28.3335	26.3715
28.4382	26.3232
28.5437	26.2749
28.6534	26.0336
28.7659	26.2508
28.8746	26.3474
28.9840	26.2267
29.0924	26.1060
29.2027	26.0336
29.3141	26.2749
29.4257	26.2267
29.5354	26.4198
29.6459	26.1301
29.7520	26.0819
29.8640	26.3232
29.9743	26.2267
30.0794	26.3715
30.1892	26.0336
30.3005	25.9612
30.4104	26.3474
30.5184	26.3474
30.6282	26.2749
30.7366	26.2991
30.8412	25.9130
30.9451	26.3232
31.0510	26.0578
31.1618	26.1784
31.2724	26.4681
31.3823	26.1060
31.4901	26.2749
31.6011	26.2025
31.7100	26.2991
31.8201	26.0336
31.9313	26.2267
32.0355	26.2025
32.1446	26.0336
32.2539	26.1301
32.3645	26.4198
32.4716	26.1060
32.5740	26.1543
32.6759	26.3474
32.7789	26.1784
32.8826	25.9854
32.9914	26.2749
33.0969	26.1543
33.2078	26.2749
33.3169	26.2991
33.4276	26.2267
33.5322	26.3474
33.6346	26.0578
33.7383	26.1301
33.8438	26.0336
33.9529	26.3474
34.0571	26.0095
34.1665	25.9371
34.2759	26.2267
34.3858	26.0095
34.4969	26.2025
34.6068	26.2267
34.7175	26.0336
34.8270	26.2267
34.9292	26.2749
35.0329	26.0578
35.1376	26.2025
35.2496	26.0578
35.3612	26.0819
35.4688	26.2508
35.5762	26.1784
35.6847	26.3474
35.7945	26.2749
35.9023	26.2025
36.0102	26.0819
36.1195	26.2508
36.2298	26.0819
36.3359	26.2025
36.4471	26.1784
36.5590	25.9854
36.6700	26.1784
36.7814	26.0578
36.8927	26.3232
36.9982	26.0819
37.1094	26.1543
37.2189	26.2267
37.3305	26.2025
37.4414	26.0095
37.5515	26.3474
37.6624	26.2508
37.7740	26.2991
37.8841	26.2749
37.9927	25.9130
38.1009	26.1301
38.2096	26.3474
38.3170	26.4198
38.4234	26.1784
38.5281	26.0819
38.6366	26.2508
38.7444	26.3474
38.8518	26.2267
38.9601	26.3715
39.0644	26.3956
39.1736	26.2508
39.2826	26.0578
39.3922	26.3956
39.5013	26.3232
39.6123	26.4198
39.7239	26.1301
39.8340	26.3474
39.9421	26.5163
40.0461	26.2508
40.1506	26.1784
40.2602	26.2991
40.3695	26.1784
40.4744	26.3474
40.5836	26.3474
40.6927	26.2025
40.8005	25.9371
40.9063	26.2025
41.0105	26.3715
41.1193	26.3956
41.2248	26.2991
41.3343	26.1301
41.4431	26.0819
41.5529	26.2025
41.6626	26.1301
41.7740	26.3956
41.8839	26.1301
41.9909	26.2749
42.0980	26.1543
42.2032	26.2508
42.3079	26.2025
42.4156	26.0578
42.5187	26.2267
42.6276	26.2508
42.7381	26.2267
42.8468	26.3232
42.9524	26.2025
43.0555	26.2991
43.1591	26.2991
43.2632	26.0819
43.3702	26.2025
43.4762	26.2749
43.5864	25.9612
43.6934	26.0578
43.8016	25.9854
43.9085	25.9612
44.0113	26.3715
44.1208	26.1543
44.2319	26.1543
44.3425	25.8889
44.4539	26.2025
44.5649	26.4198
44.6759	26.2025
44.7863	26.2267
44.8954	26.2267
44.9985	26.4681
45.1106	26.1060
45.2190	26.1543
45.3292	26.3232
45.4391	26.0578
45.5437	26.0578
45.6533	26.0336
45.7634	26.1301
45.8726	26.3232
45.9777	26.1543
46.0869	26.3956
46.1966	26.1060
46.3051	26.1301
46.4142	26.2025
46.5182	26.1543
46.6277	26.0336
46.7359	26.2267
46.8450	26.2749
46.9538	26.2267
47.0600	25.9371
47.1689	26.2749
47.2799	26.3232
47.3897	26.2267
47.5010	26.2749
47.6098	26.1301
47.7186	26.3232
47.8281	26.3715
47.9368	26.1060
48.0411	26.2025
48.1510	26.1543
48.2600	26.2025
48.3694	26.3232
48.4723	26.1543
48.5767	26.2025
48.6865	26.2267
48.7972	26.1301
48.9060	26.2991
49.0112	26.1301
49.1215	26.2025
49.2311	26.3474
49.3424	26.1301
49.4523	26.2991
49.5645	26.2267
49.6765	26.2025
49.7865	26.4439
49.8954	26.2749
49.9973	26.1060
50.1050	26.4439
50.2142	26.0336
50.3232	26.2025
50.4285	26.4681
50.5330	26.3956
50.6371	26.1543
50.7418	26.2267
50.8516	26.2025
50.9587	26.1543
51.0617	26.4922
51.1780	26.1543
51.2802	26.3956
51.3881	26.1301
51.4972	26.6371
51.6061	26.0095
51.7100	26.2991
51.8176	26.4198
51.9281	26.3956
52.0321	26.1060
52.1377	26.3232
52.2456	26.2749
52.3518	26.0819
52.4601	26.3474
52.5668	26.0819
52.6744	26.2991
52.7825	26.2267
52.8935	26.0336
52.9990	26.1301
53.1040	26.0095
53.2145	26.0336
53.3251	26.1784
53.4338	26.3956
53.5384	26.3715
53.6448	25.9371
53.7537	26.0336
53.8654	26.2267
53.9750	26.2749
54.0807	26.0336
54.1910	26.3956
54.3001	26.2749
54.4095	26.1784
54.5201	26.2991
54.6305	26.2749
54.7383	26.1543
54.8442	26.0336
54.9513	26.2749
55.0548	26.5646
55.1626	26.1543
55.2704	26.3956
55.3786	26.0578
55.4835	26.0578
55.5881	26.1301
55.6915	26.0819
55.7968	26.1543
55.9020	26.2991
56.0063	26.2508
56.1120	26.1784
56.2238	26.3715
56.3335	26.4681
56.4418	26.1301
56.5482	26.1301
56.6528	26.0578
56.7607	26.4922
56.8703	25.9130
56.9783	26.2749
57.0832	26.1060
57.1907	26.1784
57.2951	26.2267
57.3993	26.1543
57.5103	26.2267
57.6195	26.4439
57.7263	26.1784
57.8268	26.2267
57.9285	26.3474
58.0337	26.1543
58.1444	26.2991
58.2540	26.1301
58.3618	26.2991
58.4688	26.2267
58.5768	26.2508
58.6841	26.2991
58.7861	26.4439
58.8911	26.1543
58.9990	26.0336
59.1095	26.1784
59.2128	26.3232
59.3140	26.1543
59.4157	25.9130
59.5166	26.1784
59.6174	26.2267
59.7185	25.9854
59.8236	26.3232
59.9243	26.0819
60.0270	26.5646
60.1280	26.2025
60.2318	26.1543
60.3337	26.3232
60.4354	26.0336
60.5362	26.1301
60.6366	26.2025
60.7377	26.2991
60.8383	26.1784
60.9390	26.1543
61.0402	26.3232
61.1457	26.3474
61.2488	25.9130
61.3536	26.2025
61.4609	26.2749
61.5692	26.3956
61.6735	26.4439
61.7762	26.1301
61.8854	26.2267
61.9939	26.4198
62.1037	26.1784
62.2131	26.2267
62.3195	26.3715
62.4243	26.2508
62.5285	25.9612
62.6335	26.1543
62.7398	26.1543
62.8436	26.1301
62.9492	26.3232
63.0528	26.0819
63.1633	26.2508
63.2670	26.4198
63.3774	26.2267
63.4837	26.1784
63.5854	25.9130
63.6861	26.1784
63.7869	26.0095
63.8877	26.3474
63.9884	26.3232
64.0893	26.2749
64.1905	26.2508
64.2927	26.1784
64.3950	26.1060
64.4957	26.2025
64.5955	26.3232
64.6963	26.0095
64.7958	26.1543
64.8974	26.1543
65.0006	26.1060
65.1057	26.0336
65.2111	26.2025
65.3165	26.2267
65.4234	26.1301
65.5304	26.2508
65.6386	25.9612
65.7456	26.0095
65.8498	26.0819
65.9514	26.2749
66.0546	26.2991
66.1642	25.9854
66.2650	25.9854
66.3649	26.2749
66.4667	26.3474
66.5663	26.1784
66.6670	26.2267
66.7669	26.2749
66.8688	26.1060
66.9762	26.2267
67.0794	26.1784
67.1807	26.1301
67.2817	26.1301
67.3835	26.3715
67.4863	25.9612
67.5870	26.2267
67.6905	26.0095
67.8030	26.3232
67.9117	26.3715
68.0170	26.1543
68.1276	26.3232
68.2301	26.0095
68.3316	26.2749
68.4323	26.3232
68.5331	26.1301
68.6370	26.2991
68.7421	26.1543
68.8430	26.4681
68.9445	26.0578
69.0454	26.1301
69.1470	26.3232
69.2476	26.3956
69.3507	26.1060
69.4536	26.2508
69.5545	26.1543
69.6561	26.0095
69.7596	26.1060
69.8636	26.0819
69.9689	26.2267
70.0729	26.1301
70.1787	26.2508
70.2904	26.2749
70.4023	25.9612
70.5109	26.1784
70.6186	26.2025
70.7225	26.4198
70.8296	26.3474
70.9342	26.2267
71.0394	26.1784
71.1504	26.2991
71.2583	26.2749
71.3671	26.0819
71.4719	26.3232
71.5742	26.2508
71.6841	26.0819
71.7938	26.1060
71.9020	26.2267
72.0097	25.9371
72.1212	26.2267
72.2328	26.4198
72.3458	26.2991
72.4578	26.0819
72.5694	26.1301
72.6808	26.1784
72.7911	26.0336
72.9008	26.1543
73.0101	26.3232
73.1200	26.2749
73.2314	26.4681
73.3434	26.4681
73.4546	26.2991
73.5636	26.0578
73.6749	25.8648
73.7857	26.3956
73.8938	26.1301
74.0026	26.1543
74.1105	26.0095
74.2192	26.3474
74.3250	26.3232
74.4292	26.4439
74.5360	26.1543
74.6457	26.1543
74.7540	26.2267
74.8633	26.3232
74.9727	26.2025
75.0798	26.1543
75.1906	26.2025
75.2977	26.1301
75.4040	26.3474
75.5109	26.2025
75.6192	26.1784
75.7277	26.1301
75.8337	26.2749
75.9388	26.2991
76.0435	26.0336
76.1534	26.2991
76.2623	26.1301
76.3655	26.0578
76.4702	26.4922
76.5742	26.2508
76.6798	26.2267
76.7854	26.1301
76.8954	26.2025
77.0026	26.1301
77.1099	26.1301
77.2121	26.2749
77.3148	26.1543
77.4242	26.3232
77.5316	25.8648
77.6405	26.3474
77.7492	26.1301
77.8570	26.0336
77.9649	26.3232
78.0650	26.0578
78.1656	26.3232
78.2662	26.2508
78.3670	26.2508
78.4677	26.4922
78.5682	26.2508
78.6676	26.5163
78.7674	26.3232
78.8681	26.3474
78.9696	26.2749
79.0706	26.3232
79.1714	26.2508
79.2720	26.1784
79.3727	25.9854
79.4734	25.9612
79.5763	26.1301
79.6852	26.3232
79.7860	26.2508
79.8891	26.4198
79.9976	26.3474
80.0986	26.0336
80.2006	26.1060
80.3012	26.2508
80.4057	26.3232
80.5178	26.0336
80.6300	26.3956
80.7422	26.2991
80.8495	26.0336
80.9608	26.1784
81.0649	26.2267
81.1672	26.3474
81.2700	26.1543
81.3839	26.1543
81.4947	26.4198
81.6071	26.5888
81.7160	26.2508
81.8294	26.0336
81.9396	26.1060
82.0425	26.2749
82.1472	26.5163
82.2510	26.1301
82.3647	26.4922
82.4790	26.0819
82.5892	26.3715
82.6949	26.2025
82.7960	26.1060
82.9015	26.1301
83.0065	26.1784
83.1148	26.2508
83.2182	26.1784
83.3185	26.0578
83.4239	26.0336
83.5297	26.3956
83.6383	26.3232
83.7432	26.0819
83.8430	26.1301
83.9443	26.0819
84.0452	26.3232
84.1471	26.2991
84.2481	26.2025
84.3498	26.2508
84.4514	26.2267
84.5520	26.1784
84.6532	26.0578
84.7571	26.3474
84.8595	26.3474
84.9601	26.1301
85.0620	26.2267
85.1641	26.3715
85.2659	26.2508
85.3674	26.1060
85.4697	26.3474
85.5717	26.3232
85.6764	26.2749
85.7871	26.3232
85.8911	26.4681
85.9916	26.4681
86.0918	26.2267
86.1969	26.1543
86.3112	26.2267
86.4240	26.3715
86.5321	26.2025
86.6455	26.5405
86.7595	26.2267
86.8723	26.2508
86.9822	26.2749
87.0846	26.0578
87.1853	26.4681
87.2862	26.0336
87.3857	26.3715
87.4861	26.2749
87.5867	26.4198
87.6875	26.1301
87.7880	26.0819
87.8907	26.1301
87.9939	26.2991
88.1056	26.2991
88.2088	26.2025
88.3131	26.1543
88.4255	26.1784
88.5382	26.3715
88.6455	26.3956
88.7504	26.2749
88.8547	26.2749
88.9604	26.3956
89.0647	26.3956
89.1661	26.1784
89.2722	26.1060
89.3793	26.3715
89.4880	26.2991
89.5919	26.3474
89.6970	26.1060
89.8069	26.3474
89.9158	26.1543
90.0187	26.2025
90.1241	26.2508
90.2347	26.1060
90.3453	26.1784
90.4554	26.0819
90.5628	26.3232
90.6646	26.1784
90.7719	26.1543
90.8788	26.3232
90.9796	26.1060
91.0820	26.3232
91.1846	26.2025
91.2901	26.4922
91.3911	26.4439
91.4921	26.3474
91.5975	26.0578
91.6992	26.1543
91.8026	26.2749
91.9046	26.3232
92.0075	26.2267
92.1088	26.3232
92.2141	26.2025
92.3137	26.2749
92.4144	26.1543
92.5150	26.1784
92.6153	26.0578
92.7157	26.2267
92.8174	26.2267
92.9252	26.2508
93.0291	26.2025
93.1334	26.1784
93.2402	26.1060
93.3478	25.8648
93.4592	26.1784
93.5686	26.4681
93.6717	26.2508
93.7723	26.5163
93.8756	26.3956
93.9826	26.2991
94.0919	26.2267
94.1955	26.1784
94.2991	26.4439
94.4028	26.2025
94.5043	26.2508
94.6057	26.2749
94.7067	26.0336
94.8065	26.2749
94.9069	26.4198
95.0084	26.1060
95.1130	26.0819
95.2202	26.4439
95.3298	26.4198
95.4348	26.3956
95.5422	26.1784
95.6468	26.3715
95.7558	26.5646
95.8655	26.2508
95.9715	26.1784
96.0749	26.1060
96.1818	26.1784
96.2869	26.2267
96.3964	26.2991
96.5048	26.2267
96.6075	26.3474
96.7116	26.6129
96.8208	25.9612
96.9280	26.3474
97.0326	26.3232
97.1423	25.9854
97.2470	26.2749
97.3574	26.2749
97.4690	26.1784
97.5809	26.0095
97.6923	26.0095
97.8008	25.9612
97.9095	25.9130
98.0133	26.2025
98.1254	26.1060
98.2349	26.2991
98.3436	26.0095
98.4496	25.9854
98.5597	26.3715
98.6703	26.1784
98.7807	26.2508
98.8916	26.0819
98.9982	26.2025
99.1077	26.2267
99.2189	26.5888
99.3299	26.2267
99.4391	26.4439
99.5479	26.2025
99.6582	26.2267
99.7686	26.1301
99.8779	26.1060
99.9845	26.0578
100.0930	26.2025
100.2012	26.2749
100.3106	26.1543
100.4203	26.0578
100.5305	26.1784
100.6411	26.3715
100.7504	26.2991
100.8583	26.2991
100.9670	26.2508
101.0729	26.2508
101.1844	26.3715
101.2953	26.3232
101.4056	26.1301
101.5160	26.0336
101.6252	26.1784
101.7345	26.5646
101.8429	26.0819
101.9503	26.0578
102.0545	26.1784
102.1637	26.1784
102.2741	26.1301
102.3829	26.0578
102.4935	26.2991
102.6004	26.3715
102.7049	26.3232
102.8144	26.2267
102.9228	26.0819
103.0289	26.2025
103.1403	26.4439
103.2493	26.0578
103.3615	25.9130
103.4720	26.0819
103.5827	26.1543
103.6924	25.9854
103.7983	26.2991
103.9016	26.3715
104.0079	26.3715
104.1178	26.0819
104.2270	26.3715
104.3349	26.2025
104.4441	26.2025
104.5543	25.9854
104.6631	26.2508
104.7715	26.3474
104.8811	26.3715
104.9884	26.4681
105.0941	26.0578
105.2021	26.0819
105.3114	26.2267
105.4208	26.2267
105.5297	26.2508
105.6391	26.1784
105.7472	26.2991
105.8555	26.3232
105.9642	26.1301
106.0706	26.1543
106.1782	26.3232
106.2840	26.2508
106.3948	26.0095
106.5050	25.9854
106.6147	26.3232
106.7235	26.2749
106.8314	26.5888
106.9357	26.2267
107.0415	26.2025
107.1503	26.3232
107.2538	26.2749
107.3640	26.4439
107.4741	26.2025
107.5830	26.4681
107.6913	26.1543
107.8005	26.4198
107.9073	26.2025
108.0122	26.3232
108.1178	26.2267
108.2270	26.3474
108.3371	26.4198
108.4466	26.3232
108.5574	26.4198
108.6653	26.4922
108.7737	26.1060
108.8836	26.1543
108.9916	26.0336
109.1005	26.2749
109.2092	26.3474
109.3185	26.2749
109.4284	26.3474
109.5383	26.2508
109.6479	26.1301
109.7566	26.1543
109.8655	26.1301
109.9708	26.1060
110.0767	26.2749
110.1864	26.2991
110.2946	26.3715
110.3989	26.3474
110.5067	26.2025
110.6149	26.2025
110.7244	26.1543
110.8349	26.3715
110.9446	26.3474
111.0474	26.2508
111.1512	26.2267
111.2597	26.1301
111.3688	26.2749
111.4795	26.4922
111.5878	26.3232
111.6968	26.2025
111.8047	26.1543
111.9118	26.2749
112.0168	26.2508
112.1270	26.2267
112.2365	26.1060
112.3440	26.2991
112.4515	26.2025
112.5609	26.4439
112.6700	26.4922
112.7808	26.0095
112.8895	26.2508
112.9939	26.1301
113.1020	26.1301
113.2126	26.3715
113.3206	26.2749
113.4310	26.1301
113.5404	26.2991
113.6491	26.2508
113.7588	26.3232
113.8680	26.0336
113.9771	26.1060
114.0853	26.5405
114.1943	26.0819
114.3033	26.1543
114.4122	26.2508
114.5165	26.3474
114.6265	26.3715
114.7356	26.3232
114.8442	26.2025
114.9529	26.0819
115.0569	26.4198
115.1655	26.0578
115.2752	26.1301
115.3819	26.0095
115.4922	26.0578
115.6008	26.2267
115.7106	26.1784
115.8187	26.2267
115.9273	26.2508
116.0321	26.3956
116.1430	25.9130
116.2516	26.2749
116.3565	26.3715
116.4653	26.2749
116.5722	26.1784
116.6825	26.3474
116.7914	26.3232
116.8984	26.1784
117.0012	26.2749
117.1102	26.1784
117.2181	26.0578
117.3274	26.1784
117.4359	26.3474
117.5465	26.2025
117.6559	26.1060
117.7652	26.1301
117.8743	26.2749
117.9842	26.2267
118.0936	26.0578
118.2035	26.2025
118.3135	26.0095
118.4235	26.2749
118.5323	26.0578
118.6408	26.1784
118.7502	26.2749
118.8566	25.9854
118.9652	25.9854
119.0710	26.3232
119.1803	25.9854
119.2903	26.2508
119.4000	26.2991
119.5073	26.2749
119.6120	26.6371
119.7210	26.2749
119.8312	26.2749
119.9387	26.2991
120.0443	26.5163
120.1521	26.1543
120.2570	26.2025
120.3661	26.4439
120.4765	26.2991
120.5845	26.4922
120.6886	25.9612
120.7987	26.2508
120.9085	26.1543
121.0179	26.2267
121.1283	26.0578
121.2370	26.1784
121.3440	26.2749
121.4512	26.0095
121.5612	26.2991
121.6658	26.0336
121.7737	26.3715
121.8831	26.2508
121.9904	26.2267
122.0973	26.2025
122.2074	26.4681
122.3174	26.4198
122.4277	26.2749
122.5356	26.3232
122.6437	26.1301
122.7523	26.1784
122.8623	26.1301
122.9707	26.2991
123.0765	26.2749
123.1850	26.2749
123.2906	26.2267
123.4011	26.3956
123.5125	26.2025
123.6226	26.2991
123.7321	26.2749
123.8401	26.2025
123.9472	26.0095
124.0514	26.2991
124.1605	26.1301
124.2693	26.3232
124.3783	26.3715
124.4822	26.1060
124.5923	26.3715
124.7002	26.3232
124.8083	26.3715
124.9148	26.0336
125.0212	26.1543
125.1317	26.1784
125.2419	26.3474
125.3510	26.3715
125.4614	25.9612
125.5700	26.2991
125.6785	26.0336
125.7857	26.1543
125.8891	26.1301
125.9906	26.1784
126.1003	26.2025
126.2090	26.3956
126.3147	26.2508
126.4197	26.0819
126.5310	25.9371
126.6425	26.2508
126.7527	26.2749
126.8606	26.4922
126.9647	26.2025
127.0718	26.0578
127.1831	25.9612
127.2943	26.2508
127.4032	26.2991
127.5060	26.0819
127.6160	26.3474
127.7240	26.4439
127.8340	26.3232
127.9436	26.3956
128.0472	26.2991
128.1551	26.2991
128.2649	26.4681
128.3762	26.2749
128.4867	25.9130
128.5973	26.2508
128.7059	26.0819
128.8147	26.6612
128.9180	26.3232
129.0227	26.2991
129.1339	26.1060
129.2443	26.2025
129.3517	26.2991
129.4618	26.2267
129.5724	26.2267
129.6828	26.2508
129.7935	26.1784
129.9015	26.2749
130.0066	25.9130
130.1140	26.5405
130.2226	26.1784
130.3322	26.0095
130.4407	26.2267
130.5474	26.1301
130.6727	26.3956
130.7825	26.1784
130.8937	26.1784
131.0003	26.2267
131.1097	26.3232
131.2174	26.2267
131.3256	26.1784
131.4319	26.2267
131.5404	26.1784
131.6492	26.0578
131.7533	26.0578
131.8633	26.2991
131.9723	26.4198
132.0782	26.1060
132.1877	25.9612
132.2965	26.2267
132.4040	26.2749
132.5137	26.2508
132.6249	25.9371
132.7342	26.4198
132.8437	26.2025
132.9493	26.0095
133.0551	26.2749
133.1661	26.2749
133.2748	26.2991
133.3832	26.4198
133.4898	26.1784
133.5959	25.9371
133.7086	26.3232
133.8196	26.2508
133.9232	25.9130
134.0296	26.2267
134.1397	26.2991
134.2487	26.7578
134.3584	26.2267
134.4677	26.3715
134.5781	26.0336
134.6867	26.2749
134.7912	26.2991
134.8996	26.1784
135.0081	26.2508
135.1178	26.2025
135.2269	26.1784
135.3353	26.3715
135.4448	26.2749
135.5534	26.1060
135.6634	26.2749
135.7742	26.4198
135.8827	26.2749
135.9871	26.2991
136.0952	26.0095
136.2054	26.3956
136.3128	26.4198
136.4223	26.3956
136.5300	26.1543
136.6364	26.1543
136.7463	26.4198
136.8556	26.2991
136.9636	26.3474
137.0691	26.4198
137.1757	26.1301
137.2961	26.2749
137.4010	26.0336
137.5119	26.2025
137.6221	26.0336
137.7309	26.3715
137.8341	26.1301
137.9436	26.4198
138.0492	26.4439
138.1596	26.3956
138.2684	26.1301
138.3772	26.3474
138.4860	26.4681
138.5954	26.1301
138.7062	26.2508
138.8159	26.1543
138.9245	26.1301
139.0289	26.3715
139.1378	26.3715
139.2469	26.1543
139.3571	26.2991
139.4682	26.2267
139.5780	26.2267
139.6861	26.1543
139.7958	26.5646
139.9061	26.1060
140.0117	26.4198
140.1225	26.2508
140.2286	26.2749
140.3375	26.0336
140.4468	26.4198
140.5566	26.1543
140.6648	26.0578
140.7726	26.3474
140.8788	26.3715
140.9888	26.1784
141.0975	26.3715
141.2087	26.1060
141.3189	26.1784
141.4265	25.9130
141.5357	26.1784
141.6450	26.4439
141.7543	26.4681
141.8645	26.2508
141.9729	26.3956
142.0784	26.0819
142.1869	26.3474
142.2968	26.3232
142.4069	26.3715
142.5157	26.2991
142.6232	26.3956
142.7316	26.1784
142.8413	26.0578
142.9495	26.2749
143.0558	26.1060
143.1653	26.5163
143.2731	26.3715
143.3817	26.2025
143.4901	26.4439
143.6004	26.1301
143.7093	26.2749
143.8144	26.3715
143.9218	26.2267
144.0263	26.5646
144.1357	26.3715
144.2467	26.3474
144.3564	26.3956
144.4638	25.9854
144.5730	26.2025
144.6811	26.4439
144.7902	26.0819
144.8968	26.3232
144.9987	26.2991
145.1068	26.1543
145.2151	26.5405
145.3240	26.0819
145.4313	25.9612
145.5357	26.3232
145.6449	26.1060
145.7542	26.3474
145.8627	26.2991
145.9676	26.2991
146.0782	26.1060
146.1883	26.1301
146.2938	26.1543
146.4035	26.2991
146.5078	26.1060
146.6124	26.2508
146.7207	26.2749
146.8286	26.5888
146.9371	26.1784
147.0408	26.1784
147.1490	26.0819
147.2594	26.2991
147.3684	26.2749
147.4751	26.3715
147.5841	26.1784
147.6937	26.1301
147.8021	26.2267
147.9115	26.1543
148.0154	26.3956
148.1238	26.1784
148.2341	26.1301
148.3463	26.1301
148.4564	26.3232
148.5646	26.0819
148.6694	26.1301
148.7767	26.2025
148.8865	25.9612
148.9948	26.3956
149.1064	26.0578
149.2149	26.1543
149.3241	25.9612
149.4322	26.4439
149.5409	26.3232
149.6498	26.2991
149.7597	26.2267
149.8675	26.1543
149.9765	26.1543
150.0818	26.2025
150.1922	26.2267
150.3007	26.0095
150.4093	26.2025
150.5169	25.9854
150.6260	26.0578
150.7336	26.2749
150.8422	26.2508
150.9513	26.1543
151.0546	26.0819
151.1634	26.3232
151.2733	25.9854
151.3823	26.2267
151.4930	26.4198
151.6020	26.2508
151.7107	26.5405
151.8193	26.0819
151.9273	26.3715
152.0324	26.3956
152.1427	26.5405
152.2504	26.2749
152.3567	26.0095
152.4674	26.4198
152.5766	26.1301
152.6842	26.1301
152.7905	26.0095
152.8973	26.1301
153.0037	26.3715
153.1134	26.2025
153.2231	26.1060
153.3310	26.2749
153.4405	26.2508
153.5484	26.2749
153.6605	26.3232
153.7696	26.4681
153.8797	26.2025
153.9886	26.3232
154.0942	26.1543
154.2006	26.1060
154.3117	26.2267
154.4208	26.2025
154.5284	26.2749
154.6380	26.1784
154.7427	26.2267
154.8505	26.3956
154.9598	26.1543
155.0655	26.3232
155.1755	26.2267
155.2848	26.3956
155.3948	26.1543
155.5053	26.2025
155.6164	26.4439
155.7263	26.2508
155.8350	26.1784
155.9427	26.3715
156.0495	26.3232
156.1611	26.3956
156.2711	26.1543
156.3795	26.1060
156.4874	26.2267
156.5936	26.3956
156.7036	26.3232
156.8124	26.2749
156.9208	26.0336
157.0270	26.4922
157.1317	26.3715
157.2417	26.1784
157.3520	26.3232
157.4629	26.3715
157.5741	26.2991
157.6826	26.1060
157.7885	26.5405
157.8976	26.3232
158.0041	26.1784
158.1142	26.1301
158.2247	26.2749
158.3337	26.1060
158.4398	26.2508
158.5485	26.3232
158.6603	26.2267
158.7702	26.4439
158.8799	26.3956
158.9873	26.2749
159.0930	26.2749
159.2022	26.2508
159.3115	26.1301
159.4214	26.3232
159.5302	26.3232
159.6387	25.9371
159.7466	26.2749
159.8563	26.1543
159.9655	26.3474
160.0705	26.3474
160.1788	26.3715
160.2874	26.3232
160.3958	26.2991
160.5062	26.3715
160.6146	26.2991
160.7239	26.2749
160.8291	26.2991
160.9364	26.0336
161.0400	26.2025
161.1490	26.2508
161.2604	26.2749
161.3695	26.3474
161.4763	26.0095
161.5831	26.1301
161.6904	26.1543
161.7943	26.3474
161.9029	26.2508
162.0129	26.3474
162.1215	26.2267
162.2311	26.4198
162.3409	26.2025
162.4493	26.4198
162.5514	26.4439
162.6562	26.2749
162.7666	26.3715
162.8779	26.2508
162.9871	26.1543
163.0937	26.2508
163.2001	26.1784
163.3036	26.1301
163.4100	26.2991
163.5183	26.2749
163.6211	26.2508
163.7307	26.2025
163.8394	26.2267
163.9490	26.1301
164.0534	26.2267
164.1607	26.2991
164.2622	26.2749
164.3669	26.3956
164.4758	26.1543
164.5871	26.3232
164.6959	26.2749
164.8078	26.3715
164.9165	26.1543
165.0199	26.4198
165.1246	26.0578
165.2314	26.2025
165.3435	26.2025
165.4541	25.8648
165.5654	26.4198
165.6777	26.2267
165.7880	26.2991
165.8989	26.2749
166.0054	26.3474
166.1138	26.2749
166.2246	26.2508
166.3340	26.1543
166.4442	26.3715
166.5529	26.0819
166.6603	26.4681
166.7693	26.0819
166.8891	26.1301
166.9929	26.0095
167.1046	26.1301
167.2133	26.3956
167.3159	26.1301
167.4239	26.1060
167.5342	26.5888
167.6451	26.2025
167.7548	26.4198
167.8610	26.0095
167.9708	26.1060
168.0738	26.0819
168.1783	26.2749
168.2844	26.1543
168.3943	26.1060
168.4992	26.1301
168.6088	26.2749
168.7192	26.1543
168.8284	26.1784
168.9281	26.2267
169.0315	26.1784
169.1386	26.3715
169.2445	26.3232
169.3561	26.2267
169.4660	26.1301
169.5775	26.3956
169.6840	26.0578
169.7921	26.4922
169.9000	26.0578
170.0070	26.2991
170.1152	26.1301
170.2249	26.2749
170.3307	26.3956
170.4360	26.0095
170.5417	26.3232
170.6475	26.3474
170.7530	26.2025
170.8581	26.3715
170.9602	26.2025
171.0629	26.3474
171.1674	26.1543
171.2725	26.3715
171.3739	26.0819
171.4829	26.1543
171.5885	26.3232
171.6911	26.2267
171.7953	26.5405
171.9033	26.3232
172.0061	26.4681
172.1111	26.1543
172.2123	26.2749
172.3128	26.1543
172.4135	26.2025
172.5147	26.2991
172.6147	26.2508
172.7160	26.2749
172.8187	26.4198
172.9210	26.1784
173.0220	26.2991
173.1228	26.1301
173.2232	26.1060
173.3240	26.2991
173.4250	26.1301
173.5256	26.2749
173.6260	26.1301
173.7270	26.3474
173.8299	25.9854
173.9410	26.0578
174.0440	26.1301
174.1490	26.0095
174.2590	25.9130
174.3628	26.5646
174.4636	26.1060
174.5643	26.2749
174.6649	26.1060
174.7677	26.1784
174.8794	26.0819
174.9843	26.1784
175.0946	25.9854
175.1974	26.0336
175.3020	26.1784
175.4048	26.4439
175.5106	26.3232
175.6116	25.9854
175.7178	26.2025
175.8243	26.2267
175.9265	26.1060
176.0330	26.2749
176.1403	26.1301
176.2407	26.1060
176.3423	26.3474
176.4494	25.8648
176.5512	26.1060
176.6542	26.4922
176.7571	26.2749
176.8579	26.1784
176.9585	26.0095
177.0590	26.2749
177.1599	26.1784
177.2610	26.1060
177.3624	26.0819
177.4622	26.1784
177.5636	26.2267
177.6657	26.2025
177.7678	26.3715
177.8684	26.2749
177.9691	26.1784
178.0688	26.4198
178.1696	26.1543
178.2710	26.1060
178.3743	26.1060
178.4748	26.1060
178.5755	26.2991
178.6777	26.1784
178.7850	26.0578
178.8916	26.1543
178.9934	26.2991
179.0962	26.3474
179.1973	26.0578
179.3014	26.0095
179.4069	26.0578
179.5081	26.2991
179.6161	26.2508
179.7255	26.1543
179.8376	26.2267
179.9492	26.3956
180.0545	26.0578
180.1671	26.3232
180.2779	26.0819
180.3876	26.2508
180.4951	26.2267
180.5969	26.1543
180.7020	26.1543
180.8089	26.3715
180.9096	26.1784
181.0122	26.3232
181.1147	26.3232
181.2173	26.1301
181.3179	26.3232
181.4204	26.2991
181.5256	26.1060
181.6276	26.2508
181.7336	26.3956
181.8470	26.0336
181.9574	26.2749
182.0628	26.4198
182.1691	26.2025
182.2814	26.3956
182.3936	26.2025
182.5055	26.1060
182.6149	26.2025
182.7245	26.0578
182.8356	26.1060
182.9442	26.6371
183.0473	26.1060
183.1479	26.3715
183.2480	26.2508
183.3497	26.2267
183.4494	26.3474
183.5501	26.2267
183.6510	26.3474
183.7532	26.3956
183.8593	26.4922
183.9624	26.2267
184.0677	26.2508
184.1753	26.1543
184.2844	26.2991
184.3940	26.1784
184.5003	26.3232
184.6070	26.3232
184.7172	26.1784
184.8279	26.2025
184.9356	26.2267
185.0378	26.3232
185.1391	26.1301
185.2444	26.3232
185.3534	26.2267
185.4588	26.3715
185.5663	26.0336
185.6717	26.3956
185.7730	26.2267
185.8738	26.0336
185.9739	26.2991
186.0763	26.1301
186.1804	26.0578
186.2837	26.0095
186.3895	26.3956
186.4935	26.2749
186.5976	26.2508
186.7047	26.2025
186.8171	26.3474
186.9279	26.1784
187.0335	26.2025
187.1438	26.2991
187.2540	26.0336
187.3643	26.2749
187.4750	26.1543
187.5819	26.6129
187.6895	26.4439
187.7992	26.1543
187.9050	26.1543
188.0126	26.3232
188.1239	26.2508
188.2327	26.3715
188.3410	26.3956
188.4517	26.0578
188.5609	26.2025
188.6651	26.0578
188.7757	26.2025
188.8848	26.3232
188.9945	26.2267
189.1046	26.0336
189.2122	26.4198
189.3216	26.1301
189.4298	26.1543
189.5347	26.0578
189.6389	26.2025
189.7457	26.0819
189.8531	26.1784
189.9595	26.1784
190.0642	26.2749
190.1718	26.1543
190.2802	26.2025
190.3877	26.0819
190.4953	26.2991
190.6032	26.2508
190.7078	26.1543
190.8190	25.9854
190.9271	26.3474
191.0303	26.2025
191.1377	26.3956
191.2427	26.2025
191.3492	26.2749
191.4583	26.2267
191.5669	26.2749
191.6748	26.3715
191.7789	26.2991
191.8866	26.0819
191.9947	26.3715
192.0993	26.2991
192.2046	26.4439
192.3140	26.1060
192.4242	26.0578
192.5309	26.4439
192.6424	26.3715
192.7511	26.1543
192.8555	26.2267
192.9604	26.2508
193.0633	26.4198
193.1689	26.1784
193.2737	26.2267
193.3829	26.2267
193.4948	25.9854
193.6058	26.0578
193.7163	26.2267
193.8251	26.2267
193.9331	26.1784
194.0369	26.1060
194.1474	26.2991
194.2532	26.1784
194.3609	26.0819
194.4709	26.4681
194.5774	26.0819
194.6835	26.2749
194.7902	26.0819
194.8940	26.3715
194.9978	26.2267
195.1070	26.0336
195.2145	26.4439
195.3216	26.1784
195.4321	26.5888
195.5386	26.1784
195.6445	26.1060
195.7560	26.2025
195.8644	26.3715
195.9693	26.1543
196.0724	26.3956
196.1752	26.4439
196.2809	26.0578
196.3896	26.1060
196.4976	26.4198
196.6057	26.1543
196.7067	26.2991
196.8081	26.0095
196.9084	25.9854
197.0142	26.2025
197.1236	26.3474
197.2302	26.0095
197.3369	26.2508
197.4469	26.0095
197.5544	26.3715
197.6603	26.4198
197.7694	26.1543
197.8777	26.2025
197.9797	26.2025
198.0838	26.2991
198.1908	26.3956
198.3060	26.2267
198.4075	26.0578
198.5114	26.1301
198.6231	26.2508
198.7326	26.1301
198.8433	26.3715
198.9509	26.1060
199.0552	26.0819
199.1660	26.0095
199.2737	26.3474
199.3810	26.1060
199.4873	26.0095
199.5947	26.0819
199.7043	26.1301
199.8139	26.3232
199.9232	26.4439
200.0278	26.2267
200.1388	26.1060
200.2494	26.1784
200.3603	25.8648
200.4693	26.2508
200.5722	26.2991
200.6784	26.2749
200.7903	26.1301
200.9005	26.2025
201.0044	26.1060
201.1074	26.3956
201.2109	26.2991
201.3141	26.2749
201.4211	26.2749
201.5228	26.1301
201.6262	26.3956
201.7277	26.1784
201.8294	26.1784
201.9300	26.4439
202.0329	26.1543
202.1389	26.0336
202.2408	26.2267
202.3426	26.2749
202.4440	26.3232
202.5467	26.1784
202.6536	26.2267
202.7604	26.1060
202.8645	26.1301
202.9716	26.0578
203.0759	26.2991
203.1891	26.3474
203.3006	26.2749
203.4101	26.3232
203.5209	26.1543
203.6300	26.0578
203.7363	26.2508
203.8437	26.2749
203.9484	26.2508
204.0527	26.3956
204.1591	26.0819
204.2667	26.2267
204.3745	26.2749
204.4766	26.0819
204.5800	26.2267
204.6825	26.2025
204.7892	26.0095
204.8961	26.2991
205.0033	26.2025
205.1060	26.1543
205.2105	26.3474
205.3164	26.1301
205.4256	26.0819
205.5349	26.2025
205.6394	26.2508
205.7459	26.2267
205.8480	26.1543
205.9488	26.1784
206.0505	26.2749
206.1510	26.3232
206.2536	26.2508
206.3553	26.1784
206.4595	26.1543
206.5723	26.4198
206.6830	26.0095
206.7935	26.2749
206.9043	26.3715
207.0112	26.3232
207.1233	26.0336
207.2256	26.0336
207.3272	26.1784
207.4279	26.2749
207.5295	26.4439
207.6324	26.2267
207.7342	25.9854
207.8405	26.3956
207.9460	26.2025
208.0514	26.1060
208.1608	26.0336
208.2663	26.5888
208.3728	26.2508
208.4817	26.2025
208.5916	26.2991
208.7003	26.2749
208.8060	26.3232
208.9161	26.2267
209.0207	26.0819
209.1292	26.2991
209.2377	26.2508
209.3422	26.2991
209.4537	26.4198
209.5635	26.3715
209.6673	26.1301
209.7741	26.2267
209.8800	25.9612
209.9845	26.2025
210.0911	26.2267
210.1937	26.2267
210.2971	26.0578
210.4070	26.5646
210.5169	26.1060
210.6260	26.2025
210.7351	26.1784
210.8437	26.2508
210.9538	26.2991
211.0597	26.1784
211.1691	26.1301
211.2794	26.2749
211.3904	26.1301
211.5004	25.9612
211.6060	26.2749
211.7075	26.2267
211.8105	26.3232
211.9168	26.5163
212.0191	26.2991
212.1231	26.3474
212.2325	26.1060
212.3400	26.0819
212.4410	26.2508
212.5409	26.2991
212.6447	26.4198
212.7538	26.3715
212.8579	26.4198
212.9631	26.1784
213.0682	26.3474
213.1710	26.2749
213.2712	26.1301
213.3721	26.3715
213.4747	26.4922
213.5826	26.3956
213.6884	26.2025
213.7960	26.4681
213.9057	26.4198
214.0092	26.2508
214.1139	26.4198
214.2261	26.2508
214.3340	26.2991
214.4457	26.3715
214.5571	26.3232
214.6665	26.1543
214.7744	26.1543
214.8834	26.1784
214.9916	26.3232
215.1003	26.3715
215.2097	26.2991
215.3169	26.2508
215.4278	26.1301
215.5363	26.0336
215.6473	26.4439
215.7564	26.4198
215.8603	26.0095
215.9646	26.2267
216.0683	26.4922
216.1770	26.1301
216.2869	26.2025
216.3913	26.1060
216.5008	26.4198
216.6112	26.3715
216.7195	26.2267
216.8264	26.2991
216.9286	26.3956
217.0339	26.3232
217.1447	26.2508
217.2531	26.1784
217.3589	26.2991
217.4634	26.1060
217.5734	26.0336
217.6832	25.9854
217.7945	26.2025
217.8974	26.3232
218.0002	26.0819
218.0999	26.2267
218.2005	25.9854
218.3026	26.1301
218.4062	26.2025
218.5161	26.2267
218.6231	26.3715
218.7261	26.1543
218.8291	26.2025
218.9303	26.2025
219.0332	25.9612
219.1384	26.2749
219.2486	26.0336
219.3503	26.3474
219.4526	26.3232
219.5592	25.7683
219.6729	26.2508
219.7747	26.1784
219.8752	26.3474
219.9739	25.9854
220.0740	26.4439
220.1734	26.1301
220.2778	26.1784
220.3808	26.1060
220.4847	26.1784
220.5891	26.2025
220.6978	26.2991
220.8023	26.2991
220.9035	26.3232
221.0045	26.1784
221.1050	26.2508
221.2052	26.3474
221.3066	26.3474
221.4094	26.2267
221.5139	26.3474
221.6167	26.1543
221.7188	25.9371
221.8227	26.4681
221.9302	26.3956
222.0343	26.4439
222.1433	26.5646
222.2468	26.0819
222.3532	26.3715
222.4585	26.3715
222.5600	26.3232
222.6616	26.3474
222.7634	26.0819
222.8640	26.4198
222.9701	26.2749
223.0698	26.2267
223.1717	26.3715
223.2753	26.1301
223.3851	26.0578
223.4908	26.2025
223.5908	26.2267
223.6911	26.5163
223.7927	26.3232
223.8945	26.2025
224.0039	26.3956
224.1070	26.1060
224.2083	26.3956
224.3111	26.1784
224.4256	26.2508
224.5360	26.4198
224.6460	26.2749
224.7481	26.1543
224.8518	26.1784
224.9537	26.2025
225.0545	26.2991
225.1543	26.1543
225.2561	25.9371
225.3567	26.2991
225.4591	26.1543
225.5710	26.2749
225.6730	26.2508
225.7746	26.2508
225.8762	26.1060
225.9816	26.4198
226.0948	26.3232
226.2067	26.1060
226.3165	26.3715
226.4270	26.1301
226.5379	26.5646
226.6505	26.2749
226.7621	26.2991
226.8731	26.2025
226.9830	26.3715
227.0915	26.0819
227.2042	26.3956
227.3162	26.0578
227.4278	26.2267
227.5405	26.3956
227.6496	26.4198
227.7603	26.3956
227.8713	26.0819
227.9826	26.3232
228.0939	26.1060
228.2052	26.3232
228.3167	26.4681
228.4258	26.3474
228.5369	26.5888
228.6465	26.2749
228.7574	26.2508
228.8669	26.2025
228.9771	26.2267
229.0833	26.1784
229.1929	26.0095
229.2960	26.3474
229.3992	26.2991
229.5081	26.1543
229.6147	26.2991
229.7183	26.3956
229.8247	26.2749
229.9321	26.2508
230.0371	26.2267
230.1449	26.3474
230.2547	26.1060
230.3598	26.3715
230.4629	26.2508
230.5677	26.3474
230.6739	26.2508
230.7863	26.1543
230.8873	26.2025
230.9890	26.2749
231.0943	26.4922
231.2049	26.3956
231.3142	26.3956
231.4186	25.9130
231.5240	26.1784
231.6322	26.3956
231.7376	26.2749
231.8445	26.1060
231.9474	26.1060
232.0497	26.1060
232.1522	26.4198
232.2594	26.0819
232.3682	26.2991
232.4706	26.1060
232.5712	26.3232
232.6717	26.4198
232.7738	26.2749
232.8776	26.2508
232.9798	26.4681
233.0834	26.3474
233.1883	26.3474
233.3002	26.0336
233.4094	26.3956
233.5108	26.2749
233.6143	26.0819
233.7200	26.0578
233.8358	26.1543
233.9387	26.3474
234.0411	26.2749
234.1459	26.2749
234.2565	26.3232
234.3640	26.4198
234.4700	26.0578
234.5800	26.3715
234.6833	26.2749
234.7868	26.2749
234.8891	26.2991
234.9915	26.0578
235.0953	26.1784
235.1994	26.2508
235.3080	26.3474
235.4196	26.2749
235.5300	26.2508
235.6396	26.3232
235.7441	26.2991
235.8477	26.3232
235.9561	26.1543
236.0625	26.3474
236.1740	26.3956
236.2806	26.4198
236.3919	26.1060
236.5008	26.1301
236.6101	26.2749
236.7190	26.2025
236.8243	26.2267
236.9264	26.2508
237.0303	26.2508
237.1414	26.3715
237.2516	26.3956
237.3565	26.1543
237.4660	26.1301
237.5719	26.3474
237.6836	26.2991
237.7918	26.2508
237.9033	26.4439
238.0073	26.2267
238.1135	26.4198
238.2250	26.1784
238.3381	26.2508
238.4498	26.3715
238.5611	26.2749
238.6665	26.2508
238.7802	26.2025
238.8916	26.2025
239.0056	26.0578
239.1159	26.1060
239.2293	26.0819
239.3435	26.1060
239.4552	26.0819
239.5666	26.2749
239.6752	26.2508
239.7830	26.0336
239.8898	26.3232
239.9972	26.4922
240.1085	26.1301
240.2168	26.0819
240.3266	26.2508
240.4380	26.4198
240.5477	26.5163
240.6524	26.2025
240.7590	26.4198
240.8672	26.2749
240.9763	26.1784
241.0855	26.3956
241.1956	26.2508
241.3040	26.2267
241.4156	26.1784
241.5269	26.4198
241.6367	26.2025
241.7471	26.2025
241.8525	26.0336
241.9547	26.3232
242.0611	26.2025
242.1712	26.2749
242.2810	26.0095
242.3890	26.4439
242.4994	26.2025
242.6096	26.2025
242.7200	26.2267
242.8304	25.9612
242.9387	26.2991
243.0433	26.2267
243.1546	26.2749
243.2652	26.4198
243.3759	26.2749
243.4841	26.2749
243.5938	26.2991
243.7037	26.3956
243.8149	26.2991
243.9196	26.2749
244.0254	26.3474
244.1344	26.2508
244.2452	26.2267
244.3547	26.2508
244.4646	26.3956
244.5753	26.2991
244.6840	26.3474
244.7924	26.1784
244.8992	26.2749
245.0012	26.3232
245.1110	26.3232
245.2217	26.0819
245.3311	26.3232
245.4392	26.1543
245.5467	26.1784
245.6573	26.0336
245.7667	26.0095
245.8745	26.2749
245.9818	26.2508
246.0879	26.2025
246.1990	26.1784
246.3095	26.2025
246.4193	26.0819
246.5277	26.3232
246.6348	26.4439
246.7442	26.3956
246.8523	26.2508
246.9596	26.4198
247.0635	26.2025
247.1724	26.0578
247.2832	26.2025
247.3918	26.2267
247.5004	26.4681
247.6097	26.2508
247.7186	26.2508
247.8269	26.2267
247.9349	26.4681
248.0383	26.3474
248.1489	26.3232
248.2581	26.1301
248.3674	26.2025
248.4776	26.1060
248.5874	26.1301
248.6976	26.3474
248.8082	26.2508
248.9153	26.2267
249.0159	26.1543
249.1177	26.3232
249.2246	26.2508
249.3345	26.2025
249.4429	26.4198
249.5513	26.3715
249.6576	26.4439
249.7657	26.4681
249.8759	26.4198
249.9835	26.3232
250.0874	26.3232
250.1927	26.1543
250.3002	26.3232
250.4049	26.3715
250.5106	25.9371
250.6154	26.2267
250.7191	26.0578
250.8256	26.1060
250.9316	26.3715
251.0340	26.3474
251.1393	26.1301
251.2514	26.5888
251.3608	26.1543
251.4723	26.2267
251.5824	26.2749
251.6937	26.1543
251.8036	26.2991
251.9099	25.9854
252.0127	26.2749
252.1191	26.2267
252.2294	26.3956
252.3389	26.3715
252.4468	26.2749
252.5588	26.3715
252.6676	26.0578
252.7776	26.2508
252.8859	26.2749
252.9907	26.2749
253.0985	26.2508
253.2084	26.3956
253.3174	26.3956
253.4267	26.3715
253.5338	26.1543
253.6430	26.3474
253.7543	26.1543
253.8654	26.1301
253.9742	26.2991
254.0794	26.3232
254.1902	26.2508
254.3012	26.2508
254.4121	26.1301
254.5222	26.3956
254.6316	26.2025
254.7436	26.1784
254.8491	26.2508
254.9510	26.3715
255.0536	26.2749
255.1606	26.3715
255.2716	26.3232
255.3817	26.2267
255.4896	26.1543
255.5975	26.1784
255.7050	26.4439
255.8123	26.1784
255.9140	26.3232
256.0194	26.3474
256.1260	26.1301
256.2298	26.2025
256.3404	26.4922
256.4506	26.2749
256.5613	26.3474
256.6687	26.2749
256.7784	26.2025
256.8880	26.1784
256.9951	26.5646
257.0994	26.5163
257.2080	26.0819
257.3176	26.3232
257.4267	26.1060
257.5344	26.3715
257.6435	26.2025
257.7532	26.1301
257.8643	26.2267
257.9726	26.3956
258.0775	26.1784
258.1873	26.3232
258.2935	26.4198
258.4051	26.4681
258.5165	26.4198
258.6280	26.1301
258.7393	26.3232
258.8460	26.2991
258.9551	26.3474
259.0608	26.1060
259.1729	26.4198
259.2805	26.1784
259.3800	26.1060
259.4798	26.2025
259.5812	26.4439
259.6855	26.1543
259.7972	26.0336
259.9068	26.1543
260.0116	26.1784
260.1216	26.0819
260.2287	26.5163
260.3309	26.3232
260.4362	26.1060
260.5472	26.2991
260.6552	26.2267
260.7594	26.1301
260.8654	26.2508
260.9753	26.4681
261.0785	26.1543
261.1850	26.1784
261.2952	26.2267
261.4017	26.3232
261.5083	26.1301
261.6142	26.1784
261.7152	25.9854
261.8189	26.2025
261.9262	26.0819
262.0313	26.4198
262.1426	26.5888
262.2540	26.1060
262.3649	26.1301
262.4709	26.4681
262.5803	26.0578
262.6903	26.2508
262.7938	26.2267
262.9013	26.2991
263.0028	26.2025
263.1051	26.0095
263.2091	26.3474
263.3415	26.4681
263.4518	26.1543
263.5528	26.5405
263.6533	26.2267
263.7556	26.0578
263.8591	26.3715
263.9609	26.1301
264.0621	26.2991
264.1660	26.2508
264.2727	26.2991
264.3807	26.2508
264.4827	26.3232
264.5834	26.2749
264.6848	25.9854
264.7885	26.3715
264.8975	26.2025
265.0012	26.2025
265.1063	26.2749
265.2083	26.4922
265.3108	26.0578
265.4110	26.2508
265.5138	26.2508
265.6163	26.6371
265.7204	26.3474
265.8240	26.3232
265.9278	26.2025
266.0331	26.1543
266.1464	26.4198
266.2561	26.2025
266.3612	26.2508
266.4660	26.0819
266.5744	26.3232
266.6828	26.3956
266.7934	26.3232
266.9024	26.1784
267.0083	26.1784
267.1132	26.1301
267.2239	26.2508
267.3331	26.3232
267.4451	26.0819
267.5550	26.1060
267.6658	26.0578
267.7770	26.0819
267.8820	26.0336
267.9920	26.5405
268.1007	26.5163
268.2106	26.5163
268.3235	26.4439
268.4327	26.3956
268.5381	26.1060
268.6437	26.3474
268.7482	26.3715
268.8577	26.1060
268.9682	26.2991
269.0746	26.4439
269.1867	26.1301
269.2998	26.4922
269.4129	26.2991
269.5235	26.1301
269.6294	26.3956
269.7415	26.1784
269.8548	26.5163
269.9640	26.4198
270.0703	26.1784
270.1806	26.3956
270.2853	25.9854
270.3878	26.2267
270.4890	26.2025
270.5918	26.2508
270.6947	26.2267
270.7970	26.1543
270.9037	26.2025
271.0048	26.3715
271.1057	26.5646
271.2101	26.4922
271.3194	26.4198
271.4264	26.2267
271.5359	26.4681
271.6453	26.3715
271.7497	26.0095
271.8536	26.2749
271.9548	26.2749
272.0549	26.3956
272.1570	26.3232
272.2623	26.1301
272.3692	26.4681
272.4687	26.2267
272.5701	26.2749
272.6726	26.2025
272.7721	26.3474
272.8725	26.2508
272.9722	26.2267
273.0732	26.2267
273.1739	26.1784
273.2767	26.4198
273.3785	26.1543
273.4844	26.2991
273.5889	26.2508
273.6923	26.2749
273.7942	26.0819
273.8991	26.2749
274.0112	26.3956
274.1204	26.1543
274.2231	26.2267
274.3264	26.0578
274.4273	26.3232
274.5296	26.2749
274.6329	26.1543
274.7347	26.0819
274.8364	26.3715
274.9385	26.5163
275.0394	26.1060
275.1407	26.2991
275.2419	26.3715
275.3437	26.2025
275.4444	26.2508
275.5471	26.3474
275.6568	26.2508
275.7655	25.9854
275.8700	26.3474
275.9803	26.2749
276.0860	26.1060
276.1876	26.3232
276.2883	26.2749
276.3888	26.5163
276.4887	26.2267
276.5918	26.3956
276.6943	25.9854
276.7968	26.0578
276.9003	26.2749
277.0062	25.9371
277.1078	26.1543
277.2116	26.6612
277.3153	26.2267
277.4376	26.2749
277.5482	26.1301
277.6484	26.2991
277.7513	26.0095
277.8636	26.1543
277.9742	26.4439
278.0784	26.3474
278.1827	26.2991
278.2888	26.2508
278.4000	26.4922
278.5109	26.5646
278.6192	26.5163
278.7228	26.0578
278.8299	26.2508
278.9415	26.2749
279.0466	26.5888
279.1548	26.3232
279.2595	26.1543
279.3660	26.3715
279.4737	26.1784
279.5816	26.5163
279.6863	26.2267
279.7946	26.2508
279.9052	26.1784
280.0099	26.3232
280.1130	26.1060
280.2173	26.5405
280.3208	25.9854
280.4259	26.1784
280.5312	26.3474
280.6406	26.2267
280.7500	26.5405
280.8588	26.3232
280.9627	26.1301
281.0673	26.2267
281.1768	26.4681
281.2873	26.3715
281.3960	26.3474
281.5006	26.1060
281.6015	26.1543
281.7029	26.2025
281.8052	26.1784
281.9062	26.1543
282.0076	26.2749
282.1094	26.1060
282.2112	26.2025
282.3175	26.3232
282.4270	26.2508
282.5320	26.3474
282.6420	26.3715
282.7494	26.2508
282.8602	26.4198
282.9706	26.3474
283.0764	26.2267
283.1859	26.1060
283.2950	26.2991
283.4059	26.2991
283.5167	26.2508
283.6243	26.3474
283.7338	26.4681
283.8445	26.3715
283.9556	25.9612
284.0600	25.9612
284.1734	26.2025
284.2819	26.2749
284.3939	26.0819
284.5069	26.2991
284.6143	26.1060
284.7241	26.1784
284.8332	26.1543
284.9373	26.2991
285.0451	26.2991
285.1488	26.4681
285.2546	26.3232
285.3664	26.2749
285.4783	26.2991
285.5879	26.2267
285.6929	26.2991
285.8050	26.3715
285.9141	26.1784
286.0161	26.1784
286.1201	26.2991
286.2257	26.3474
286.3369	26.2749
286.4445	26.3715
286.5491	26.2267
286.6567	26.2025
286.7625	26.1543
286.8708	26.3474
286.9803	26.4439
287.0842	26.2508
287.1904	26.0819
287.2954	26.4198
287.4044	26.1301
287.5070	26.5163
287.6151	26.2991
287.7200	26.2991
287.8253	26.2025
287.9332	26.3715
288.0365	26.2267
288.1427	26.4439
288.2528	26.2267
288.3582	26.2025
288.4692	26.0578
288.5768	26.3474
288.6804	26.3232
288.7904	26.3715
288.8942	26.0578
288.9984	26.2267
289.1097	26.1301
289.2186	26.2267
289.3273	26.2749
289.4327	26.2991
289.5422	26.1784
289.6535	26.2749
289.7613	26.2991
289.8719	26.3956
289.9766	26.1784
290.0822	26.3956
290.1882	26.4922
290.2939	26.2508
290.4027	26.2508
290.5078	26.1301
290.6116	26.2267
290.7235	26.2025
290.8322	26.3232
290.9363	26.2508
291.0418	26.3232
291.1539	26.3956
291.2633	26.2991
291.3735	26.2991
291.4842	26.4198
291.5951	26.3232
291.7077	26.2025
291.8173	26.2267
291.9245	26.3715
292.0296	26.4198
292.1373	26.3956
292.2414	26.3232
292.3528	26.2267
292.4638	26.2991
292.5720	26.3474
292.6834	26.2267
292.7943	26.2991
292.9041	26.2749
293.0086	26.2267
293.1150	26.0819
293.2239	26.3715
293.3345	26.4681
293.4463	26.2267
293.5562	26.3715
293.6620	26.1060
293.7733	26.4439
293.8836	26.4439
293.9906	26.2508
294.0960	26.2267
294.2027	26.2991
294.3140	26.3715
294.4261	26.1543
294.5362	26.3956
294.6438	26.1543
294.7482	26.3232
294.8567	26.1784
294.9637	26.1543
295.0688	26.4198
295.1760	26.1543
295.2797	26.2508
295.3836	26.2025
295.4912	26.4198
295.5936	26.0578
295.6973	26.2508
295.8043	26.3715
295.9124	26.2749
296.0169	26.3474
296.1267	26.1301
296.2361	26.2508
296.3448	25.9612
296.4556	26.2508
296.5642	26.1543
296.6739	26.2267
296.7801	26.4922
296.8847	26.1543
296.9922	26.4439
297.0988	26.2025
297.2027	26.4439
297.3095	26.2267
297.4150	26.2749
297.5241	26.2991
297.6319	26.1543
297.7396	26.2749
297.8484	26.5405
297.9558	26.3232
298.0584	26.2267
298.1614	26.3474
298.2705	26.4198
298.3800	26.4198
298.4857	26.2991
298.5960	26.1301
298.7069	26.0819
298.8183	26.0819
298.9273	26.2991
299.0303	26.1301
299.1343	26.4198
299.2458	26.2508
299.3576	26.2991
299.4688	26.3232
299.5781	26.0578
299.6869	26.4198
299.7958	26.2267
299.9053	26.2025
