0.0000	27.0955
0.1180	27.0965
0.2384	27.1003
0.3627	27.1003
0.4839	27.1110
0.6043	27.1197
0.7207	27.1056
0.8343	27.1143
0.9505	27.1201
1.0696	27.1226
1.1842	27.1216
1.3058	27.1081
1.4261	27.1095
1.5432	27.0941
1.6655	27.0965
1.7857	27.0965
1.9033	27.1197
2.0226	27.1158
2.1396	27.0974
2.2587	27.1095
2.3729	27.0805
2.4882	27.0931
2.6093	27.1226
2.7299	27.1158
2.8504	27.1037
2.9704	27.1114
3.0907	27.0960
3.2118	27.1003
3.3313	27.0738
3.4473	27.1047
3.5699	27.1100
3.6907	27.1279
3.8118	27.1027
3.9326	27.1037
4.0543	27.0960
4.1760	27.0999
4.2967	27.1100
4.4153	27.1081
4.5315	27.0989
4.6525	27.0916
4.7725	27.0994
4.8957	27.1023
5.0152	27.1032
5.1310	27.1187
5.2449	27.1003
5.3651	27.1148
5.4842	27.1143
5.5997	27.1037
5.7194	27.0834
5.8397	27.0839
5.9599	27.0941
6.0816	27.0858
6.2017	27.1032
6.3217	27.1124
6.4444	27.0704
6.5655	27.0999
6.6858	27.1056
6.8060	27.1090
6.9274	27.1047
7.0481	27.0800
7.1670	27.0854
7.2876	27.1013
7.4077	27.0897
7.5280	27.0994
7.6478	27.0970
7.7681	27.1023
7.8874	27.0863
8.0082	27.0897
8.1300	27.0979
8.2499	27.0892
8.3702	27.0931
8.4873	27.0970
8.6071	27.0912
8.7271	27.0902
8.8479	27.0912
8.9685	27.1003
9.0875	27.0926
9.2065	27.0921
9.3274	27.0974
9.4474	27.1071
9.5643	27.0873
9.6840	27.0892
9.8046	27.0796
9.9253	27.0607
10.0451	27.1037
10.1645	27.0665
10.2849	27.1032
10.4049	27.0829
10.5266	27.0718
10.6449	27.0960
10.7612	27.0858
10.8818	27.1023
11.0011	27.0757
11.1221	27.0810
11.2423	27.0829
11.3628	27.0796
11.4830	27.0863
11.6046	27.0713
11.7256	27.0878
11.8455	27.0858
11.9653	27.0844
12.0855	27.0689
12.2049	27.0800
12.3255	27.0858
12.4455	27.0670
12.5655	27.0684
12.6851	27.0892
12.8036	27.0670
12.9226	27.0733
13.0404	27.0641
13.1572	27.0636
13.2766	27.0738
13.3972	27.0723
13.5133	27.0873
13.6324	27.0631
13.7514	27.0776
13.8711	27.0607
13.9909	27.0762
14.1099	27.0680
14.2251	27.0805
14.3461	27.0709
14.4667	27.0786
14.5879	27.0651
14.7097	27.0825
14.8315	27.0849
14.9509	27.0699
15.0701	27.0665
15.1867	27.0800
15.3076	27.0612
15.4255	27.0694
15.5433	27.0752
15.6598	27.0709
15.7799	27.0791
15.9016	27.0631
16.0186	27.0713
16.1388	27.0675
16.2597	27.0752
16.3809	27.0680
16.5005	27.0588
16.6208	27.0549
16.7418	27.0617
16.8599	27.0597
16.9759	27.0680
17.0970	27.0815
17.2184	27.0858
17.3384	27.0810
17.4609	27.0709
17.5795	27.0800
17.6990	27.0796
17.8183	27.0718
17.9388	27.0573
18.0608	27.0742
18.1815	27.0752
18.3017	27.0626
18.4225	27.0641
18.5397	27.0738
18.6613	27.0491
18.7813	27.0747
18.9000	27.0631
19.0147	27.0747
19.1344	27.0636
19.2541	27.0791
19.3839	27.0680
19.5045	27.0704
19.6250	27.0535
19.7464	27.0655
19.8669	27.0829
19.9865	27.0496
20.1056	27.0897
20.2267	27.0612
20.3466	27.0747
20.4662	27.0612
20.5862	27.0530
20.7058	27.0617
20.8266	27.0646
20.9427	27.0651
21.0589	27.0684
21.1772	27.0786
21.2959	27.0636
21.4164	27.0699
21.5358	27.0747
21.6566	27.0617
21.7777	27.0612
21.8970	27.0844
22.0158	27.0506
22.1357	27.0742
22.2548	27.0597
22.3760	27.0525
22.4954	27.0510
22.6092	27.0597
22.7299	27.0622
22.8494	27.0395
22.9712	27.0496
23.0899	27.0655
23.2094	27.0752
23.3285	27.0564
23.4470	27.0491
23.5610	27.0593
23.6814	27.0496
23.8014	27.0699
23.9215	27.0549
24.0430	27.0419
24.1609	27.0462
24.2801	27.0549
24.3974	27.0510
24.5179	27.0544
24.6375	27.0486
24.7582	27.0443
24.8783	27.0501
24.9979	27.0684
25.1153	27.0506
25.2355	27.0544
25.3558	27.0419
25.4767	27.0486
25.5974	27.0559
25.7185	27.0341
25.8362	27.0665
25.9545	27.0409
26.0735	27.0636
26.1953	27.0535
26.3147	27.0655
26.4344	27.0452
26.5540	27.0477
26.6738	27.0506
26.7941	27.0665
26.9128	27.0520
27.0327	27.0564
27.1510	27.0452
27.2707	27.0530
27.3921	27.0481
27.5132	27.0544
27.6357	27.0723
27.7565	27.0520
27.8782	27.0520
27.9983	27.0525
28.1188	27.0366
28.2380	27.0593
28.3572	27.0689
28.4768	27.0689
28.5949	27.0709
28.7159	27.0477
28.8268	27.0573
28.9375	27.0680
29.0484	27.0520
29.1594	27.0626
29.2705	27.0496
29.3808	27.0452
29.4912	27.0767
29.6015	27.0520
29.7121	27.0597
29.8232	27.0525
29.9372	27.0655
30.0603	27.0472
30.1834	27.0588
30.3018	27.0477
30.4151	27.0544
30.5351	27.0738
30.6582	27.0655
30.7775	27.0515
30.8878	27.0428
30.9986	27.0361
31.1085	27.0733
31.2234	27.0626
31.3373	27.0554
31.4528	27.0438
31.5738	27.0491
31.6920	27.0467
31.8026	27.0680
31.9136	27.0646
32.0248	27.0607
32.1365	27.0544
32.2476	27.0549
32.3586	27.0684
32.4702	27.0786
32.5825	27.0573
32.6936	27.0646
32.8071	27.0689
32.9292	27.0506
33.0517	27.0593
33.1762	27.0332
33.3004	27.0718
33.4227	27.0699
33.5426	27.0622
33.6558	27.0607
33.7715	27.0501
33.8942	27.0472
34.0169	27.0704
34.1386	27.0539
34.2593	27.0366
34.3809	27.0433
34.5026	27.0293
34.6233	27.0588
34.7425	27.0544
34.8628	27.0559
34.9781	27.0612
35.1008	27.0515
35.2210	27.0448
35.3428	27.0452
35.4642	27.0423
35.5859	27.0395
35.7066	27.0419
35.8274	27.0472
35.9474	27.0462
36.0658	27.0438
36.1801	27.0631
36.3017	27.0457
36.4228	27.0539
36.5433	27.0404
36.6636	27.0655
36.7838	27.0554
36.9043	27.0443
37.0260	27.0525
37.1472	27.0211
37.2680	27.0375
37.3866	27.0438
37.5080	27.0448
37.6288	27.0544
37.7473	27.0254
37.8598	27.0477
37.9816	27.0337
38.0992	27.0419
38.2181	27.0395
38.3374	27.0602
38.4575	27.0477
38.5749	27.0448
38.6924	27.0409
38.8126	27.0274
38.9324	27.0515
39.0528	27.0404
39.1701	27.0375
39.2909	27.0525
39.4100	27.0206
39.5303	27.0380
39.6501	27.0375
39.7697	27.0327
39.8903	27.0433
40.0110	27.0515
40.1308	27.0423
40.2518	27.0399
40.3712	27.0491
40.4904	27.0423
40.6092	27.0308
40.7286	27.0385
40.8485	27.0472
40.9685	27.0356
41.0884	27.0351
41.2049	27.0380
41.3265	27.0375
41.4482	27.0385
41.5670	27.0356
41.6866	27.0337
41.8062	27.0419
41.9272	27.0428
42.0485	27.0496
42.1711	27.0390
42.2925	27.0462
42.4147	27.0259
42.5350	27.0457
42.6545	27.0395
42.7716	27.0467
42.8924	27.0332
43.0128	27.0332
43.1332	27.0317
43.2540	27.0414
43.3744	27.0332
43.4948	27.0303
43.6123	27.0196
43.7291	27.0409
43.8498	27.0303
43.9685	27.0423
44.0885	27.0370
44.2094	27.0216
44.3298	27.0254
44.4491	27.0269
44.5697	27.0240
44.6878	27.0167
44.8031	27.0211
44.9235	27.0283
45.0438	27.0477
45.1643	27.0481
45.2861	27.0182
45.4067	27.0283
45.5286	27.0124
45.6473	27.0356
45.7642	27.0221
45.8857	27.0259
46.0070	27.0167
46.1258	27.0235
46.2425	27.0172
46.3610	27.0317
46.4810	27.0042
46.5993	27.0428
46.7192	27.0288
46.8379	27.0211
46.9576	27.0250
47.0757	27.0356
47.1964	27.0163
47.3150	27.0308
47.4351	27.0279
47.5549	27.0211
47.6760	27.0138
47.7939	27.0143
47.9102	27.0177
48.0309	27.0235
48.1517	27.0066
48.2697	27.0245
48.3879	27.0254
48.5091	27.0235
48.6273	27.0158
48.7445	27.0105
48.8649	27.0235
48.9846	27.0143
49.1039	27.0254
49.2253	27.0230
49.3456	27.0322
49.4640	27.0134
49.5838	27.0163
49.7040	27.0225
49.8247	27.0404
49.9444	27.0221
50.0645	27.0274
50.1846	27.0177
50.3047	27.0337
50.4266	27.0192
50.5474	27.0192
50.6645	27.0158
50.7825	27.0221
50.9032	27.0153
51.0240	27.0153
51.1443	27.0085
51.2599	27.0134
51.3816	27.0225
51.5012	27.0254
51.6216	27.0346
51.7423	27.0172
51.8642	27.0018
51.9833	27.0138
52.0989	27.0056
52.2180	27.0138
52.3369	26.9974
52.4573	27.0327
52.5777	27.0124
52.6970	27.0235
52.8168	27.0080
52.9362	27.0076
53.0529	27.0100
53.1681	26.9998
53.2880	27.0221
53.4084	26.9984
53.5264	27.0013
53.6459	27.0201
53.7633	27.0119
53.8828	27.0085
54.0024	27.0153
54.1209	27.0032
54.2410	26.9993
54.3611	27.0032
54.4804	27.0066
54.5920	26.9931
54.7109	27.0018
54.8298	27.0013
54.9528	27.0119
55.0751	27.0293
55.1959	26.9998
55.3146	26.9979
55.4292	27.0018
55.5491	26.9984
55.6684	27.0061
55.7895	27.0022
55.9117	26.9969
56.0313	26.9882
56.1523	27.0032
56.2702	27.0056
56.3914	26.9984
56.5103	26.9969
56.6312	26.9998
56.7523	26.9984
56.8725	27.0071
56.9931	27.0119
57.1145	26.9873
57.2352	26.9955
57.3548	27.0042
57.4753	27.0051
57.5955	26.9964
57.7139	26.9979
57.8321	26.9998
57.9514	26.9882
58.0706	27.0022
58.1909	27.0066
58.3114	26.9955
58.4317	27.0008
58.5498	26.9921
58.6690	26.9974
58.7841	26.9931
58.9026	26.9858
59.0223	27.0056
59.1419	27.0018
59.2621	26.9969
59.3827	27.0076
59.5032	26.9940
59.6223	26.9940
59.7440	27.0013
59.8631	26.9892
59.9836	26.9945
60.1021	26.9974
60.2216	26.9979
60.3448	27.0018
60.4646	26.9766
60.5855	26.9907
60.7048	26.9969
60.8255	26.9839
60.9428	26.9791
61.0618	26.9815
61.1803	26.9940
61.2967	26.9878
61.4156	27.0061
61.5343	27.0022
61.6541	27.0003
61.7755	26.9935
61.8949	26.9892
62.0156	26.9974
62.1344	27.0032
62.2528	27.0003
62.3712	27.0027
62.4848	27.0022
62.6051	26.9791
62.7219	26.9950
62.8374	26.9969
62.9566	26.9892
63.0729	26.9921
63.1921	26.9873
63.3108	26.9926
63.4264	26.9849
63.5447	26.9805
63.6655	26.9873
63.7853	26.9834
63.9031	26.9684
64.0228	26.9945
64.1437	26.9979
64.2654	26.9926
64.3809	26.9989
64.5014	26.9849
64.6214	26.9892
64.7416	26.9704
64.8620	26.9786
64.9813	26.9902
65.1011	26.9853
65.2211	26.9733
65.3426	26.9699
65.4648	26.9940
65.5846	26.9960
65.7040	26.9858
65.8239	26.9945
65.9452	26.9718
66.0649	26.9839
66.1848	27.0022
66.3048	26.9902
66.4256	26.9863
66.5456	26.9791
66.6648	26.9974
66.7838	26.9955
66.9035	26.9781
67.0209	26.9800
67.1414	26.9752
67.2611	26.9641
67.3815	26.9795
67.5018	26.9964
67.6195	26.9728
67.7379	26.9766
67.8582	26.9737
67.9778	26.9892
68.0969	26.9689
68.2178	26.9713
68.3373	26.9829
68.4573	26.9699
68.5759	26.9699
68.6957	26.9800
68.8150	26.9737
68.9354	26.9907
69.0533	26.9902
69.1731	26.9723
69.2933	26.9660
69.4134	26.9684
69.5337	26.9795
69.6534	26.9829
69.7733	26.9660
69.8937	26.9795
70.0142	26.9718
70.1331	26.9612
70.2532	26.9694
70.3755	26.9737
70.4975	26.9530
70.6177	26.9781
70.7381	26.9786
70.8570	26.9578
70.9766	26.9684
71.0967	26.9786
71.2126	26.9675
71.3325	26.9636
71.4523	26.9650
71.5717	26.9675
71.6932	26.9708
71.8110	26.9583
71.9298	26.9650
72.0492	26.9791
72.1670	26.9496
72.2857	26.9554
72.4042	26.9636
72.5254	26.9805
72.6452	26.9795
72.7641	26.9641
72.8798	26.9733
72.9991	26.9675
73.1192	26.9704
73.2377	26.9723
73.3560	26.9549
73.4762	26.9699
73.5956	26.9689
73.7153	26.9539
73.8339	26.9853
73.9519	26.9766
74.0715	26.9631
74.1919	26.9588
74.3106	26.9844
74.4294	26.9520
74.5493	26.9496
74.6690	26.9612
74.7887	26.9742
74.9072	26.9911
75.0269	26.9544
75.1470	26.9708
75.2689	26.9607
75.3847	26.9607
75.5043	26.9554
75.6259	26.9636
75.7457	26.9704
75.8645	26.9718
75.9802	26.9641
76.1003	26.9573
76.2206	26.9525
76.3419	26.9670
76.4598	26.9689
76.5815	26.9916
76.7028	26.9655
76.8235	26.9655
76.9434	26.9646
77.0633	26.9626
77.1844	26.9530
77.3039	26.9684
77.4263	26.9501
77.5487	26.9534
77.6697	26.9781
77.7912	26.9641
77.9123	26.9708
78.0288	26.9718
78.1485	26.9728
78.2670	26.9684
78.3864	26.9810
78.5064	26.9641
78.6230	26.9757
78.7434	26.9824
78.8627	26.9713
78.9799	26.9559
79.0939	26.9708
79.2129	26.9689
79.3328	26.9665
79.4519	26.9786
79.5706	26.9583
79.6910	26.9602
79.8116	26.9578
79.9318	26.9578
80.0510	26.9505
80.1668	26.9713
80.2858	26.9762
80.4068	26.9718
80.5285	26.9679
80.6501	26.9752
80.7697	26.9742
80.8915	26.9612
81.0112	26.9626
81.1320	26.9549
81.2518	26.9505
81.3697	26.9718
81.4856	26.9670
81.6042	26.9718
81.7246	26.9771
81.8436	26.9636
81.9635	26.9679
82.0819	26.9655
82.1973	26.9641
82.3170	26.9675
82.4403	26.9559
82.5524	26.9762
82.6726	26.9641
82.7931	26.9766
82.9141	26.9694
83.0355	26.9766
83.1555	26.9805
83.2756	26.9684
83.3956	26.9742
83.5149	26.9733
83.6352	26.9588
83.7544	26.9820
83.8737	26.9708
83.9924	26.9525
84.1118	26.9747
84.2322	26.9728
84.3522	26.9650
84.4731	26.9477
84.5924	26.9713
84.7136	26.9762
84.8302	26.9762
84.9510	26.9708
85.0692	26.9781
85.1897	26.9602
85.3102	26.9573
85.4293	26.9641
85.5510	26.9636
85.6697	26.9737
85.7885	26.9791
85.9082	26.9713
86.0273	26.9747
86.1465	26.9762
86.2675	26.9752
86.3862	26.9612
86.5033	26.9810
86.6231	26.9665
86.7442	26.9742
86.8639	26.9742
86.9833	26.9549
87.1025	26.9810
87.2200	26.9844
87.3351	26.9805
87.4548	26.9689
87.5756	26.9998
87.6954	26.9670
87.8156	26.9911
87.9359	26.9684
88.0546	26.9776
88.1736	26.9829
88.2928	26.9824
88.4113	26.9858
88.5305	26.9704
88.6491	26.9713
88.7671	26.9718
88.8857	26.9704
89.0011	26.9800
89.1208	26.9747
89.2411	26.9723
89.3611	26.9757
89.4803	26.9617
89.6010	26.9897
89.7209	26.9689
89.8418	26.9766
89.9626	26.9781
90.0829	26.9708
90.2026	26.9887
90.3230	26.9776
90.4375	26.9844
90.5566	26.9834
90.6766	26.9863
90.7967	26.9679
90.9168	26.9786
91.0372	26.9747
91.1557	26.9820
91.2746	26.9757
91.3934	26.9737
91.5092	26.9839
91.6290	26.9907
91.7485	26.9684
91.8681	26.9829
91.9878	26.9940
92.1063	26.9810
92.2249	26.9824
92.3447	26.9655
92.4649	26.9757
92.5839	26.9882
92.7164	26.9737
92.8363	26.9974
92.9552	26.9660
93.0756	26.9752
93.1957	26.9974
93.3161	26.9844
93.4345	26.9931
93.5509	26.9800
93.6701	26.9839
93.7900	26.9723
93.9096	26.9820
94.0277	26.9781
94.1485	26.9800
94.2690	26.9824
94.3902	26.9834
94.5105	26.9704
94.6297	26.9791
94.7500	26.9844
94.8680	26.9791
94.9845	26.9762
95.1044	26.9781
95.2257	26.9617
95.3462	26.9873
95.4665	26.9713
95.5867	26.9824
95.7071	26.9723
95.8276	26.9810
95.9466	26.9849
96.0670	26.9984
96.1868	26.9781
96.3076	26.9829
96.4274	26.9829
96.5436	26.9766
96.6631	26.9969
96.7828	26.9800
96.9025	26.9810
97.0232	26.9902
97.1442	26.9844
97.2644	26.9805
97.3844	26.9820
97.5033	26.9694
97.6218	26.9887
97.7361	26.9849
97.8571	26.9897
97.9772	27.0022
98.0971	26.9815
98.2150	26.9795
98.3281	26.9820
98.4447	26.9795
98.5648	26.9641
98.6858	26.9940
98.8062	26.9805
98.9249	26.9926
99.0407	26.9791
99.1605	26.9887
99.2796	26.9795
99.4016	26.9849
99.5217	26.9699
99.6436	26.9940
99.7646	26.9839
99.8847	26.9844
100.0027	26.9684
100.1237	26.9689
100.2432	26.9805
100.3642	26.9786
100.4823	26.9810
100.5967	26.9795
100.7179	26.9800
100.8353	26.9834
100.9547	26.9781
101.0737	26.9902
101.1937	26.9704
101.3142	27.0027
101.4321	26.9849
101.5505	26.9762
101.6697	26.9733
101.7914	26.9689
101.9118	26.9684
102.0301	26.9699
102.1506	26.9873
102.2691	26.9636
102.3878	26.9829
102.5029	26.9733
102.6238	26.9757
102.7452	26.9699
102.8654	26.9757
102.9817	26.9684
103.0995	26.9921
103.2185	26.9718
103.3384	26.9679
103.4582	26.9979
103.5772	26.9737
103.6970	26.9815
103.8169	26.9747
103.9365	26.9718
104.0533	26.9868
104.1726	26.9728
104.2934	26.9815
104.4130	26.9795
104.5329	26.9766
104.6522	26.9621
104.7723	26.9820
104.8925	26.9810
105.0140	26.9655
105.1343	26.9757
105.2539	26.9950
105.3754	26.9805
105.4944	26.9868
105.6135	26.9820
105.7339	26.9771
105.8536	26.9820
105.9737	26.9853
106.0943	26.9786
106.2141	26.9747
106.3341	26.9820
106.4538	26.9916
106.5705	26.9853
106.6920	26.9926
106.8111	26.9844
106.9309	26.9791
107.0504	26.9815
107.1667	26.9766
107.2872	26.9747
107.4067	26.9781
107.5266	26.9839
107.6462	26.9955
107.7666	26.9781
107.8862	26.9766
108.0045	27.0018
108.1188	26.9786
108.2396	26.9776
108.3595	26.9771
108.4798	26.9940
108.5997	26.9935
108.7190	26.9704
108.8399	26.9950
108.9591	26.9689
109.0749	26.9795
109.1953	26.9882
109.3154	26.9689
109.4351	26.9863
109.5544	26.9935
109.6742	27.0129
109.7939	26.9882
109.9138	26.9892
110.0344	26.9907
110.1528	26.9810
110.2727	26.9766
110.3940	26.9805
110.5135	26.9887
110.6336	26.9858
110.7516	26.9776
110.8722	26.9844
110.9934	26.9820
111.1148	26.9882
111.2353	26.9650
111.3557	26.9723
111.4758	26.9791
111.5906	26.9829
111.7108	26.9820
111.8289	26.9935
111.9499	26.9704
112.0690	27.0018
112.1838	26.9926
112.3029	26.9820
112.4227	26.9655
112.5425	26.9800
112.6625	26.9839
112.7755	26.9602
112.8979	26.9810
113.0184	26.9791
113.1391	26.9762
113.2588	26.9559
113.3754	26.9694
113.4953	26.9781
113.6154	26.9815
113.7347	26.9989
113.8544	26.9974
113.9743	26.9713
114.0935	26.9675
114.2140	26.9699
114.3342	26.9887
114.4534	26.9849
114.5733	26.9810
114.6946	26.9902
114.8154	26.9844
114.9348	26.9853
115.0557	26.9829
115.1767	26.9911
115.2964	26.9882
115.4169	26.9945
115.5356	26.9762
115.6554	26.9839
115.7735	26.9892
115.8938	26.9728
116.0146	26.9795
116.1333	26.9839
116.2526	26.9704
116.3743	26.9907
116.4937	26.9733
116.6126	26.9762
116.7336	26.9795
116.8534	26.9728
116.9748	26.9737
117.0948	26.9834
117.2145	26.9868
117.3320	26.9733
117.4460	26.9989
117.5631	26.9694
117.6821	26.9868
117.7991	26.9689
117.9186	26.9737
118.0394	26.9699
118.1560	26.9554
118.2763	26.9520
118.3951	26.9665
118.5097	26.9882
118.6302	26.9805
118.7501	26.9708
118.8701	26.9704
118.9899	26.9733
119.1087	26.9935
119.2296	26.9699
119.3501	26.9771
119.4701	26.9713
119.5901	26.9612
119.7103	26.9723
119.8299	26.9505
119.9496	26.9878
120.0685	26.9689
120.1851	26.9646
120.3055	26.9974
120.4266	26.9650
120.5436	26.9800
120.6623	26.9829
120.7842	26.9824
120.9057	26.9655
121.0270	26.9554
121.1471	26.9539
121.2671	26.9607
121.3872	26.9689
121.5079	26.9699
121.6283	26.9665
121.7466	26.9752
121.8666	26.9679
121.9856	26.9684
122.1053	26.9747
122.2263	26.9670
122.3449	26.9713
122.4635	26.9626
122.5833	26.9771
122.7026	26.9505
122.8225	26.9544
122.9425	26.9670
123.0625	26.9679
123.1829	26.9563
123.3021	26.9505
123.4200	26.9689
123.5407	26.9617
123.6604	26.9573
123.7801	26.9655
123.8996	26.9815
124.0177	26.9815
124.1373	26.9563
124.2574	26.9660
124.3773	26.9477
124.4964	26.9723
124.6159	26.9781
124.7358	26.9544
124.8565	26.9704
124.9753	26.9786
125.0954	26.9723
125.2155	26.9559
125.3334	26.9496
125.4537	26.9853
125.5745	26.9868
125.6940	26.9786
125.8119	26.9607
125.9317	26.9733
126.0500	26.9655
126.1677	26.9679
126.2884	26.9771
126.4080	26.9718
126.5267	26.9689
126.6469	26.9602
126.7668	26.9718
126.8864	26.9583
127.0070	26.9713
127.1262	26.9694
127.2466	26.9950
127.3663	26.9805
127.4852	26.9621
127.6055	26.9699
127.7247	26.9539
127.8447	26.9723
127.9632	26.9733
128.0826	26.9670
128.2009	26.9708
128.3195	26.9786
128.4398	26.9723
128.5609	26.9699
128.6790	26.9781
128.7989	26.9728
128.9179	26.9752
129.0361	26.9679
129.1555	26.9452
129.2762	26.9515
129.3960	26.9718
129.5166	26.9646
129.6360	26.9655
129.7555	26.9689
129.8746	26.9568
129.9951	26.9723
130.1134	26.9515
130.2326	26.9675
130.3524	26.9641
130.4719	26.9505
130.5926	26.9728
130.7133	26.9708
130.8332	26.9530
130.9519	26.9694
131.0726	26.9621
131.1918	26.9815
131.3119	26.9515
131.4329	26.9592
131.5505	26.9530
131.6698	26.9520
131.7912	26.9583
131.9100	26.9583
132.0284	26.9477
132.1485	26.9626
132.2680	26.9578
132.3869	26.9588
132.5069	26.9607
132.6275	26.9675
132.7467	26.9419
132.8665	26.9670
132.9867	26.9617
133.1058	26.9839
133.2255	26.9525
133.3448	26.9626
133.4647	26.9404
133.5837	26.9443
133.7031	26.9858
133.8230	26.9699
133.9407	26.9684
134.0610	26.9554
134.1806	26.9491
134.2999	26.9670
134.4175	26.9433
134.5371	26.9375
134.6562	26.9641
134.7744	26.9549
134.8907	26.9665
135.0071	26.9539
135.1276	26.9699
135.2471	26.9568
135.3636	26.9404
135.4830	26.9481
135.6033	26.9525
135.7245	26.9365
135.8451	26.9699
135.9634	26.9539
136.0829	26.9563
136.2019	26.9530
136.3199	26.9375
136.4402	26.9409
136.5573	26.9332
136.6745	26.9278
136.7917	26.9530
136.9125	26.9530
137.0297	26.9578
137.1488	26.9380
137.2681	26.9631
137.3869	26.9307
137.5073	26.9481
137.6266	26.9477
137.7456	26.9505
137.8653	26.9404
137.9855	26.9583
138.1061	26.9443
138.2261	26.9414
138.3442	26.9390
138.4615	26.9351
138.5804	26.9467
138.6997	26.9409
138.8192	26.9467
138.9402	26.9336
139.0600	26.9303
139.1780	26.9303
139.2954	26.9220
139.4155	26.9336
139.5341	26.9510
139.6522	26.9428
139.7744	26.9515
139.8947	26.9491
140.0120	26.9544
140.1266	26.9481
140.2454	26.9631
140.3663	26.9428
140.4851	26.9452
140.6011	26.9394
140.7227	26.9254
140.8443	26.9264
140.9654	26.9370
141.0827	26.9385
141.2012	26.9655
141.3218	26.9390
141.4423	26.9448
141.5623	26.9486
141.6805	26.9312
141.7951	26.9404
141.9156	26.9457
142.0345	26.9249
142.1532	26.9288
142.2740	26.9365
142.3934	26.9385
142.5124	26.9390
142.6265	26.9351
142.7472	26.9394
142.8659	26.9283
142.9875	26.9385
143.1066	26.9230
143.2245	26.9491
143.3451	26.9462
143.4667	26.9317
143.5862	26.9525
143.7058	26.9409
143.8256	26.9327
143.9457	26.9414
144.0664	26.9332
144.1854	26.9409
144.3003	26.9341
144.4191	26.9109
144.5396	26.9288
144.6596	26.9385
144.7785	26.9288
144.8995	26.9264
145.0188	26.9481
145.1388	26.9307
145.2591	26.9283
145.3781	26.9307
145.4970	26.9274
145.6171	26.9385
145.7382	26.9346
145.8572	26.9293
145.9768	26.9433
146.0965	26.9375
146.2158	26.9187
146.3310	26.9361
146.4497	26.9491
146.5678	26.9240
146.6855	26.9133
146.8020	26.9341
146.9215	26.9278
147.0418	26.9341
147.1598	26.9264
147.2788	26.9385
147.3954	26.9264
147.5156	26.9254
147.6346	26.9158
147.7557	26.9249
147.8765	26.9177
147.9966	26.9288
148.1173	26.9303
148.2344	26.9259
148.3505	26.9298
148.4702	26.9278
148.5907	26.9114
148.7107	26.9138
148.8294	26.9216
148.9495	26.9269
149.0679	26.9080
149.1812	26.9182
149.2985	26.9356
149.4173	26.9259
149.5374	26.9172
149.6572	26.9293
149.7779	26.9172
149.8973	26.9076
150.0164	26.9196
150.1357	26.9196
150.2560	26.9269
150.3741	26.8955
150.4890	26.9080
150.6091	26.9071
150.7280	26.9138
150.8471	26.9003
150.9671	26.9225
151.0855	26.9274
151.2057	26.9162
151.3262	26.8839
151.4453	26.8993
151.5654	26.9022
151.6847	26.9051
151.8054	26.9254
151.9254	26.9051
152.0442	26.9066
152.1621	26.9042
152.2804	26.9293
152.4013	26.8993
152.5211	26.9003
152.6397	26.9076
152.7545	26.8974
152.8747	26.8791
152.9929	26.9105
153.1130	26.8795
153.2315	26.9085
153.3507	26.8829
153.4699	26.8945
153.5900	26.8829
153.7102	26.8771
153.8303	26.8984
153.9497	26.8800
154.0685	26.8824
154.1886	26.8795
154.3090	26.8815
154.4290	26.8897
154.5486	26.8902
154.6672	26.8877
154.7868	26.8848
154.9067	26.8819
155.0249	26.8786
155.1446	26.9008
155.2656	26.8844
155.3851	26.8650
155.5045	26.8834
155.6267	26.8694
155.7460	26.8868
155.8657	26.8708
155.9853	26.8863
156.1055	26.8776
156.2250	26.8815
156.3444	26.8752
156.4634	26.8762
156.5822	26.8795
156.7018	26.8665
156.8206	26.8781
156.9415	26.8805
157.0617	26.8747
157.1815	26.8626
157.2999	26.8684
157.4136	26.8718
157.5350	26.8844
157.6556	26.8646
157.7745	26.8592
157.8901	26.8839
158.0099	26.8675
158.1298	26.8713
158.2487	26.8631
158.3670	26.8795
158.4856	26.8602
158.6003	26.8525
158.7176	26.8650
158.8366	26.8670
158.9573	26.8612
159.0775	26.8646
159.1964	26.8646
159.3154	26.8781
159.4323	26.8539
159.5523	26.8496
159.6719	26.8708
159.7857	26.8617
159.9067	26.8626
160.0266	26.8602
160.1466	26.8592
160.2667	26.8578
160.3869	26.8520
160.5067	26.8641
160.6278	26.8477
160.7466	26.8815
160.8659	26.8631
160.9857	26.8805
161.1052	26.8534
161.2260	26.8607
161.3447	26.8650
161.4648	26.8713
161.5851	26.8602
161.7038	26.8602
161.8182	26.8679
161.9336	26.8718
162.0531	26.8568
162.1724	26.8578
162.2914	26.8510
162.4071	26.8621
162.5277	26.8670
162.6486	26.8689
162.7682	26.8554
162.8882	26.8390
163.0081	26.8559
163.1264	26.8496
163.2460	26.8317
163.3663	26.8621
163.4857	26.8631
163.6065	26.8496
163.7284	26.8665
163.8470	26.8472
163.9661	26.8501
164.0857	26.8380
164.2061	26.8472
164.3251	26.8559
164.4425	26.8467
164.5629	26.8341
164.6839	26.8563
164.8024	26.8341
164.9185	26.8419
165.0399	26.8341
165.1569	26.8578
165.2770	26.8448
165.3983	26.8414
165.5182	26.8423
165.6379	26.8351
165.7588	26.8419
165.8781	26.8361
165.9988	26.8269
166.1172	26.8404
166.2371	26.8327
166.3568	26.8303
166.4765	26.8327
166.5965	26.8443
166.7161	26.8341
166.8350	26.8559
166.9502	26.8356
167.0686	26.8312
167.1837	26.8317
167.3027	26.8303
167.4235	26.8375
167.5441	26.8283
167.6590	26.8385
167.7783	26.8505
167.8992	26.8312
168.0154	26.8448
168.1341	26.8061
168.2537	26.8481
168.3738	26.8312
168.4942	26.8409
168.6134	26.8380
168.7339	26.8216
168.8531	26.8505
168.9710	26.8298
169.0891	26.8303
169.2099	26.8520
169.3281	26.8515
169.4447	26.8375
169.5647	26.8259
169.6848	26.8332
169.8069	26.8394
169.9269	26.8486
170.0471	26.8167
170.1662	26.8249
170.2858	26.8013
170.4074	26.8332
170.5264	26.8274
170.6468	26.8322
170.7662	26.8201
170.8868	26.8158
171.0071	26.8211
171.1246	26.8192
171.2435	26.8390
171.3627	26.8264
171.4811	26.8211
171.5997	26.8365
171.7199	26.8187
171.8400	26.8105
171.9572	26.8317
172.0777	26.8047
172.1978	26.8211
172.3179	26.8158
172.4380	26.8278
172.5558	26.8428
172.6760	26.8307
172.7955	26.8351
172.9151	26.8312
173.0340	26.8274
173.1517	26.8332
173.2723	26.8298
173.3916	26.8515
173.5111	26.8119
173.6296	26.8414
173.7495	26.8158
173.8697	26.8172
173.9899	26.8332
174.1080	26.8259
174.2217	26.8105
174.3420	26.8206
174.4603	26.8192
174.5793	26.8196
174.6994	26.8259
174.8190	26.8259
174.9366	26.8346
175.0565	26.8264
175.1761	26.8153
175.2955	26.8129
175.4161	26.8163
175.5355	26.8230
175.6566	26.8192
175.7764	26.8259
175.8965	26.8245
176.0170	26.8129
176.1362	26.8216
176.2566	26.8312
176.3756	26.8269
176.4954	26.8124
176.6139	26.8153
176.7333	26.7964
176.8518	26.8206
176.9702	26.8278
177.0889	26.8051
177.2084	26.8249
177.3257	26.8066
177.4455	26.8167
177.5636	26.8216
177.6824	26.8182
177.8003	26.7979
177.9202	26.8481
178.0398	26.8051
178.1580	26.8061
178.2781	26.8022
178.3975	26.7974
178.5173	26.8148
178.6368	26.8288
178.7565	26.8013
178.8767	26.8109
178.9965	26.8235
179.1159	26.8134
179.2327	26.8177
179.3489	26.8211
179.4673	26.8071
179.5879	26.8288
179.7085	26.8061
179.8290	26.8196
179.9488	26.8216
180.0686	26.8148
180.1887	26.8187
180.3091	26.8134
180.4287	26.8085
180.5490	26.8095
180.6685	26.8008
180.7867	26.8312
180.9065	26.8032
181.0272	26.8235
181.1453	26.8322
181.2649	26.8119
181.3846	26.8056
181.5043	26.7902
181.6251	26.8027
181.7455	26.8119
181.8635	26.8114
181.9799	26.7989
182.0987	26.8022
182.2181	26.8211
182.3365	26.8283
182.4506	26.8380
182.5694	26.8230
182.6900	26.8206
182.8107	26.7998
182.9298	26.8085
183.0483	26.8143
183.1701	26.8037
183.2908	26.8095
183.4103	26.8114
183.5292	26.8124
183.6477	26.8211
183.7665	26.7998
183.8856	26.8061
184.0057	26.8138
184.1257	26.8003
184.2470	26.7945
184.3673	26.8071
184.4847	26.8080
184.5991	26.8245
184.7172	26.8182
184.8363	26.8235
184.9571	26.8085
185.0770	26.8129
185.1968	26.8003
185.3165	26.8080
185.4372	26.8153
185.5564	26.8090
185.6776	26.7960
185.7965	26.7950
185.9155	26.7979
186.0349	26.8022
186.1547	26.7979
186.2754	26.8148
186.3961	26.8018
186.5153	26.8163
186.6347	26.8124
186.7547	26.8148
186.8754	26.8182
186.9958	26.8071
187.1157	26.8056
187.2356	26.8129
187.3553	26.8022
187.4747	26.8153
187.5941	26.8220
187.7149	26.8230
187.8339	26.8080
187.9528	26.7989
188.0707	26.8196
188.1920	26.8158
188.3121	26.8230
188.4316	26.7998
188.5516	26.8225
188.6703	26.8119
188.7888	26.8138
188.9092	26.8211
189.0288	26.8264
189.1484	26.8278
189.2668	26.8080
189.3862	26.8032
189.5063	26.8047
189.6259	26.8076
189.7431	26.8056
189.8628	26.8051
189.9825	26.8283
190.1022	26.8192
190.2235	26.8056
190.3436	26.8249
190.4652	26.8071
190.5854	26.8056
190.7063	26.8022
190.8263	26.8245
190.9456	26.7993
191.0655	26.8134
191.1845	26.8066
191.3042	26.8303
191.4246	26.8288
191.5456	26.8230
191.6657	26.8322
191.7853	26.8230
191.9052	26.8322
192.0223	26.8211
192.1423	26.8124
192.2603	26.8220
192.3736	26.8177
192.4946	26.8119
192.6150	26.8129
192.7338	26.8235
192.8499	26.8254
192.9689	26.8182
193.0882	26.8216
193.2083	26.8182
193.3285	26.8327
193.4453	26.8163
193.5648	26.8225
193.6847	26.8066
193.8055	26.8196
193.9257	26.8119
194.0455	26.8332
194.1656	26.8095
194.2835	26.8109
194.4025	26.8090
194.5241	26.8370
194.6437	26.8443
194.7640	26.8249
194.8813	26.8220
194.9947	26.8274
195.1155	26.8201
195.2345	26.8177
195.3546	26.8056
195.4766	26.8206
195.5977	26.8211
195.7163	26.8047
195.8304	26.8080
195.9504	26.8051
196.0711	26.8124
196.1915	26.8124
196.3109	26.8240
196.4306	26.8148
196.5492	26.8192
196.6683	26.8230
196.7879	26.8274
196.9062	26.8230
197.0238	26.8192
197.1392	26.8201
197.2576	26.8230
197.3778	26.8105
197.4980	26.8119
197.6171	26.8153
197.7373	26.7969
197.8569	26.8138
197.9764	26.8220
198.0936	26.8278
198.2124	26.8076
198.3321	26.8013
198.4501	26.8027
198.5694	26.8080
198.6899	26.8129
198.8091	26.7974
198.9288	26.8076
199.0485	26.8056
199.1701	26.8071
199.2904	26.8187
199.4092	26.8022
199.5278	26.8182
199.6442	26.7979
199.7637	26.8196
199.8831	26.8134
200.0023	26.8018
200.1226	26.8061
200.2436	26.8307
200.3650	26.8196
200.4857	26.8167
200.6069	26.8080
200.7259	26.8114
200.8401	26.7989
200.9610	26.7960
201.0814	26.8153
201.2008	26.7969
201.3214	26.7964
201.4413	26.8109
201.5596	26.8071
201.6779	26.8061
201.7979	26.7998
201.9169	26.8085
202.0360	26.8220
202.1517	26.8066
202.2701	26.8124
202.3914	26.8269
202.5102	26.8119
202.6242	26.8109
202.7444	26.8206
202.8645	26.8124
202.9844	26.8351
203.1043	26.7979
203.2255	26.8167
203.3445	26.8259
203.4647	26.8051
203.5831	26.8022
203.7029	26.7979
203.8230	26.8225
203.9430	26.8003
204.0632	26.7916
204.1823	26.8143
204.2977	26.8013
204.4165	26.8216
204.5367	26.8134
204.6540	26.8143
204.7753	26.7960
204.8956	26.8129
205.0142	26.8172
205.1339	26.8206
205.2541	26.8138
205.3753	26.8066
205.4966	26.8380
205.6177	26.8307
205.7373	26.7878
205.8585	26.8177
205.9788	26.7911
206.0986	26.7979
206.2171	26.8027
206.3305	26.8182
206.4493	26.8051
206.5688	26.7993
206.6871	26.8013
206.8068	26.8090
206.9267	26.8080
207.0475	26.8124
207.1615	26.8124
207.2798	26.8192
207.3979	26.8095
207.5181	26.8182
207.6400	26.7979
207.7603	26.8061
207.8812	26.8071
207.9988	26.8047
208.1184	26.8027
208.2387	26.7989
208.3588	26.8100
208.4783	26.8216
208.5976	26.8153
208.7165	26.8071
208.8346	26.8095
208.9535	26.8051
209.0717	26.8211
209.1910	26.8042
209.3095	26.8042
209.4297	26.7863
209.5496	26.7902
209.6668	26.8177
209.7871	26.8220
209.9078	26.8119
210.0287	26.8071
210.1485	26.8211
210.2684	26.8187
210.3894	26.8109
210.5087	26.7911
210.6269	26.8278
210.7466	26.8187
210.8661	26.8187
210.9847	26.8071
211.1040	26.8056
211.2241	26.8080
211.3439	26.8211
211.4635	26.7960
211.5814	26.7931
211.7006	26.8278
211.8200	26.8206
211.9409	26.8061
212.0612	26.8138
212.1804	26.8303
212.2985	26.8080
212.4177	26.8037
212.5385	26.8085
212.6570	26.7979
212.7722	26.8163
212.8929	26.8032
213.0128	26.8013
213.1317	26.7984
213.2505	26.8090
213.3694	26.8095
213.4895	26.8051
213.6096	26.7998
213.7273	26.7998
213.8455	26.8163
213.9637	26.8109
214.0833	26.8114
214.2035	26.8051
214.3245	26.8196
214.4417	26.8037
214.5573	26.8177
214.6772	26.8138
214.7971	26.8254
214.9147	26.8163
215.0311	26.8022
215.1515	26.8143
215.2722	26.8047
215.3932	26.8172
215.5142	26.8196
215.6287	26.7993
215.7481	26.8172
215.8669	26.8264
215.9884	26.8148
216.1082	26.8109
216.2280	26.8066
216.3453	26.8100
216.4653	26.8201
216.5862	26.8182
216.7074	26.8327
216.8269	26.7984
216.9465	26.8047
217.0654	26.8332
217.1858	26.8085
217.3056	26.8134
217.4256	26.8056
217.5424	26.8196
217.6583	26.8163
217.7787	26.7998
217.8981	26.8192
218.0174	26.7993
218.1378	26.8105
218.2561	26.8245
218.3754	26.8196
218.4946	26.8047
218.6134	26.8172
218.7328	26.8225
218.8523	26.8225
218.9735	26.8365
219.0913	26.8051
219.2102	26.8196
219.3319	26.8201
219.4515	26.8047
219.5715	26.8322
219.6897	26.8283
219.8095	26.8278
219.9286	26.8153
220.0484	26.8278
220.1655	26.8109
220.2841	26.8293
220.4061	26.8240
220.5275	26.8298
220.6461	26.8158
220.7629	26.8409
220.8822	26.8201
221.0001	26.8119
221.1210	26.8259
221.2422	26.8201
221.3629	26.8390
221.4826	26.8003
221.6011	26.8167
221.7143	26.8211
221.8304	26.8216
221.9492	26.8187
222.0700	26.8105
222.1912	26.8356
222.3119	26.8134
222.4307	26.8409
222.5488	26.8105
222.6680	26.8448
222.7871	26.8293
222.9078	26.8240
223.0291	26.8240
223.1480	26.8254
223.2683	26.8225
223.3883	26.8076
223.5082	26.8274
223.6262	26.8278
223.7455	26.8134
223.8633	26.8288
223.9826	26.8187
224.1025	26.8225
224.2225	26.8187
224.3426	26.8423
224.4605	26.8245
224.5811	26.8259
224.6981	26.8303
224.8124	26.8143
224.9275	26.8240
225.0472	26.8100
225.1678	26.8414
225.2887	26.8283
225.4104	26.8177
225.5312	26.8196
225.6522	26.8356
225.7743	26.8452
225.8941	26.8158
226.0144	26.8047
226.1360	26.8259
226.2576	26.8172
226.3768	26.8201
226.4963	26.8240
226.6161	26.7887
226.7353	26.8370
226.8547	26.8206
226.9724	26.8399
227.0924	26.8264
227.2116	26.8317
227.3296	26.8336
227.4486	26.8201
227.5663	26.8196
227.6847	26.8201
227.8039	26.8317
227.9254	26.8143
228.0463	26.8380
228.1671	26.8322
228.2872	26.8370
228.4072	26.8327
228.5277	26.8177
228.6468	26.8356
228.7666	26.8278
228.8867	26.8235
229.0065	26.8230
229.1270	26.8390
229.2481	26.8288
229.3679	26.8327
229.4880	26.8225
229.6074	26.8370
229.7256	26.8433
229.8453	26.8254
229.9650	26.8235
230.0848	26.8423
230.2060	26.8361
230.3249	26.8225
230.4464	26.8375
230.5674	26.8240
230.6899	26.8356
230.8090	26.8525
230.9230	26.8462
231.0430	26.8298
231.1626	26.8467
231.2830	26.8254
231.4047	26.8143
231.5261	26.8211
231.6479	26.8312
231.7675	26.8423
231.8893	26.8621
232.0102	26.8278
232.1286	26.8346
232.2422	26.8182
232.3601	26.8515
232.4784	26.8414
232.5976	26.8409
232.7177	26.8196
232.8376	26.8428
232.9575	26.8390
233.0773	26.8303
233.1984	26.8481
233.3186	26.8361
233.4384	26.8230
233.5568	26.8568
233.6761	26.8356
233.7956	26.8303
233.9136	26.8298
234.0311	26.8414
234.1507	26.8433
234.2694	26.8341
234.3877	26.8457
234.5069	26.8361
234.6265	26.8327
234.7445	26.8336
234.8590	26.8399
234.9736	26.8423
235.0947	26.8317
235.2154	26.8322
235.3357	26.8428
235.4564	26.8501
235.5767	26.8530
235.6973	26.8510
235.8159	26.8457
235.9355	26.8448
236.0547	26.8332
236.1757	26.8477
236.2956	26.8327
236.4096	26.8365
236.5305	26.8404
236.6481	26.8303
236.7667	26.8216
236.8864	26.8462
237.0066	26.8346
237.1269	26.8534
237.2467	26.8428
237.3619	26.8534
237.4768	26.8443
237.5955	26.8554
237.7155	26.8544
237.8352	26.8249
237.9559	26.8327
238.0758	26.8462
238.1963	26.8496
238.3163	26.8351
238.4346	26.8356
238.5554	26.8554
238.6764	26.8351
238.7960	26.8481
238.9152	26.8365
239.0341	26.8351
239.1538	26.8365
239.2730	26.8573
239.3939	26.8592
239.5126	26.8728
239.6324	26.8404
239.7500	26.8399
239.8667	26.8419
239.9837	26.8491
240.0944	26.8394
240.2048	26.8370
240.3151	26.8317
240.4255	26.8423
240.5416	26.8399
240.6603	26.8481
240.7772	26.8423
240.8957	26.8472
241.0109	26.8520
241.1300	26.8472
241.2504	26.8428
241.3709	26.8626
241.4930	26.8419
241.6133	26.8573
241.7323	26.8428
241.8517	26.8380
241.9720	26.8438
242.0914	26.8520
242.2109	26.8597
242.3291	26.8462
242.4467	26.8631
242.5616	26.8448
242.6765	26.8462
242.7911	26.8665
242.9109	26.8317
243.0302	26.8505
243.1499	26.8592
243.2696	26.8559
243.3895	26.8539
243.5099	26.8646
243.6297	26.8549
243.7487	26.8496
243.8683	26.8646
243.9891	26.8650
244.1099	26.8617
244.2298	26.8525
244.3488	26.8588
244.4685	26.8631
244.5895	26.8477
244.7109	26.8704
244.8294	26.8665
244.9455	26.8462
245.0651	26.8520
245.1851	26.8573
245.3040	26.8414
245.4247	26.8477
245.5456	26.8361
245.6654	26.8559
245.7855	26.8723
245.9042	26.8525
246.0251	26.8655
246.1459	26.8655
246.2669	26.8728
246.3867	26.8617
246.5072	26.8361
246.6264	26.8505
246.7465	26.8617
246.8664	26.8805
246.9867	26.8530
247.1057	26.8486
247.2250	26.8365
247.3440	26.8684
247.4623	26.8631
247.5836	26.8583
247.7051	26.8650
247.8204	26.8578
247.9398	26.8578
248.0601	26.8646
248.1794	26.8588
248.2998	26.8539
248.4186	26.8704
248.5383	26.8718
248.6593	26.8583
248.7783	26.8626
248.8934	26.8670
249.0132	26.8602
249.1323	26.8805
249.2508	26.8641
249.3706	26.8728
249.4898	26.8650
249.6100	26.8728
249.7289	26.8563
249.8483	26.8675
249.9656	26.8742
250.0842	26.8742
250.2053	26.8791
250.3255	26.8597
250.4450	26.8762
250.5651	26.8834
250.6848	26.8776
250.8054	26.8781
250.9246	26.8679
251.0434	26.8848
251.1615	26.8791
251.2819	26.8921
251.4000	26.8733
251.5191	26.8892
251.6394	26.8858
251.7585	26.8742
251.8727	26.8815
251.9937	26.8873
252.1141	26.8699
252.2333	26.8602
252.3496	26.8694
252.4669	26.8650
252.5868	26.8752
252.7058	26.8993
252.8254	26.8858
252.9455	26.8795
253.0652	26.8762
253.1841	26.8853
253.3045	26.8771
253.4250	26.8776
253.5451	26.8733
253.6627	26.8771
253.7810	26.8728
253.9002	26.8873
254.0191	26.8733
254.1393	26.8902
254.2593	26.8704
254.3785	26.8762
254.4985	26.8588
254.6166	26.8805
254.7343	26.8733
254.8537	26.8626
254.9696	26.8873
255.0895	26.8868
255.2103	26.8766
255.3313	26.8945
255.4514	26.8791
255.5729	26.8848
255.6938	26.8863
255.8135	26.8694
255.9333	26.8844
256.0542	26.8766
256.1685	26.9022
256.2884	26.8868
256.4075	26.8723
256.5270	26.8887
256.6469	26.8762
256.7659	26.8660
256.8831	26.8906
257.0025	26.8771
257.1170	26.8819
257.2385	26.8940
257.3574	26.8834
257.4738	26.8858
257.5941	26.8887
257.7143	26.8984
257.8334	26.8762
257.9539	26.8853
258.0730	26.8964
258.1937	26.8950
258.3129	26.8853
258.4324	26.8969
258.5519	26.9018
258.6717	26.8853
258.7913	26.8815
258.9116	26.8974
259.0305	26.9051
259.1506	26.8989
259.2708	26.8824
259.3902	26.9066
259.5101	26.8757
259.6308	26.8810
259.7494	26.8911
259.8695	26.8699
259.9894	26.8766
260.1084	26.8858
260.2275	26.8921
260.3472	26.8882
260.4676	26.9056
260.5875	26.8955
260.7066	26.8863
260.8264	26.8984
260.9462	26.8810
261.0658	26.8935
261.1864	26.9080
261.3064	26.8742
261.4266	26.8815
261.5466	26.8733
261.6654	26.8810
261.7856	26.8699
261.9052	26.8853
262.0240	26.8868
262.1435	26.8694
262.2629	26.8969
262.3809	26.8848
262.4972	26.8882
262.6115	26.8887
262.7317	26.8979
262.8531	26.8858
262.9735	26.8805
263.0940	26.8728
263.2101	26.9051
263.3300	26.8805
263.4476	26.8829
263.5674	26.8839
263.6866	26.8892
263.8067	26.8742
263.9270	26.8945
264.0470	26.8873
264.1677	26.8863
264.2879	26.8902
264.4084	26.9032
264.5269	26.8766
264.6464	26.8800
264.7658	26.8781
264.8873	26.8940
265.0078	26.8989
265.1273	26.8684
265.2465	26.9022
265.3662	26.8747
265.4866	26.8945
265.6070	26.8752
265.7275	26.8762
265.8478	26.8906
265.9666	26.9003
266.0867	26.8887
266.2057	26.8926
266.3257	26.8752
266.4463	26.8776
266.5653	26.8844
266.6839	26.8733
266.7986	26.8858
266.9131	26.8940
267.0324	26.8858
267.1530	26.8757
267.2733	26.8969
267.3938	26.9018
267.5139	26.8931
267.6337	26.8989
267.7546	26.8940
267.8750	26.8887
267.9941	26.8911
268.1142	26.8824
268.2346	26.9066
268.3547	26.8805
268.4699	26.8964
268.5902	26.8935
268.7104	26.8989
268.8299	26.8834
268.9484	26.8882
269.0676	26.8892
269.1885	26.8887
269.3079	26.8906
269.4265	26.8921
269.5464	26.8815
269.6655	26.8940
269.7862	26.8834
269.9066	26.8911
270.0267	26.9056
270.1461	26.8998
270.2655	26.8829
270.3843	26.9071
270.5055	26.8979
270.6250	26.8747
270.7452	26.8911
270.8655	26.9100
270.9845	26.9119
271.1044	26.9066
271.2250	26.9100
271.3447	26.9143
271.4650	26.8848
271.5834	26.9076
271.7045	26.8906
271.8242	26.9042
271.9440	26.8969
272.0634	26.8853
272.1820	26.8926
272.3015	26.9018
272.4219	26.9027
272.5429	26.8882
272.6608	26.8844
272.7779	26.8858
272.8965	26.8848
273.0165	26.8964
273.1364	26.8829
273.2567	26.9206
273.3765	26.9022
273.4969	26.8979
273.6160	26.8940
273.7334	26.8993
273.8538	26.8824
273.9724	26.8979
274.0896	26.9042
274.2055	26.8931
274.3264	26.9143
274.4462	26.8969
274.5660	26.8998
274.6868	26.8950
274.8059	26.8824
274.9238	26.9056
275.0424	26.8998
275.1612	26.8723
275.2816	26.9008
275.4029	26.8795
275.5253	26.9124
275.6473	26.8974
275.7663	26.8984
275.8867	26.8892
276.0069	26.9003
276.1267	26.8993
276.2476	26.8993
276.3675	26.8940
276.4898	26.8829
276.6106	26.9008
276.7303	26.8979
276.8461	26.9080
276.9655	26.8815
277.0842	26.8906
277.1989	26.9061
277.3205	26.8998
277.4405	26.8989
277.5572	26.9047
277.6725	26.9100
277.7942	26.9129
277.9100	26.8993
278.0286	26.8945
278.1486	26.9080
278.2700	26.9076
278.3903	26.8931
278.5110	26.9037
278.6285	26.9027
278.7487	26.9119
278.8693	26.9196
278.9899	26.9003
279.1100	26.8902
279.2292	26.9385
279.3462	26.9061
279.4640	26.9003
279.5823	26.9143
279.7040	26.9138
279.8266	26.9037
279.9476	26.9100
280.0662	26.8815
280.1865	26.9085
280.3052	26.8993
280.4255	26.9129
280.5453	26.9027
280.6655	26.9177
280.7855	26.9105
280.9053	26.9167
281.0212	26.9061
281.1423	26.8921
281.2629	26.8945
281.3822	26.8955
281.4993	26.8969
281.6121	26.9071
281.7327	26.9013
281.8542	26.8979
281.9752	26.9051
282.0926	26.9003
282.2139	26.9143
282.3333	26.9076
282.4531	26.9143
282.5728	26.9167
282.6865	26.9129
282.8062	26.9133
282.9263	26.8940
283.0463	26.8998
283.1677	26.9042
283.2884	26.8911
283.4070	26.8979
283.5262	26.8998
283.6464	26.9042
283.7655	26.9051
283.8855	26.9080
284.0033	26.8993
284.1142	26.9061
284.2274	26.8892
284.3472	26.9027
284.4660	26.8824
284.5859	26.9114
284.7055	26.8887
284.8250	26.9003
284.9442	26.8931
285.0626	26.9037
285.1738	26.8940
285.2839	26.9138
285.3944	26.9061
285.5102	26.9119
285.6311	26.9056
285.7513	26.9018
285.8716	26.9119
285.9927	26.9051
286.1126	26.8955
286.2320	26.8950
286.3501	26.9032
286.4705	26.9042
286.5904	26.9047
286.7103	26.9119
286.8298	26.9080
286.9487	26.8829
287.0666	26.8969
287.1865	26.8940
287.3064	26.8892
287.4266	26.8940
287.5459	26.8960
287.6620	26.9047
287.7827	26.8848
287.9046	26.9162
288.0256	26.9172
288.1467	26.8960
288.2635	26.8911
288.3845	26.8916
288.5045	26.8969
288.6249	26.8868
288.7443	26.8839
288.8625	26.8969
288.9807	26.9047
289.1004	26.8950
289.2189	26.8998
289.3359	26.9013
289.4562	26.8887
289.5765	26.8950
289.6961	26.8791
289.8149	26.8868
289.9344	26.8848
290.0531	26.8955
290.1693	26.8902
290.2892	26.9080
290.4105	26.8989
290.5288	26.8969
290.6483	26.8998
290.7695	26.8897
290.8915	26.8858
291.0125	26.8786
291.1334	26.9076
291.2539	26.8810
291.3744	26.9037
291.4958	26.8906
291.6166	26.8911
291.7390	26.8868
291.8605	26.9148
291.9816	26.8771
292.1035	26.9042
292.2247	26.8945
292.3461	26.8897
292.4662	26.8844
292.5848	26.8931
292.7003	26.8892
292.8199	26.8998
292.9400	26.8757
293.0597	26.9018
293.1805	26.9003
293.3009	26.9037
293.4226	26.8863
293.5439	26.8926
293.6625	26.8945
293.7818	26.8897
293.9019	26.8882
294.0226	26.8858
294.1429	26.8964
294.2631	26.8597
294.3830	26.8834
294.5034	26.9027
294.6223	26.8902
294.7433	26.8848
294.8622	26.9013
294.9770	26.8733
295.0978	26.8757
295.2135	26.8858
295.3313	26.8839
295.4518	26.8906
295.5728	26.8853
295.6923	26.8921
295.8113	26.8926
295.9303	26.8989
296.0482	26.8902
296.1635	26.8926
296.2834	26.8844
296.4047	26.8877
296.5257	26.8935
296.6453	26.8795
296.7645	26.8718
296.8847	26.8868
297.0046	26.8733
297.1255	26.8679
297.2456	26.8916
297.3655	26.8911
297.4840	26.8960
297.6032	26.8955
297.7193	26.8863
297.8393	26.8704
297.9592	26.8665
298.0793	26.8935
298.1989	26.8737
298.3175	26.8984
298.4377	26.8935
298.5573	26.8839
298.6769	26.8752
298.7970	26.8728
298.9147	26.8863
299.0338	26.8844
299.1529	26.8935
299.2720	26.8791
299.3932	26.8911
299.5131	26.8684
299.6308	26.8718
299.7452	26.8800
299.8655	26.8877
299.9842	26.8829
