0.0000	24.2382
0.1167	24.2502
0.2330	24.2803
0.3516	24.2261
0.4733	24.2863
0.5948	24.1900
0.7152	24.2261
0.8311	24.2983
0.9538	24.3164
1.0754	24.1840
1.1919	24.1840
1.3128	24.1960
1.4307	24.2923
1.5513	24.2261
1.6731	24.2622
1.7924	24.2382
1.9109	24.1960
2.0269	24.2683
2.1481	24.2141
2.2691	24.1720
2.3862	24.2923
2.5031	24.2141
2.6219	24.3044
2.7437	24.1539
2.8664	24.1900
2.9864	24.1539
3.1064	24.1238
3.2221	24.2321
3.3347	24.2201
3.4570	24.2201
3.5683	24.2081
3.6805	24.2983
3.7902	24.2201
3.9026	24.2081
4.0264	24.1479
4.1561	24.2021
4.2779	24.2021
4.3995	24.2201
4.5213	24.1840
4.6433	24.2141
4.7683	24.1840
4.8901	24.2201
5.0115	24.1659
5.1378	24.1599
5.2631	24.1720
5.3842	24.1720
5.5074	24.2201
5.6322	24.2321
5.7523	24.1780
5.8711	24.2141
5.9985	24.2021
6.1187	24.1900
6.2393	24.2382
6.3635	24.1539
6.4861	24.2081
6.6118	24.1599
6.7327	24.2502
6.8531	24.1599
6.9743	24.2081
7.0920	24.1298
7.2136	24.2021
7.3346	24.2021
7.4573	24.1238
7.5802	24.1780
7.7050	24.2321
7.8287	24.1599
7.9534	24.1539
8.0817	24.2141
8.2041	24.1840
8.3267	24.2803
8.4544	24.2321
8.5740	24.1720
8.6978	24.1298
8.8249	24.2923
8.9550	24.2201
9.0732	24.1840
9.1887	24.2261
9.3035	24.1359
9.4189	24.2261
9.5396	24.1479
9.6532	24.2502
9.7673	24.2261
9.8828	24.2261
10.0021	24.1960
10.1223	24.1780
10.2407	24.2261
10.3615	24.2261
10.4811	24.2321
10.6006	24.1840
10.7183	24.2081
10.8343	24.1419
10.9523	24.2321
11.0724	24.2021
11.1914	24.1539
11.3109	24.1780
11.4303	24.1178
11.5488	24.1780
11.6676	24.2743
11.7893	24.2141
11.9146	24.2321
12.0421	24.2382
12.1649	24.2321
12.2884	24.1780
12.4097	24.2321
12.5289	24.2321
12.6575	24.1359
12.7805	24.2081
12.9009	24.2201
13.0219	24.2502
13.1463	24.1178
13.2683	24.2141
13.3914	24.2502
13.5119	24.2081
13.6301	24.1960
13.7501	24.2261
13.8714	24.1780
13.9928	24.1900
14.1109	24.1960
14.2320	24.2021
14.3505	24.2562
14.4718	24.2321
14.5890	24.1178
14.7133	24.1539
14.8370	24.0998
14.9561	24.2081
15.0725	24.2321
15.1956	24.2261
15.3112	24.2201
15.4318	24.1599
15.5541	24.2201
15.6788	24.2261
15.7985	24.1539
15.9194	24.1659
16.0443	24.1479
16.1662	24.1960
16.2898	24.2382
16.4106	24.2141
16.5282	24.1298
16.6514	24.0998
16.7703	24.1840
16.8869	24.2021
17.0048	24.2141
17.1254	24.2622
17.2443	24.1840
17.3697	24.0516
17.4875	24.1780
17.6034	24.1780
17.7238	24.1539
17.8447	24.1178
17.9667	24.0877
18.0811	24.1960
18.1926	24.1479
18.3051	24.2081
18.4228	24.1419
18.5375	24.2081
18.6583	24.1118
18.7768	24.1659
18.8957	24.1780
19.0162	24.2141
19.1330	24.1659
19.2457	24.1780
19.3683	24.1840
19.4844	24.0877
19.6053	24.1840
19.7278	24.1118
19.8448	24.1840
19.9674	24.1178
20.0900	24.1479
20.2039	24.1178
20.3196	24.1359
20.4375	24.1599
20.5505	24.0817
20.6596	24.1238
20.7722	24.0937
20.8843	24.1780
20.9969	24.1659
21.1053	24.1900
21.2177	24.1419
21.3274	24.2442
21.4402	24.1178
21.5552	24.2021
21.6741	24.1900
21.7944	24.1419
21.9079	24.1539
22.0314	24.1659
22.1523	24.1780
22.2724	24.1419
22.3929	24.1298
22.5077	24.0937
22.6337	24.1900
22.7516	24.1720
22.8654	24.2442
22.9932	24.1659
23.1463	24.1058
23.2732	24.1900
23.3966	24.1419
23.5180	24.1419
23.6396	24.1178
23.7553	24.1238
23.8753	24.0937
23.9941	24.1178
24.1128	24.1539
24.2355	24.2321
24.3565	24.1780
24.4759	24.1659
24.5987	24.1058
24.7216	24.1178
24.8499	24.1659
24.9727	24.0215
25.0950	24.1479
25.2152	24.1419
25.3330	24.1058
25.4546	24.0576
25.5748	24.1900
25.6933	24.1539
25.8123	24.0998
25.9340	24.1178
26.0542	24.1359
26.1781	24.0937
26.3001	24.1780
26.4174	24.1238
26.5365	24.1599
26.6548	24.1238
26.7703	24.1539
26.8944	24.1539
27.0149	24.1479
27.1336	24.1419
27.2540	24.1720
27.3721	24.1359
27.4931	24.1298
27.6165	24.1118
27.7373	24.1479
27.8569	24.2442
27.9771	24.1900
28.0944	24.1419
28.2119	24.1720
28.3303	24.0998
28.4506	24.1359
28.5694	24.1238
28.6865	24.1539
28.8132	24.1720
28.9407	24.1298
29.0640	24.0817
29.1825	24.2141
29.3055	24.1359
29.4255	24.1539
29.5480	24.1900
29.6655	24.0637
29.7821	24.1479
29.8993	24.0516
30.0217	24.1840
30.1419	24.0456
30.2637	24.1599
30.3823	24.2321
30.5006	24.1419
30.6196	24.1178
30.7394	24.2081
30.8569	24.0937
30.9770	24.1659
31.0967	24.1058
31.2176	24.1178
31.3403	24.0396
31.4640	24.0998
31.5823	24.1659
31.7008	24.0757
31.8202	24.1058
31.9395	24.0697
32.0574	24.0937
32.1766	24.1419
32.2939	24.1419
32.4108	24.0757
32.5324	24.1238
32.6535	24.1118
32.7718	24.1178
32.8899	24.1659
33.0046	24.2021
33.1244	24.1900
33.2454	24.1479
33.3665	24.1479
33.4841	24.1058
33.6020	24.1900
33.7220	24.0937
33.8466	24.1118
33.9648	24.0998
34.0835	24.1479
34.2019	24.0396
34.3192	24.1539
34.4378	24.0937
34.5544	24.1659
34.6716	24.1058
34.7883	24.0998
34.9084	24.1840
35.0237	24.1720
35.1416	24.1178
35.2601	24.1659
35.3821	24.1960
35.4992	24.1720
35.6207	24.1720
35.7435	24.2382
35.8643	24.2021
35.9797	24.1780
36.1011	24.2081
36.2229	24.1359
36.3418	24.0757
36.4629	24.0637
36.5887	24.1720
36.7077	24.3044
36.8267	24.0516
36.9453	24.1840
37.0587	24.0998
37.1712	24.1539
37.2796	24.1359
37.3893	24.1900
37.5003	24.2201
37.6107	24.1178
37.7349	24.1178
37.8559	24.1720
37.9760	24.1359
38.0973	24.1118
38.2127	24.2442
38.3323	24.1298
38.4527	24.1599
38.5694	23.9975
38.7182	24.1479
38.8435	24.2382
38.9630	24.1599
39.0878	24.0817
39.2080	24.1960
39.3248	24.1780
39.4443	24.2081
39.5612	24.1840
39.6811	24.1840
39.8004	24.2141
39.9163	24.2021
40.0354	24.2201
40.1566	24.2502
40.2776	24.1118
40.3990	24.1720
40.5156	24.1359
40.6369	24.1780
40.7596	24.1840
40.8774	24.1419
40.9955	24.0877
41.1192	24.2261
41.2410	24.1359
41.3637	24.2021
41.4894	24.1659
41.6111	24.2021
41.7278	24.1599
41.8470	24.2201
41.9682	24.2201
42.0889	24.1840
42.2072	24.1599
42.3330	24.0877
42.4514	24.2321
42.5702	24.1900
42.6877	24.1720
42.8055	24.1118
42.9243	24.1419
43.0443	24.1780
43.1640	24.1178
43.2811	24.1359
43.3995	24.2442
43.5196	24.2081
43.6371	24.1840
43.7544	24.2321
43.8705	24.2442
43.9924	24.2201
44.1127	24.1539
44.2325	24.1539
44.3486	24.2081
44.4697	24.2201
44.5878	24.2201
44.7003	24.1840
44.8080	24.1900
44.9165	24.1539
45.0264	24.1659
45.1395	24.1479
45.2562	24.1479
45.3763	24.2261
45.4934	24.2081
45.6101	24.1960
45.7272	24.1780
45.8508	24.1960
45.9700	24.1659
46.0871	24.0877
46.2036	24.1720
46.3229	24.1659
46.4490	24.1419
46.5677	24.1419
46.6876	24.1900
46.8098	24.1900
46.9324	24.1659
47.0528	24.2442
47.1713	24.2141
47.2910	24.1298
47.4120	24.2141
47.5335	24.2502
47.6528	24.1479
47.7730	24.2141
47.8954	24.2141
48.0156	24.2683
48.1364	24.1359
48.2583	24.1479
48.3827	24.2021
48.5033	24.2502
48.6216	24.1659
48.7436	24.1539
48.8626	24.1780
48.9814	24.2021
49.0995	24.2201
49.2225	24.1780
49.3408	24.1659
49.4630	24.1238
49.5832	24.1900
49.7029	24.2141
49.8181	24.2502
49.9340	24.1479
50.0536	24.2382
50.1734	24.2081
50.2935	24.1539
50.4141	24.2382
50.5355	24.2923
50.6554	24.2863
50.7730	24.2321
50.8942	24.1238
51.0124	24.1900
51.1346	24.1960
51.2538	24.2141
51.3714	24.0817
51.4916	24.1720
51.6086	24.2442
51.7270	24.1419
51.8531	24.1840
51.9772	24.2983
52.0935	24.1780
52.2133	24.1419
52.3326	24.2201
52.4511	24.2201
52.5701	24.1900
52.6892	24.1900
52.8095	24.1960
52.9249	24.2743
53.0499	24.1599
53.1716	24.2021
53.2902	24.2021
53.4059	24.1900
53.5247	24.1960
53.6531	24.2683
53.7769	24.1720
53.8990	24.1720
54.0149	24.1238
54.1269	24.2141
54.2377	24.1539
54.3523	24.1419
54.4645	24.1599
54.5760	24.2382
54.6913	24.2321
54.8010	24.2321
54.9192	24.1720
55.0359	24.1720
55.1475	24.0757
55.2554	24.1479
55.3690	24.2442
55.4769	24.1960
55.5859	24.2081
55.6989	24.2683
55.8134	24.2081
55.9259	24.2141
56.0501	24.2803
56.1710	24.2021
56.2926	24.2442
56.4116	24.2141
56.5224	24.0877
56.6464	24.1900
56.7698	24.1359
56.8888	24.1780
57.0105	24.1840
57.1332	24.2081
57.2567	24.2502
57.3782	24.1840
57.4968	24.2622
57.6170	24.1780
57.7380	24.2743
57.8592	24.2442
57.9808	24.1720
58.0994	24.1479
58.2230	24.2321
58.3449	24.1659
58.4614	24.1780
58.5794	24.1419
58.6944	24.1539
58.8048	24.2803
58.9165	24.1900
59.0361	24.2141
59.1517	24.1720
59.2659	24.2021
59.3788	24.1659
59.4924	24.2502
59.6066	24.2622
59.7207	24.1659
59.8342	24.2081
59.9418	24.1840
60.0521	24.1780
60.1616	24.2863
60.2717	24.2743
60.3816	24.1359
60.4929	24.1900
60.6055	24.2562
60.7146	24.1780
60.8268	24.1780
60.9379	24.1419
61.0489	24.2502
61.1645	24.1900
61.2750	24.2983
61.3885	24.1118
61.5084	24.1720
61.6236	24.2502
61.7382	24.1780
61.8560	24.3405
61.9738	24.2683
62.0964	24.2081
62.2142	24.2382
62.3286	24.3525
62.4487	24.2863
62.5702	24.2261
62.6814	24.2321
62.7956	24.2021
62.9111	24.2622
63.0304	24.1659
63.1454	24.2442
63.2654	24.2081
63.3800	24.2442
63.4909	24.1599
63.6129	24.2261
63.7328	24.2502
63.8543	24.1900
63.9717	24.2021
64.0846	24.2382
64.1968	24.2743
64.3178	24.2442
64.4377	24.2261
64.5547	24.2081
64.6753	24.2803
64.8094	24.3044
64.9312	24.2803
65.0497	24.0215
65.1590	24.1840
65.2680	24.2081
65.3761	24.2743
65.4915	24.1900
65.6016	24.2382
65.7146	24.2382
65.8234	24.2081
65.9341	24.2021
66.0437	24.1840
66.1510	24.2081
66.2586	24.2201
66.3706	24.2442
66.4881	24.1720
66.6049	24.1780
66.7240	24.2201
66.8449	24.2562
66.9670	24.2382
67.0837	24.2382
67.2007	24.2201
67.3204	24.2622
67.4417	24.2442
67.5635	24.1840
67.6815	24.2321
67.8005	24.2081
67.9177	24.2743
68.0392	24.1960
68.1552	24.2382
68.2738	24.2201
68.3927	24.1900
68.5081	24.2743
68.6215	24.2683
68.7375	24.1960
68.8532	24.1539
68.9672	24.2562
69.0803	24.2803
69.2060	24.2863
69.3211	24.2261
69.4353	24.1960
69.5481	24.2021
69.6640	24.2502
69.7832	24.2683
69.9057	24.2562
70.0308	24.2261
70.1514	24.2321
70.2742	24.2803
70.3939	24.1900
70.5154	24.2382
70.6312	24.3104
70.7504	24.2261
70.8721	24.2983
70.9909	24.2923
71.1132	24.1840
71.2331	24.2622
71.3576	24.1780
71.4799	24.2863
71.5971	24.2743
71.7166	24.2021
71.8325	24.2923
71.9520	24.1900
72.0718	24.2863
72.1932	24.2562
72.3164	24.2261
72.4355	24.2321
72.5525	24.2502
72.6745	24.2261
72.7921	24.2382
72.9124	24.2201
73.0316	24.1960
73.1508	24.2743
73.2686	24.3465
73.3920	24.1900
73.5138	24.2622
73.6357	24.2743
73.7513	24.2382
73.8654	24.2382
73.9814	24.2683
74.0983	24.3164
74.2176	24.2683
74.3410	24.2141
74.4534	24.2863
74.5798	24.1599
74.7052	24.2983
74.8360	24.1960
74.9622	24.3405
75.0888	24.2683
75.2187	24.2442
75.3804	24.3405
75.5022	24.2261
75.6217	24.3104
75.7399	24.1539
75.8622	24.2442
75.9853	24.2803
76.1066	24.2562
76.2289	24.3104
76.3486	24.2803
76.4640	24.3164
76.5785	24.2201
76.6936	24.2382
76.8102	24.2743
76.9346	24.2683
77.0561	24.2683
77.1803	24.2683
77.3056	24.2863
77.4285	24.3104
77.5487	24.2923
77.6720	24.2141
77.7941	24.2683
77.9134	24.2081
78.0334	24.1720
78.1522	24.2562
78.2692	24.2502
78.3960	24.2502
78.5126	24.3104
78.6318	24.2382
78.7524	24.2201
78.8699	24.2863
78.9901	24.2683
79.1088	24.2683
79.2255	24.2141
79.3432	24.2743
79.4618	24.2562
79.5825	24.1238
79.6990	24.2201
79.8208	24.2261
79.9381	24.2321
80.0560	24.2141
80.1804	24.2021
80.3008	24.2622
80.4164	24.2743
80.5330	24.1840
80.6534	24.1659
80.7744	24.1900
80.8943	24.2622
81.0135	24.2081
81.1328	24.2562
81.2538	24.1359
81.3742	24.2382
81.4949	24.2081
81.6109	24.2201
81.7308	24.2021
81.8469	24.2562
81.9661	24.2863
82.0890	24.2141
82.2057	24.1178
82.3279	24.2081
82.4473	24.2321
82.5674	24.1118
82.6908	24.2321
82.8086	24.1599
82.9313	24.1539
83.0505	24.2683
83.1637	24.0697
83.2819	24.2021
83.3987	24.2021
83.5215	24.1659
83.6360	24.2141
83.7520	24.1118
83.8691	24.1419
83.9829	24.1419
84.0959	24.2382
84.2060	24.2021
84.3209	24.0937
84.4393	24.1900
84.5573	24.0637
84.6705	24.1298
84.7832	24.1419
84.9060	24.1900
85.0324	24.2803
85.1537	24.1298
85.2737	24.0877
85.3974	24.1780
85.5230	24.1659
85.6431	24.1539
85.7629	24.1599
85.8832	24.1539
86.0064	24.1118
86.1275	24.1359
86.2469	24.1900
86.3678	24.1238
86.4883	24.1539
86.6085	24.1058
86.7322	24.1419
86.8505	24.0757
86.9689	24.2021
87.0869	24.1298
87.2031	24.2021
87.3202	24.2382
87.4437	24.1599
87.5676	24.1720
87.6835	24.1178
87.8041	24.1178
87.9254	24.1960
88.0432	24.1238
88.1574	24.1058
88.2775	24.1960
88.3961	24.1539
88.5147	24.1780
88.6328	24.1238
88.7496	24.1479
88.8697	24.1960
88.9912	24.2201
89.1090	24.1419
89.2285	24.2321
89.3475	24.1479
89.4678	24.1960
89.5884	24.2502
89.7091	24.0697
89.8297	24.2141
89.9487	24.1118
90.0692	24.1238
90.1857	24.1238
90.3079	24.1539
90.4294	24.1118
90.5477	24.1359
90.6683	24.1118
90.7874	24.1238
90.9043	24.1238
91.0215	24.1298
91.1443	24.2321
91.2636	24.0998
91.3865	24.0937
91.5119	24.1840
91.6304	24.1479
91.7515	24.1178
91.8702	24.1178
91.9907	24.1780
92.1034	24.0998
92.2219	24.1840
92.3431	24.1359
92.4623	24.1780
92.5810	24.1359
92.6960	24.1419
92.8074	24.1419
92.9176	24.1298
93.0281	24.1539
93.1401	24.1539
93.2530	24.1780
93.3670	24.1659
93.4899	24.1659
93.6094	24.1539
93.7307	24.1419
93.8541	24.1539
93.9815	24.1118
94.1023	24.1238
94.2207	24.2141
94.3389	24.1479
94.4584	24.1298
94.5799	24.2442
94.7046	24.1599
94.8225	24.1298
94.9393	24.1720
95.0561	24.2201
95.1736	24.1178
95.2959	24.1479
95.4167	24.1118
95.5359	24.1840
95.6592	24.1659
95.7802	24.1419
95.8997	24.1359
96.0177	24.1359
96.1374	24.1238
96.2569	24.0998
96.3760	24.1419
96.4942	24.0456
96.6145	24.0998
96.7342	24.1058
96.8539	24.1599
96.9738	24.1058
97.0918	24.0757
97.2115	24.1118
97.3367	24.1178
97.4577	24.1780
97.5799	24.1479
97.7006	24.1419
97.8234	24.0937
97.9400	24.1419
98.0625	24.0155
98.1790	24.0637
98.2966	24.1960
98.4166	24.1178
98.5390	24.1058
98.6613	24.0877
98.7796	24.0576
98.8961	24.1539
99.0154	24.1238
99.1351	24.0998
99.2540	24.1659
99.3727	24.0576
99.4909	24.0817
99.6116	24.0697
99.7325	24.0877
99.8550	24.1840
99.9759	24.1840
100.0926	24.1960
100.2003	24.0576
100.3102	24.0757
100.4212	24.0576
100.5351	24.0998
100.6433	24.0877
100.7507	24.1419
100.8629	24.1238
100.9697	24.1058
101.0803	24.1599
101.1888	24.0456
101.2985	24.0757
101.4093	24.0697
101.5174	23.9794
101.6271	24.0998
101.7376	24.0276
101.8518	24.1238
101.9689	24.0637
102.0855	24.1419
102.2030	24.0998
102.3200	24.0095
102.4376	24.0456
102.5600	24.1178
102.6753	24.0877
102.7911	24.1238
102.9133	24.1419
103.0283	24.0937
103.1446	24.1298
103.2620	24.1178
103.3823	24.1178
103.4972	24.0697
103.6148	24.1479
103.7338	24.1419
103.8502	24.0276
103.9589	24.1419
104.0747	24.1419
104.1946	24.1058
104.3164	24.1238
104.4296	24.0937
104.5518	24.0757
104.6750	24.1599
104.7959	24.0396
104.9117	24.0817
105.0217	24.0576
105.1327	24.1479
105.2500	24.1118
105.3694	24.1058
105.4922	24.0998
105.6114	24.1359
105.7318	24.1178
105.8497	24.0757
105.9711	24.0276
106.0896	24.1118
106.2069	24.0817
106.3157	24.1359
106.4243	24.1359
106.5355	24.0877
106.6458	24.0937
106.7647	24.0576
106.8839	24.1058
107.0008	24.0937
107.1099	24.0035
107.2260	24.0336
107.3509	24.1178
107.4776	24.0155
107.5983	24.0998
107.7175	24.1479
107.8405	23.9794
107.9621	24.0396
108.0833	24.0757
108.2043	24.1359
108.3184	24.0697
108.4379	24.0937
108.5618	24.1539
108.6881	24.0155
108.8079	24.1178
108.9393	24.1298
109.0589	24.1900
109.1842	24.1178
109.3063	24.0998
109.4274	24.1058
109.5451	24.1058
109.6630	23.9975
109.7850	24.1238
109.9243	24.0877
110.0545	24.0637
110.1745	24.0697
110.3016	24.0937
110.4288	24.1359
110.5570	24.0396
110.6800	24.1238
110.8041	24.1058
110.9262	24.0757
111.0534	24.0456
111.1781	24.0937
111.3013	24.0998
111.4252	24.1359
111.5522	24.0637
111.6732	24.0757
111.7923	24.1359
111.9142	24.0576
112.0350	23.9975
112.1590	24.0817
112.2793	24.0937
112.4049	24.1058
112.5303	24.1178
112.6571	24.0637
112.7780	24.0817
112.8984	24.1539
113.0156	24.0095
113.1405	24.1058
113.2588	24.1058
113.3804	24.1960
113.5013	24.0396
113.6273	24.1298
113.7577	24.1419
113.8807	24.0035
114.0069	24.1058
114.1204	24.1178
114.2469	24.0336
114.3775	24.1419
114.5013	24.1359
114.6194	24.0877
114.7440	24.1720
114.8658	24.0998
114.9917	24.1539
115.1209	24.0336
115.2441	24.0998
115.3653	24.1238
115.4859	24.0697
115.6124	24.0516
115.7340	24.0877
115.8536	24.0998
115.9762	24.1419
116.0930	24.1238
116.2152	24.1058
116.3327	24.1238
116.4494	24.1900
116.5708	24.0576
116.6938	24.1479
116.8128	24.1238
116.9297	24.0998
117.0478	24.0757
117.1588	23.9975
117.2670	24.1539
117.3810	24.1840
117.4971	24.0998
117.6229	24.0937
117.7425	24.0817
117.8587	24.1118
117.9798	24.0637
118.1001	24.0877
118.2206	24.0937
118.3461	24.0456
118.4620	24.1058
118.5783	24.1539
118.6982	24.0757
118.8191	24.1058
118.9382	24.0937
119.0619	24.1118
119.1804	24.0998
119.2971	24.0817
119.4144	24.1840
119.5375	24.0095
119.6592	24.0697
119.7735	24.0396
119.8854	24.1118
120.0071	24.1720
120.1253	24.0697
120.2485	23.9734
120.3667	24.0877
120.4821	24.1720
120.5998	24.1359
120.7164	24.0396
120.8321	24.1359
120.9462	24.0396
121.0623	24.1419
121.1756	24.0697
121.2951	24.0998
121.4192	24.1720
121.5375	24.0576
121.6601	24.0937
121.7766	24.1599
121.8983	23.9915
122.0220	24.1118
122.1414	24.1419
122.2571	24.0456
122.3742	24.1539
122.4988	24.0757
122.6206	24.1298
122.7404	24.1298
122.8627	24.1479
122.9826	24.1659
123.1025	24.0998
123.2269	24.1118
123.3457	24.1058
123.4669	24.1780
123.5893	24.0637
123.7083	24.0937
123.8281	24.1238
123.9449	24.0817
124.0687	24.1298
124.1902	24.0095
124.3136	24.0155
124.4358	24.1238
124.5545	24.1419
124.6629	24.1780
124.7721	24.0757
124.8860	24.0937
125.0037	24.0937
125.1287	24.0276
125.2512	24.0396
125.3701	24.1359
125.4869	24.1238
125.6065	24.0998
125.7243	24.1178
125.8529	24.1178
125.9732	24.0877
126.0944	24.0697
126.2132	24.0757
126.3327	24.1419
126.4542	24.1178
126.5824	24.1118
126.7027	24.1298
126.8231	24.0697
126.9472	24.0697
127.0654	24.0396
127.1878	24.0697
127.3136	24.1298
127.4321	24.1419
127.5526	24.0576
127.6699	24.1659
127.7902	24.0276
127.9098	24.0998
128.0292	24.1720
128.1518	24.1659
128.2698	24.0396
128.3872	24.0877
128.5082	24.0937
128.6294	24.0276
128.7455	24.1118
128.8656	24.0637
128.9851	24.0757
129.1028	24.0998
129.2199	24.1659
129.3388	24.1118
129.4581	24.1058
129.5768	24.0877
129.6936	24.1238
129.8154	24.1359
129.9394	24.0998
130.0644	24.1359
130.1836	23.9915
130.3050	24.0456
130.4267	23.9794
130.5476	24.0396
130.6642	24.0817
130.7837	24.1720
130.8988	24.0877
131.0165	24.0095
131.1360	24.1359
131.2575	24.1178
131.3784	24.0757
131.4956	24.0877
131.6155	24.0817
131.7328	24.1118
131.8493	24.1298
131.9715	24.1058
132.0947	24.0456
132.2136	24.0877
132.3354	24.1659
132.4529	24.1118
132.5716	24.0516
132.6897	24.0998
132.8107	24.0276
132.9283	24.0396
133.0480	24.1479
133.1624	24.0697
133.2815	24.0998
133.3982	24.0215
133.5149	23.9975
133.6343	24.0516
133.7532	24.0576
133.8701	24.1539
133.9847	24.0757
134.1025	24.0937
134.2237	24.0877
134.3439	24.0937
134.4628	24.1178
134.5812	24.0817
134.7024	23.9674
134.8459	24.0817
134.9579	24.0035
135.0695	24.1178
135.1870	24.0757
135.3008	24.0576
135.4138	24.0215
135.5248	24.0877
135.6434	24.0757
135.7545	24.0697
135.9078	24.0456
136.0274	24.1599
136.1398	24.0757
136.2530	24.0757
136.3732	24.0155
136.4951	23.9854
136.6126	24.1178
136.7361	24.0817
136.8580	24.0817
136.9789	24.0937
137.0883	24.0817
137.2017	24.0516
137.3175	24.0937
137.4327	24.0937
137.5537	24.0998
137.6820	24.1960
137.8048	24.1178
137.9313	24.2021
138.0550	24.0757
138.1836	24.0336
138.3151	24.0697
138.4339	24.1058
138.5589	24.0757
138.7609	24.0336
138.9178	24.0817
139.0739	24.0637
139.1873	24.1178
139.3083	24.0336
139.4668	24.1058
139.6720	24.0396
139.8041	24.1238
139.9354	24.0456
140.0711	24.0817
140.1822	24.1419
140.2981	24.0757
140.4218	24.0937
140.5636	24.1298
140.6788	24.0276
140.8326	24.0637
140.9781	24.1659
141.1181	24.0215
141.2417	24.0877
141.3815	24.1118
141.5135	24.2021
141.6553	24.0637
141.7678	24.0095
141.8935	24.1599
142.0358	24.0697
142.1802	24.0576
142.2969	24.0697
142.4218	23.9915
142.5431	24.1118
142.6649	24.0637
142.7864	23.9674
142.9094	24.0998
143.0271	24.1178
143.1488	24.1058
143.3222	24.0516
143.4450	24.1840
143.5584	24.0998
143.6792	24.0937
143.8027	24.0817
143.9226	24.0576
144.0435	24.1659
144.1665	24.1178
144.2910	24.0637
144.4151	24.0877
144.5313	24.1479
144.6536	24.0396
144.7756	24.0035
144.8994	24.0576
145.0164	24.0215
145.1359	24.1720
145.2579	23.9915
145.3775	24.0576
145.4957	24.0336
145.6189	24.1659
145.7339	23.9915
145.8515	24.0998
145.9700	24.1238
146.0903	24.1058
146.2077	23.9975
146.3227	24.1178
146.4412	24.0155
146.5629	24.1118
146.6809	24.0817
146.8055	24.1118
146.9266	24.1539
147.0475	24.0877
147.1671	24.1238
147.2899	24.1178
147.4144	24.1359
147.5365	24.0516
147.6729	24.0276
147.7936	24.2021
147.9118	24.1238
148.0313	24.1780
148.1484	24.0396
148.2681	24.1118
148.3892	24.0937
148.5129	24.1118
148.6311	24.1539
148.7495	24.0937
148.8697	24.1238
148.9892	24.1599
149.1081	24.0998
149.2245	24.1058
149.3497	24.1238
149.4669	24.1720
149.5871	24.1058
149.7125	24.1419
149.8328	24.1659
149.9555	24.1118
150.0791	24.1178
150.2018	24.1298
150.3200	24.0215
150.4411	24.1960
150.5637	24.1419
150.6843	24.0877
150.8069	24.1359
150.9211	24.0155
151.0340	24.1178
151.1430	24.0998
151.2522	24.0637
151.3703	24.0637
151.4896	24.1118
151.6076	24.0456
151.7274	24.0576
151.8463	24.1298
151.9636	24.1178
152.0817	24.1599
152.2030	24.1419
152.3245	24.1479
152.4444	24.1780
152.5605	24.1840
152.6762	24.1419
152.7958	24.1118
152.9152	24.1539
153.0385	24.0757
153.1612	24.0877
153.2827	24.1659
153.4023	24.1479
153.5250	24.0937
153.6517	24.1238
153.7782	24.0998
153.8979	24.1178
154.0160	24.1238
154.1337	24.1479
154.2550	24.2201
154.3719	24.1960
154.4915	24.0757
154.6079	24.1539
154.7235	24.1359
154.8419	24.1479
154.9622	24.2021
155.0831	24.0998
155.2067	24.1479
155.3255	24.0697
155.4407	24.1298
155.5581	24.1298
155.6763	24.1178
155.7945	24.1298
155.9201	24.1479
156.0353	24.1298
156.1533	24.1659
156.2752	24.0937
156.3911	24.0276
156.5107	24.1720
156.6296	24.1780
156.7463	24.1419
156.8675	24.1178
156.9862	24.2442
157.1072	24.1840
157.2249	24.0516
157.3442	24.2081
157.4661	24.1419
157.5836	24.1419
157.7062	24.1900
157.8242	24.1659
157.9463	24.1840
158.0719	24.1720
158.1969	24.1960
158.3195	24.1539
158.4454	24.0998
158.5711	24.1479
158.7183	24.1840
158.8294	24.1419
158.9410	24.1238
159.0635	24.0877
159.1914	24.1238
159.3146	24.1238
159.4362	24.1359
159.5629	24.1960
159.6872	24.2201
159.8155	24.1840
159.9443	24.1599
160.0666	24.0637
160.1910	24.1720
160.3165	24.1659
160.4367	24.1359
160.5603	24.2021
160.6804	24.2201
160.8007	24.1599
160.9191	24.1298
161.0411	24.1780
161.1625	24.1659
161.2836	24.1599
161.4128	24.1419
161.5324	24.1840
161.6542	24.1780
161.7759	24.1720
161.8920	24.2021
162.0088	24.1479
162.1201	24.2021
162.2303	24.1840
162.3398	24.1599
162.4562	24.1840
162.5798	24.1118
162.7013	24.1178
162.8251	24.1720
162.9445	24.1780
163.0652	24.1720
163.1872	24.1298
163.3089	24.1720
163.4266	24.1840
163.5496	24.1298
163.6716	24.1479
163.7898	24.0576
163.9131	24.2442
164.0330	24.1599
164.1525	24.1720
164.2800	24.0937
164.4013	24.1659
164.5180	24.1780
164.6403	24.1479
164.7597	24.0396
164.8830	24.1599
164.9996	24.0937
165.1164	24.2201
165.2369	24.1058
165.3573	24.1659
165.4800	24.0456
165.5984	24.1840
165.7149	24.2021
165.8328	24.1599
165.9517	24.1780
166.0720	24.1720
166.1950	24.0998
166.3115	24.1118
166.4271	24.1840
166.5451	24.1900
166.6653	24.1900
166.7852	24.2321
166.8990	24.1599
167.0080	24.1298
167.1190	24.0757
167.2300	24.2141
167.3385	24.2021
167.4518	24.2081
167.5612	24.1659
167.6746	24.1780
167.7843	24.1359
167.8942	24.1359
168.0065	24.2502
168.1193	24.1298
168.2287	24.1359
168.3385	24.1539
168.4470	24.2141
168.5602	24.1419
168.6684	24.1599
168.7772	24.1118
168.8865	24.1539
168.9993	24.1058
169.1090	24.1539
169.2216	24.0937
169.3299	24.0937
169.4403	24.1359
169.5507	24.2021
169.6602	24.1599
169.7705	24.1900
169.8842	24.1720
169.9916	24.1840
170.1006	24.1298
170.2096	24.0937
170.3233	24.1599
170.4331	24.2081
170.5446	24.2683
170.6587	24.1298
170.7694	24.1178
170.8827	24.2201
170.9931	24.1840
171.1069	24.1900
171.2199	24.0456
171.3335	24.1539
171.4503	24.1599
171.5592	24.1659
171.6714	24.2321
171.7839	24.1238
171.9372	24.1780
172.0817	24.1960
172.1914	24.1178
172.3053	24.1359
172.4201	24.0998
172.5395	24.1479
172.6628	24.1840
172.7775	24.1238
172.8893	24.1479
173.0072	24.1359
173.1265	24.2201
173.2399	24.2622
173.3492	24.1960
173.4586	24.1359
173.5700	24.1479
173.6828	24.1720
173.7959	24.1238
173.9049	24.2141
174.0170	24.0998
174.1286	24.1359
174.2386	24.1720
174.3467	24.1298
174.4552	24.1238
174.5750	24.1720
174.6825	24.1900
174.7946	24.1720
174.9042	24.1238
175.0180	24.1238
175.1817	24.1178
175.2989	24.2261
175.4080	24.1840
175.5222	24.2021
175.6346	24.0817
175.7475	24.1900
175.8578	24.1780
175.9715	24.1479
176.0813	24.1780
176.1919	24.1659
176.3027	24.1599
176.4133	24.0757
176.5217	24.2081
176.6306	24.1238
176.7432	24.1118
176.8542	24.1118
176.9612	24.0998
177.0724	24.1359
177.1913	24.1720
177.3113	24.1479
177.4336	24.1419
177.5595	24.1419
177.6782	24.1298
177.7961	24.1238
177.9125	24.3465
178.0304	24.1780
178.1495	24.1599
178.2646	24.1298
178.3857	24.0937
178.5079	24.1118
178.6300	24.1780
178.7484	24.0877
178.8643	24.1298
178.9879	24.1900
179.0994	24.1178
179.2206	24.1599
179.3392	24.1479
179.4612	24.1298
179.5815	24.1238
179.7456	24.0877
179.8825	24.1840
180.0061	24.1780
180.1312	24.1118
180.2558	24.1659
180.3743	24.1659
180.5047	24.1238
180.6226	24.0877
180.7349	24.2081
180.8530	24.1178
180.9772	24.0998
181.0963	24.1238
181.2093	24.1238
181.3236	24.1359
181.4409	24.1780
181.5664	24.1419
181.6933	24.1359
181.8177	24.1659
181.9425	24.1780
182.0700	24.1599
182.1945	24.1599
182.3175	24.1178
182.4442	24.2442
182.5643	24.1720
182.6818	24.1900
182.7994	24.0937
182.9225	24.1419
183.0425	24.1359
183.1575	24.0817
183.2684	24.1840
183.3793	24.2021
183.4956	24.1659
183.6189	24.0998
183.8381	24.1178
183.9678	24.1539
184.1176	24.1960
184.2303	24.1058
184.3503	24.1178
184.4760	24.1659
184.5986	24.1539
184.7219	24.0998
184.8437	24.1238
184.9621	24.2141
185.0794	24.1539
185.2014	24.1118
185.3170	24.1659
185.4330	24.1840
185.5509	24.2081
185.6677	24.2321
185.7837	24.2081
185.9023	24.1960
186.0200	24.1900
186.1408	24.1479
186.2631	24.1960
186.3939	24.1359
186.5239	24.1900
186.6460	24.1659
186.7661	24.2321
186.8845	24.2021
186.9980	24.1659
187.1243	24.0998
187.2480	24.2502
187.3679	24.1720
187.4921	24.2201
187.6128	24.2261
187.7332	24.0877
187.8534	24.0757
187.9767	24.1539
188.1025	24.2201
188.2311	24.1659
188.3546	24.2081
188.4798	24.2382
188.5987	24.1058
188.7158	24.1539
188.8372	24.1960
188.9597	24.2321
189.0781	24.1840
189.1974	24.1659
189.3181	24.1479
189.4351	24.1960
189.5592	24.2201
189.6764	24.1900
189.7980	24.2201
189.9161	24.1178
190.0339	24.1599
190.1526	24.1780
190.2688	24.2201
190.3891	24.0998
190.5095	24.2321
190.6279	24.1419
190.7498	24.1298
190.8689	24.2442
190.9899	24.1960
191.1114	24.2502
191.2336	24.1539
191.3547	24.1479
191.4741	24.2021
191.5927	24.2321
191.7147	24.2021
191.8348	24.2021
191.9548	24.2442
192.0786	24.2141
192.2022	24.2201
192.3237	24.1720
192.4402	24.2803
192.5584	24.1840
192.6769	24.0757
192.8003	24.1960
192.9159	24.2141
193.0334	24.2261
193.1504	24.2803
193.2714	24.1359
193.3894	24.3044
193.5096	24.2382
193.6310	24.1539
193.7540	24.1900
193.8754	24.2081
193.9940	24.2201
194.1137	24.1419
194.2315	24.1900
194.3464	24.1238
194.4704	24.2141
194.5924	24.1479
194.7097	24.1479
194.8274	24.2021
194.9439	24.1298
195.0676	24.2141
195.1886	24.1720
195.3069	24.1539
195.4230	24.2321
195.5441	24.2382
195.6669	24.2201
195.7829	24.1900
195.9014	24.0998
196.0215	24.2081
196.1397	24.1599
196.2613	24.2863
196.3839	24.1900
196.5047	24.1419
196.6261	24.1780
196.7471	24.1539
196.8667	24.1900
196.9869	24.1419
197.1058	24.2081
197.2256	24.1840
197.3511	24.2081
197.4792	24.2081
197.6216	24.1900
197.7694	24.1780
197.8790	24.2201
197.9898	24.1539
198.1030	24.1900
198.2227	24.2081
198.3418	24.2382
198.4599	24.1599
198.5801	24.2803
198.7022	24.2021
198.8156	24.1419
198.9370	24.2261
199.0542	24.2923
199.1725	24.2261
199.2976	24.1720
199.4160	24.3525
199.5378	24.1298
199.6622	24.1659
199.7769	24.2683
199.8966	24.1720
200.0149	24.1840
200.1306	24.2562
200.2446	24.2743
200.3591	24.1419
200.4741	24.2141
200.5968	24.1840
200.7159	24.2321
200.8362	24.2743
200.9597	24.2081
201.0816	24.1900
201.1989	24.1840
201.3177	24.2261
201.4366	24.1780
201.5609	24.1780
201.6841	24.2442
201.8044	24.1720
201.9219	24.2081
202.0360	24.2261
202.1468	24.1840
202.2569	24.2201
202.3672	24.1960
202.4786	24.2321
202.5896	24.2321
202.7000	24.2141
202.8099	24.2021
202.9189	24.1178
203.0264	24.1900
203.1377	24.2983
203.2474	24.2562
203.3642	24.2622
203.4865	24.1298
203.6056	24.2683
203.7189	24.3585
203.8337	24.1479
203.9480	24.1960
204.0569	24.1780
204.1697	24.1720
204.2788	24.2321
204.3901	24.3044
204.5011	24.2201
204.6143	24.2081
204.7210	24.2562
204.8328	24.2021
204.9407	24.2502
205.0554	24.2743
205.1645	24.2021
205.2731	24.2923
205.3846	24.2261
205.4991	24.1960
205.6152	24.2743
205.7303	24.2382
205.8450	24.1599
205.9579	24.1780
206.0718	24.1900
206.1891	24.3044
206.2972	24.1419
206.4101	24.1599
206.5203	24.1238
206.6361	24.1659
206.7463	24.1900
206.8554	24.1900
206.9673	24.2141
207.0758	24.2743
207.1853	24.2863
207.2987	24.2562
207.4081	24.2141
207.5160	24.1780
207.6245	24.1840
207.7395	24.2683
207.8484	24.2803
207.9566	24.1840
208.0693	24.2442
208.1779	24.1900
208.2907	24.2442
208.4057	24.1298
208.5152	24.1960
208.6268	24.1539
208.7350	24.2261
208.8478	24.2803
208.9593	24.1900
209.0701	24.2683
209.1835	24.2261
209.2947	24.1118
209.4038	24.2321
209.5183	24.2261
209.6337	24.2021
209.7444	24.2863
209.8566	24.1058
210.0027	24.1298
210.1560	24.2021
210.2701	24.2201
210.3873	24.1720
210.5136	24.3766
210.6343	24.1900
210.7541	24.2261
210.8746	24.2321
210.9992	24.1479
211.1174	24.1599
211.2364	24.2201
211.3567	24.2622
211.4806	24.2743
211.6012	24.2683
211.7182	24.2622
211.8382	24.1840
211.9568	24.3525
212.0786	24.2683
212.2015	24.2863
212.3225	24.3104
212.4403	24.2683
212.5639	24.2321
212.8209	24.1900
212.9520	24.2803
213.0625	24.2562
213.1773	24.3104
213.2948	24.2562
213.4190	24.2021
213.5458	24.2382
213.6654	24.2803
213.7845	24.1900
213.9127	24.2382
214.0338	24.2743
214.1553	24.2081
214.2709	24.2141
214.3821	24.2141
214.4922	24.2442
214.6024	24.2021
214.7158	24.2743
214.8274	24.3224
214.9372	24.3104
215.0488	24.2502
215.1607	24.2683
215.2727	24.2201
215.3849	24.2321
215.4978	24.2442
215.6085	24.1900
215.7252	24.2562
215.8433	24.2562
215.9623	24.1780
216.0862	24.2201
216.2031	24.2201
216.3248	24.2683
216.4381	24.2863
216.5550	24.1720
216.6697	24.1840
216.7800	24.2261
216.8867	24.1960
216.9975	24.3345
217.1108	24.1599
217.2242	24.1900
217.3315	24.2622
217.4400	24.2562
217.5513	24.2382
217.6669	24.2261
217.7835	24.2562
217.9037	24.2261
218.0241	24.2683
218.1468	24.2201
218.2691	24.2983
218.3860	24.2562
218.5028	24.1900
218.6141	24.3224
218.7319	24.2983
218.8529	24.2321
218.9732	24.2803
219.0921	24.3224
219.2068	24.2683
219.3250	24.2442
219.4417	24.2442
219.5619	24.2321
219.6774	24.2081
219.7941	24.2622
219.9097	24.2502
220.0286	24.3405
220.1412	24.1840
220.2547	24.1960
220.3677	24.3465
220.4811	24.1178
220.5906	24.2863
220.6985	24.2201
220.8099	24.2382
220.9232	24.2201
221.0393	24.2562
221.1567	24.2863
221.2669	24.3766
221.3808	24.2382
221.4994	24.2863
221.6106	24.2562
221.7202	24.3044
221.8295	24.2081
221.9434	24.2502
222.0608	24.3104
222.1845	24.2321
222.3120	24.3164
222.4362	24.2983
222.5575	24.2803
222.6788	24.2141
222.8004	24.3044
222.9214	24.2321
223.0388	24.2863
223.1633	24.2622
223.2806	24.2983
223.3975	24.2442
223.5170	24.2321
223.6380	24.2321
223.7559	24.2081
223.8732	24.1960
223.9936	24.1960
224.1144	24.2863
224.2322	24.1720
224.3479	24.2562
224.4594	24.2562
224.5818	24.3164
224.6999	24.1840
224.8138	24.2622
224.9276	24.2442
225.0377	24.2021
225.1514	24.3886
225.2689	24.2622
225.3832	24.3405
225.4954	24.1840
225.6077	24.2622
225.7158	24.2442
225.8274	24.2622
225.9389	24.2983
226.0494	24.2502
226.1713	24.2562
226.3017	24.2081
226.4244	24.2321
226.5482	24.1900
226.6736	24.2683
226.7981	24.2622
226.9193	24.2743
227.0424	24.2442
227.1602	24.2683
227.2722	24.2382
227.3966	24.2622
227.5137	24.2201
227.6320	24.2442
227.7496	24.2683
227.8687	24.2983
227.9869	24.3525
228.1029	24.2502
228.2127	24.2321
228.3253	24.2863
228.4363	24.2622
228.5532	24.2923
228.6715	24.1419
228.7914	24.2141
228.9091	24.2622
229.0262	24.1659
229.1472	24.2382
229.2660	24.2863
229.3925	24.2261
229.5115	24.3164
229.6308	24.2442
229.7541	24.2923
229.9393	24.2743
230.0815	24.2442
230.1995	24.2803
230.3175	24.2803
230.4374	24.2803
230.5518	24.2923
230.6706	24.2201
230.7896	24.1960
230.9077	24.3465
231.0288	24.1960
231.1506	24.2622
231.2745	24.2923
231.4012	24.2923
231.5219	24.3044
231.6403	24.2562
231.7608	24.1720
231.8833	24.2141
232.0026	24.3585
232.1265	24.3104
232.2533	24.2562
232.3780	24.1960
232.4997	24.2562
232.6172	24.3284
232.7385	24.1840
232.8640	24.3164
232.9889	24.3224
233.1095	24.2261
233.2334	24.1359
233.3531	24.2562
233.4706	24.2923
233.5854	24.2081
233.6949	24.3826
233.8046	24.3284
233.9178	24.2622
234.0283	24.2743
234.1400	24.3164
234.2561	24.2683
234.3715	24.2683
234.4879	24.2923
234.6022	24.3766
234.7176	24.2261
234.8260	24.2562
234.9356	24.3284
235.0478	24.3405
235.1586	24.3284
235.2668	24.2923
235.3762	24.2923
235.4873	24.2622
235.5964	24.3224
235.7049	24.3706
235.8147	24.3224
235.9277	24.2321
236.0404	24.2622
236.1535	24.2803
236.2632	24.2261
236.3737	24.2562
236.4877	24.2803
236.5975	24.2261
236.7091	24.2923
236.8215	24.3886
236.9324	24.2683
237.0427	24.3044
237.1543	24.2622
237.2688	24.2983
237.3942	24.2683
237.5150	24.3766
237.6298	24.2502
237.7446	24.2683
237.8644	24.1780
237.9769	24.3706
238.1038	24.2562
238.2248	24.3946
238.3512	24.2141
238.4725	24.4067
238.5966	24.3345
238.7237	24.1780
238.8454	24.3164
238.9618	24.3104
239.0785	24.2502
239.1945	24.2923
239.3101	24.2562
239.4204	24.2021
239.5382	24.2442
239.6613	24.2743
239.7817	24.2923
239.8989	24.2321
240.0187	24.3224
240.1395	24.2803
240.2602	24.3706
240.3790	24.3164
240.5011	24.2382
240.6207	24.2743
240.7400	24.2923
240.8618	24.2803
240.9848	24.2923
241.1057	24.3465
241.2285	24.2201
241.3476	24.2622
241.4720	24.2382
241.5914	24.2683
241.7101	24.2803
241.8218	24.2562
241.9433	24.3585
242.0597	24.2081
242.1684	24.3405
242.2769	24.3405
242.3838	24.2983
242.4941	24.1960
242.6113	24.4007
242.7340	24.3585
242.8570	24.2743
242.9758	24.3224
243.0996	24.3164
243.2220	24.2622
243.3425	24.3224
243.4655	24.3405
243.5838	24.2442
243.7070	24.3284
243.8298	24.2502
243.9505	24.2803
244.0660	24.3164
244.1813	24.3525
244.3050	24.2562
244.4253	24.2923
244.5435	24.2502
244.6655	24.2923
244.7821	24.2502
244.8980	24.3044
245.0134	24.3525
245.1316	24.2923
245.2425	24.2983
245.3534	24.2863
245.4654	24.1900
245.5905	24.3345
245.7090	24.2983
245.8271	24.2803
245.9442	24.3284
246.0679	24.3224
246.1891	24.2743
246.3084	24.2622
246.4290	24.2863
246.5452	24.3405
246.6584	24.2442
246.7749	24.3405
246.8906	24.3104
247.0090	24.3284
247.1249	24.2983
247.2427	24.3465
247.3601	24.3405
247.4738	24.3104
247.5926	24.3044
247.7095	24.3164
247.8264	24.3104
247.9352	24.3525
248.0442	24.2683
248.1535	24.2382
248.2629	24.2743
248.3749	24.3766
248.4890	24.2502
248.6023	24.2321
248.7112	24.2923
248.8209	24.2803
248.9310	24.2382
249.0440	24.3525
249.1570	24.2983
249.2815	24.3104
249.4042	24.3224
249.5233	24.3044
249.6463	24.3465
249.7645	24.3104
249.8823	24.2502
249.9958	24.2562
250.1155	24.2983
250.2349	24.3224
250.3543	24.2803
250.4766	24.3405
250.5970	24.2803
250.7207	24.3585
250.8419	24.2382
250.9645	24.2502
251.0821	24.3284
251.1990	24.2983
251.3220	24.3104
251.4394	24.2803
251.5595	24.3465
251.6777	24.3044
251.7959	24.2442
251.9148	24.2683
252.0347	24.3826
252.1575	24.3284
252.2793	24.2863
252.3975	24.2683
252.5203	24.2683
252.6358	24.2622
252.7561	24.3706
252.8763	24.3345
252.9992	24.3044
253.1166	24.3164
253.2345	24.2261
253.3555	24.2141
253.4726	24.2021
253.5889	24.3104
253.7038	24.3706
253.8221	24.4127
253.9392	24.3405
254.0545	24.3465
254.1751	24.3224
254.2932	24.2261
254.4157	24.2923
254.5365	24.2923
254.6546	24.3345
254.7726	24.3044
254.8933	24.2743
255.0081	24.3104
255.1231	24.2803
255.2435	24.2382
255.3626	24.3224
255.4817	24.3886
255.5977	24.3646
255.7140	24.4007
255.8293	24.3044
255.9461	24.3345
256.0620	24.2923
256.1826	24.3104
256.3004	24.3405
256.4167	24.2502
256.5379	24.3465
256.6578	24.2743
256.7790	24.3525
256.8976	24.3044
257.0187	24.3826
257.1367	24.4007
257.2537	24.2562
257.3701	24.3826
257.4889	24.2683
257.6023	24.3345
257.7132	24.2983
257.8337	24.2923
257.9449	24.3345
258.0602	24.2683
258.1698	24.3284
258.2774	24.2923
258.3894	24.3345
258.4987	24.2683
258.6112	24.2923
258.7283	24.3284
258.8440	24.3646
258.9631	24.2562
259.0833	24.2743
259.1976	24.3164
259.3097	24.3706
259.4225	24.3104
259.5322	24.2502
259.6435	24.2683
259.7581	24.2683
259.8668	24.2863
259.9808	24.3284
260.0908	24.3405
260.2043	24.2743
260.3151	24.3646
260.4260	24.2803
260.5418	24.3044
260.6511	24.2622
260.7598	24.3104
260.8703	24.3164
260.9821	24.3164
261.0909	24.3706
261.2040	24.3104
261.3127	24.2863
261.4229	24.2622
261.5339	24.3405
261.6427	24.3104
261.7523	24.3646
261.8622	24.3465
261.9736	24.3224
262.0874	24.3646
262.1996	24.3465
262.3089	24.2923
262.4233	24.3104
262.5330	24.3585
262.6444	24.2081
262.7555	24.3465
262.8737	24.4488
262.9870	24.2803
263.0975	24.2863
263.2090	24.2803
263.3184	24.3525
263.4319	24.2141
263.5460	24.3044
263.6550	24.3525
263.7645	24.3525
263.8762	24.3345
263.9866	24.2562
264.0995	24.2622
264.2104	24.2141
264.3254	24.2803
264.4385	24.3284
264.5509	24.3405
264.6604	24.2803
264.7689	24.2261
264.8811	24.3044
264.9940	24.3044
265.1029	24.2622
265.2119	24.3224
265.3214	24.4007
265.4309	24.2863
265.5417	24.3405
265.6556	24.2261
265.7688	24.2743
265.8900	24.2683
266.0068	24.3405
266.1203	24.3946
266.2274	24.2743
266.3437	24.3224
266.4599	24.3164
266.5754	24.2502
266.6862	24.3104
266.7940	24.3284
266.9063	24.3104
267.0218	24.3164
267.1403	24.3164
267.2563	24.2743
267.3714	24.2683
267.4946	24.3164
267.6136	24.3104
267.7304	24.2803
267.8519	24.3224
267.9665	24.3405
268.0803	24.2502
268.1951	24.2803
268.3143	24.2743
268.4313	24.2923
268.5477	24.2743
268.6674	24.3585
268.7892	24.3104
268.9050	24.2983
269.0268	24.2743
269.1465	24.2562
269.2661	24.2141
269.3839	24.2983
269.5020	24.3164
269.6223	24.1840
269.7441	24.2622
269.8636	24.3284
269.9798	24.2382
270.0990	24.2562
270.2180	24.2562
270.3401	24.3345
270.4626	24.3044
270.5884	24.2683
270.7062	24.2141
270.8306	24.2261
270.9520	24.3886
271.0686	24.2141
271.1899	24.2502
271.3094	24.3405
271.4268	24.3646
271.5455	24.3646
271.6733	24.3104
271.7908	24.2923
271.9052	24.3104
272.0291	24.3044
272.1480	24.3044
272.2617	24.3164
272.3715	24.2261
272.4859	24.3164
272.6060	24.2863
272.7269	24.3044
272.8426	24.2683
272.9593	24.3164
273.0821	24.2683
273.2007	24.2502
273.3176	24.3465
273.4348	24.3646
273.5501	24.2743
273.6683	24.2442
273.7916	24.2863
273.9100	24.2743
274.0260	24.2863
274.1437	24.2201
274.2610	24.3104
274.3696	24.3224
274.4795	24.2683
274.5919	24.3044
274.7051	24.2983
274.8274	24.2983
274.9482	24.3104
275.0646	24.2081
275.1826	24.1840
275.3011	24.2141
275.4173	24.1960
275.5362	24.2683
275.6585	24.2863
275.7849	24.2683
275.9048	24.2382
276.0226	24.2863
276.1419	24.3585
276.2607	24.2502
276.3801	24.2141
276.4956	24.2321
276.6058	24.2382
276.7239	24.2021
276.8460	24.2923
276.9658	24.2382
277.0848	24.2261
277.2085	24.2442
277.3254	24.2321
277.4454	24.2622
277.5646	24.2442
277.6910	24.2502
277.8029	24.2382
277.9165	24.2442
278.0391	24.2923
278.1528	24.2803
278.2626	24.2382
278.3706	24.2502
278.4816	24.2442
278.5956	24.3164
278.7082	24.2803
278.8195	24.2863
278.9352	24.3104
279.0511	24.2743
279.1675	24.2021
279.2866	24.2863
279.4078	24.2622
279.5289	24.2622
279.6479	24.3104
279.7675	24.2863
279.8881	24.2201
280.0086	24.2743
280.1278	24.3706
280.2492	24.2683
280.3748	24.2261
280.4993	24.1900
280.6170	24.2321
280.7303	24.1599
280.8527	24.2502
280.9725	24.2683
281.0920	24.2562
281.2085	24.2863
281.3282	24.2562
281.4444	24.2382
281.5598	24.2803
281.6756	24.2683
281.7913	24.2923
281.8984	24.2562
282.0053	24.3044
282.1144	24.2502
282.2262	24.2622
282.3351	24.2562
282.4471	24.2683
282.5587	24.3044
282.6668	24.2743
282.7792	24.2983
282.8866	24.2863
283.0013	24.2321
283.1091	24.1960
283.2186	24.2562
283.3345	24.1840
283.4481	24.2021
283.5651	24.3104
283.6817	24.2021
283.7919	24.2683
283.9017	24.2803
284.0167	24.2261
284.1299	24.3044
284.2419	24.2382
284.3546	24.2081
284.4611	24.2683
284.5731	24.2562
284.6824	24.2081
284.7986	24.3405
284.9182	24.2201
285.0340	24.2983
285.1531	24.2141
285.2681	24.1900
285.3873	24.2502
285.5004	24.2983
285.6119	24.2743
285.7214	24.1780
285.8334	24.2803
285.9461	24.1840
286.0659	24.2081
286.1828	24.2442
286.2974	24.2321
286.4113	24.2021
286.5269	24.2502
286.6446	24.2321
286.7657	24.3345
286.8857	24.2261
287.0041	24.2743
287.1204	24.3345
287.2402	24.2863
287.3588	24.1720
287.4856	24.2983
287.6034	24.2983
287.7227	24.3405
287.8416	24.1960
287.9609	24.2683
288.0795	24.2863
288.1995	24.2863
288.3175	24.2863
288.4391	24.1900
288.5615	24.2081
288.6762	24.2201
288.7953	24.2743
288.9119	24.3044
289.0263	24.2442
289.1466	24.3345
289.2657	24.2502
289.3889	24.2382
289.5095	24.2382
289.6258	24.2081
289.7482	24.2442
289.8906	24.3345
290.0272	24.2201
290.1472	24.2803
290.2661	24.2923
290.3833	24.2923
290.4983	24.2201
290.6157	24.2141
290.7382	24.2382
290.8596	24.1960
290.9796	24.2983
291.0995	24.2622
291.2173	24.2622
291.3355	24.2923
291.4569	24.3345
291.5816	24.3164
291.6966	24.2803
291.8112	24.2562
291.9265	24.3224
292.0415	24.3405
292.1587	24.3044
292.2770	24.2923
292.3955	24.2683
292.5136	24.3706
292.6331	24.3345
292.7497	24.2923
292.8681	24.2803
292.9926	24.2562
293.1113	24.2803
293.2327	24.3224
293.3503	24.2321
293.4696	24.2442
293.5931	24.2201
293.7104	24.2923
293.8305	24.3345
293.9503	24.2683
294.0672	24.3405
294.1917	24.3044
294.3097	24.2562
294.4328	24.3104
294.5506	24.2743
294.6685	24.2743
294.7906	24.2261
294.9119	24.3345
295.0298	24.2983
295.1524	24.2923
295.2709	24.2622
295.3917	24.3224
295.5116	24.2923
295.6275	24.2502
295.7422	24.2321
295.8646	24.2683
295.9948	24.2382
296.1145	24.2382
296.2319	24.2743
296.3511	24.2261
296.4698	24.2803
296.5875	24.2803
296.7033	24.2562
296.8256	24.2803
296.9509	24.2803
297.0741	24.3345
297.1925	24.2382
297.3090	24.3405
297.4263	24.3525
297.5484	24.2141
297.6644	24.2442
297.7844	24.3224
297.9043	24.2562
298.0235	24.2683
298.1443	24.2442
298.2688	24.2983
298.3885	24.3044
298.5052	24.2502
298.6261	24.2562
298.7516	24.2923
298.8738	24.3585
298.9959	24.3104
299.1166	24.3525
299.2339	24.3766
299.3489	24.3044
299.4661	24.2863
299.5892	24.3044
299.7122	24.2562
299.8310	24.3224
299.9500	24.3585
