0.0000	24.6033
0.1275	24.5472
0.2498	24.5632
0.3662	24.5150
0.4822	24.6595
0.6015	24.5070
0.7182	24.5150
0.8338	24.5070
0.9513	24.5873
1.0691	24.6435
1.1860	24.5632
1.3028	24.4990
1.4205	24.5391
1.5358	24.5311
1.6562	24.6114
1.7765	24.4990
1.8963	24.5311
2.0178	24.6194
2.1344	24.5712
2.2561	24.5632
2.3741	24.4669
2.4909	24.5150
2.5997	24.5231
2.7085	24.4829
2.8172	24.6194
2.9332	24.4910
3.0536	24.5793
3.1736	24.5472
3.2966	24.5552
3.4150	24.3866
3.5366	24.4990
3.6608	24.5231
3.7790	24.6355
3.9004	24.5632
4.0178	24.5231
4.1377	24.4829
4.2470	24.5472
4.3577	24.4268
4.4698	24.4589
4.5796	24.5150
4.6926	24.5231
4.8078	24.5311
4.9249	24.4669
5.0447	24.5632
5.1604	24.5070
5.2771	24.5391
5.3946	24.4829
5.5122	24.4829
5.6292	24.6756
5.7462	24.5873
5.8606	24.5070
5.9788	24.5472
6.0958	24.5391
6.2119	24.5953
6.3350	24.4910
6.4554	24.4990
6.5662	24.5231
6.6839	24.4749
6.8045	24.6274
6.9243	24.6595
7.0495	24.4508
7.1751	24.6194
7.2979	24.4990
7.4129	24.5793
7.5277	24.6114
7.6389	24.4187
7.7509	24.5150
7.8739	24.4508
8.0003	24.4990
8.1283	24.5311
8.2464	24.5472
8.3648	24.4749
8.4831	24.5873
8.6050	24.5873
8.7260	24.6274
8.8429	24.4990
8.9590	24.5311
9.0787	24.6274
9.1956	24.5632
9.3244	24.5472
9.4484	24.4669
9.5674	24.5873
9.6902	24.5873
9.8077	24.6355
9.9286	24.4428
10.0423	24.5552
10.1636	24.5391
10.2798	24.4990
10.3965	24.3866
10.5144	24.5150
10.6335	24.4829
10.7519	24.4910
10.8697	24.5873
10.9912	24.4187
11.1082	24.5552
11.2269	24.5150
11.3452	24.4589
11.4604	24.5793
11.5791	24.5391
11.6990	24.5311
11.8216	24.5070
11.9400	24.4749
12.0583	24.5150
12.1761	24.5391
12.2924	24.4589
12.4081	24.5150
12.5241	24.5311
12.6384	24.5632
12.7543	24.6194
12.8755	24.5552
12.9904	24.4348
13.1068	24.4749
13.2265	24.5150
13.3433	24.5873
13.4627	24.6274
13.5830	24.4669
13.7012	24.6595
13.8160	24.5873
13.9335	24.5231
14.0492	24.5070
14.1646	24.6033
14.2821	24.6756
14.3992	24.5070
14.5150	24.5793
14.6333	24.5070
14.7460	24.6114
14.8595	24.6836
14.9700	24.5873
15.0829	24.5632
15.1981	24.5873
15.3189	24.5391
15.4401	24.4749
15.5559	24.5150
15.6725	24.5472
15.7872	24.5712
15.9033	24.6033
16.0191	24.5793
16.1339	24.5070
16.2467	24.5391
16.3556	24.5311
16.4656	24.5070
16.6264	24.5150
16.7960	24.5150
16.9457	24.5873
17.0562	24.5231
17.1668	24.6114
17.2758	24.5231
17.3845	24.4990
17.5016	24.5311
17.6279	24.5231
17.7388	24.5391
17.8521	24.5552
17.9641	24.5712
18.0768	24.4829
18.1886	24.5070
18.3101	24.5231
18.4245	24.5552
18.5364	24.5311
18.6435	24.4990
18.7504	24.5953
18.8765	24.5953
19.0603	24.4990
19.1991	24.4910
19.3081	24.5793
19.4171	24.5150
19.5269	24.5793
19.6405	24.5873
19.7562	24.6194
19.8739	24.6355
19.9872	24.6515
20.1040	24.4990
20.2194	24.5311
20.3352	24.5873
20.4510	24.5712
20.5713	24.5632
20.6855	24.4990
20.8061	24.6274
20.9224	24.5472
21.0375	24.6114
21.1519	24.5873
21.2673	24.6114
21.3831	24.5391
21.4998	24.5552
21.6222	24.4428
21.7415	24.5632
21.8586	24.5070
21.9785	24.5793
22.0978	24.4428
22.2375	24.5953
22.3674	24.5953
22.4833	24.5391
22.5983	24.6595
22.7132	24.5632
22.8315	24.5150
22.9470	24.5712
23.0588	24.5712
23.1715	24.5953
23.2882	24.4829
23.4000	24.5311
23.5289	24.5552
23.6392	24.5552
23.7515	24.4910
23.8693	24.5391
23.9895	24.5873
24.1090	24.4749
24.2342	24.5873
24.3547	24.5552
24.4776	24.6114
24.6031	24.5632
24.8005	24.5391
24.9202	24.6595
25.0319	24.5311
25.1435	24.6114
25.2536	24.5953
25.3777	24.5632
25.4987	24.5873
25.7151	24.4669
25.8533	24.6194
25.9627	24.6676
26.0774	24.5953
26.2022	24.4428
26.3392	24.4669
26.4604	24.6595
26.5792	24.5793
26.6983	24.5552
26.8241	24.4589
26.9501	24.6595
27.0689	24.6033
27.1913	24.6194
27.3105	24.5070
27.4297	24.5231
27.5519	24.4990
27.6834	24.5712
27.7948	24.5632
27.9059	24.5391
28.0210	24.5150
28.1585	24.5632
28.2766	24.5231
28.4030	24.5311
28.5251	24.4348
28.6488	24.5712
28.7686	24.5953
28.8929	24.4829
29.0135	24.5311
29.1283	24.5953
29.2484	24.6595
29.3688	24.5552
29.4873	24.5070
29.6094	24.6114
29.7276	24.5712
29.8472	24.5231
29.9653	24.5472
30.0873	24.5150
30.2076	24.5391
30.3261	24.5311
30.4457	24.5632
30.5613	24.5712
30.6764	24.6515
30.7941	24.4749
30.9126	24.5231
31.0343	24.4268
31.1527	24.5311
31.2696	24.4990
31.3887	24.5953
31.5062	24.5150
31.6250	24.5552
31.7459	24.5391
31.8658	24.5472
31.9825	24.6114
32.1022	24.5070
32.2233	24.5472
32.3418	24.5793
32.4655	24.5712
32.6102	24.5552
32.7337	24.4990
32.8499	24.5873
32.9684	24.6033
33.0858	24.6033
33.2106	24.4508
33.3303	24.6355
33.4500	24.5391
33.5729	24.5873
33.6922	24.5793
33.8099	24.6194
33.9334	24.5150
34.0538	24.5953
34.1710	24.6274
34.2865	24.6997
34.4071	24.6033
34.5236	24.6033
34.6402	24.5070
34.7586	24.6435
34.8751	24.6194
34.9897	24.5552
35.1078	24.5150
35.2238	24.6595
35.3413	24.5391
35.4566	24.5712
35.5766	24.6274
35.6983	24.5391
35.8167	24.6355
35.9337	24.5632
36.0570	24.6033
36.1771	24.5311
36.2960	24.4749
36.4105	24.5150
36.5285	24.6435
36.6437	24.4589
36.7645	24.6114
36.8815	24.5793
37.0024	24.5953
37.1196	24.7398
37.2389	24.6676
37.3579	24.6033
37.4782	24.5552
37.5940	24.4829
37.7093	24.5712
37.8294	24.5793
37.9424	24.5311
38.0503	24.6033
38.1615	24.5793
38.2791	24.5070
38.3954	24.4829
38.5118	24.6515
38.6303	24.6033
38.7453	24.4990
38.8650	24.6033
38.9862	24.6194
39.1050	24.4829
39.2217	24.6515
39.3377	24.5632
39.4516	24.5552
39.5693	24.5712
39.6843	24.6033
39.7999	24.4749
39.9151	24.5712
40.0305	24.5150
40.1444	24.4428
40.2580	24.4749
40.3702	24.6355
40.4871	24.6836
40.6014	24.5712
40.7190	24.5953
40.8350	24.6435
40.9564	24.5150
41.0758	24.4669
41.1910	24.6114
41.3034	24.5552
41.4156	24.5793
41.5305	24.5552
41.6467	24.5311
41.7634	24.5391
41.8791	24.5632
41.9990	24.5311
42.1122	24.5632
42.2330	24.6033
42.3474	24.6194
42.4631	24.5070
42.5787	24.5472
42.6946	24.5150
42.8109	24.4669
42.9244	24.5472
43.0380	24.5873
43.1554	24.4749
43.2679	24.6756
43.3831	24.5712
43.4981	24.4910
43.6124	24.5552
43.7260	24.6114
43.8432	24.5953
43.9600	24.5552
44.0749	24.5632
44.1953	24.5391
44.3127	24.5150
44.4262	24.5793
44.5416	24.6756
44.6564	24.5793
44.7750	24.5231
44.8894	24.6033
45.0055	24.6033
45.1233	24.5472
45.2422	24.5632
45.3617	24.4508
45.4776	24.6836
45.5909	24.6355
45.7053	24.5391
45.8201	24.7398
45.9349	24.5632
46.0525	24.6515
46.1698	24.6033
46.2929	24.6274
46.4083	24.5953
46.5233	24.6274
46.6385	24.5231
46.7522	24.5712
46.8680	24.4749
46.9901	24.5953
47.1071	24.5472
47.2238	24.4669
47.3425	24.4829
47.4651	24.6355
47.5795	24.5793
47.7001	24.5472
47.8197	24.4669
47.9377	24.6114
48.0550	24.6435
48.1724	24.5150
48.2891	24.5311
48.4050	24.6435
48.5212	24.6676
48.6426	24.5873
48.7623	24.4990
48.8800	24.6114
48.9970	24.6355
49.1106	24.5472
49.2236	24.5311
49.3404	24.5552
49.4588	24.6997
49.5741	24.6274
49.6897	24.5632
49.8068	24.6435
49.9220	24.5231
50.0384	24.6997
50.1567	24.6114
50.2776	24.5873
50.3937	24.5070
50.5169	24.4990
50.6376	24.5873
50.7526	24.5150
50.8706	24.6274
50.9852	24.6515
51.1056	24.5070
51.2217	24.6033
51.3351	24.5472
51.4476	24.5070
51.5663	24.5953
51.6957	24.5793
51.8086	24.5231
51.9228	24.6033
52.0390	24.4910
52.1564	24.5793
52.2723	24.4990
52.3881	24.5231
52.5037	24.6114
52.6260	24.5953
52.7469	24.6194
52.8637	24.6033
52.9797	24.5953
53.0963	24.5712
53.2121	24.5391
53.3270	24.5712
53.4493	24.6033
53.5687	24.5070
53.6860	24.5953
53.8036	24.6033
53.9217	24.5712
54.0431	24.5150
54.1571	24.5552
54.2762	24.5793
54.3942	24.5391
54.5122	24.4428
54.6320	24.5873
54.7466	24.6756
54.8611	24.6114
54.9881	24.5070
55.1105	24.5311
55.2262	24.5311
55.3449	24.5953
55.4609	24.6114
55.5830	24.5873
55.7010	24.6595
55.8204	24.5311
55.9354	24.5953
56.0519	24.4990
56.1674	24.5712
56.2886	24.5552
56.4047	24.6515
56.5183	24.5953
56.6372	24.5793
56.7514	24.6435
56.8682	24.5552
56.9880	24.5632
57.1027	24.5632
57.2256	24.5150
57.3434	24.6114
57.4620	24.5712
57.5752	24.6033
57.6897	24.5311
57.8101	24.5391
57.9253	24.5953
58.0447	24.4589
58.1600	24.5391
58.2750	24.4910
58.3936	24.6033
58.5128	24.4749
58.6270	24.5793
58.7424	24.5472
58.8619	24.4187
58.9796	24.5632
59.0946	24.5632
59.2107	24.5311
59.3335	24.6355
59.4483	24.5873
59.5655	24.5150
59.6765	24.6676
59.7905	24.5391
59.9075	24.5552
60.0238	24.6033
60.1356	24.5231
60.2465	24.6274
60.3602	24.6033
60.4776	24.6676
60.5942	24.6274
60.7165	24.5793
60.8361	24.6274
60.9584	24.5873
61.0777	24.5632
61.1917	24.6435
61.3110	24.5472
61.4277	24.6355
61.5452	24.5231
61.6637	24.5552
61.7817	24.5231
61.9018	24.6515
62.0245	24.5231
62.1439	24.5953
62.2638	24.5873
62.3827	24.5793
62.5010	24.5953
62.6178	24.6917
62.7396	24.6355
62.8555	24.6274
62.9725	24.6917
63.0937	24.5632
63.2115	24.4428
63.3247	24.5873
63.4360	24.5632
63.5463	24.6274
63.6594	24.6435
63.7744	24.5311
63.8911	24.5953
64.0053	24.6194
64.1200	24.6274
64.2398	24.6515
64.3566	24.6194
64.4715	24.5953
64.5929	24.6194
64.7071	24.5953
64.8218	24.5552
64.9403	24.6355
65.0559	24.5231
65.1735	24.6274
65.2913	24.6435
65.4089	24.6114
65.5255	24.6033
65.6412	24.6435
65.7564	24.5552
65.8762	24.6515
65.9940	24.4910
66.1118	24.5712
66.2257	24.5953
66.3466	24.6515
66.4653	24.5632
66.5886	24.7077
66.7053	24.5873
66.8231	24.5231
66.9387	24.5712
67.0581	24.5712
67.1731	24.4829
67.2868	24.4990
67.4026	24.5552
67.5190	24.5632
67.6348	24.6355
67.7516	24.5552
67.8678	24.6355
67.9873	24.4829
68.1021	24.6435
68.2160	24.6274
68.3374	24.7479
68.4529	24.5793
68.5735	24.5712
68.6938	24.6435
68.8136	24.3224
68.9305	24.6355
69.0449	24.6114
69.1629	24.6033
69.2790	24.5793
69.4013	24.5953
69.5229	24.5793
69.6419	24.6515
69.7605	24.5793
69.8764	24.4669
69.9927	24.6917
70.1110	24.5552
70.2286	24.6435
70.3420	24.6756
70.4586	24.4910
70.5760	24.7398
70.6921	24.7157
70.8117	24.6756
70.9256	24.5391
71.0437	24.6033
71.1632	24.5311
71.2790	24.6515
71.3965	24.5552
71.5111	24.6997
71.6317	24.5873
71.7551	24.5712
71.8730	24.6676
71.9898	24.6595
72.1077	24.5552
72.2236	24.6194
72.3419	24.6274
72.4610	24.5953
72.5814	24.6917
72.6964	24.4829
72.8105	24.5070
72.9239	24.6194
73.0387	24.6595
73.1563	24.5552
73.2711	24.5953
73.3872	24.6756
73.5086	24.7238
73.6242	24.5712
73.7414	24.5311
73.8595	24.5311
73.9755	24.5712
74.0921	24.6194
74.2069	24.5793
74.3231	24.5231
74.4429	24.6355
74.5597	24.6435
74.6726	24.5953
74.7868	24.6194
74.9043	24.6836
75.0253	24.6676
75.1420	24.6114
75.2587	24.6194
75.3776	24.5793
75.4972	24.6274
75.6127	24.6997
75.7259	24.6595
75.8416	24.6836
75.9576	24.6274
76.0763	24.5712
76.1941	24.6355
76.3143	24.6033
76.4314	24.5391
76.5459	24.4508
76.6611	24.6033
76.7776	24.5953
76.8940	24.6836
77.0087	24.5632
77.1244	24.5873
77.2391	24.5953
77.3554	24.6194
77.4700	24.5873
77.5885	24.5552
77.7082	24.6274
77.8246	24.7077
77.9388	24.6114
78.0587	24.5391
78.1719	24.5311
78.2881	24.6997
78.4030	24.4910
78.5263	24.6114
78.6473	24.5953
78.7636	24.5311
78.8826	24.6274
79.0074	24.5793
79.1279	24.6595
79.2480	24.6676
79.3700	24.6676
79.4900	24.6194
79.6130	24.5552
79.7531	24.5873
79.8935	24.5953
80.0179	24.6355
80.1445	24.6114
80.2781	24.6274
80.5231	24.6515
80.6458	24.6033
80.7611	24.6114
80.8774	24.6756
80.9885	24.4910
81.1043	24.6836
81.2273	24.6194
81.3590	24.5472
81.4790	24.5712
81.5992	24.6515
81.7203	24.6676
81.8363	24.6836
81.9559	24.5793
82.0736	24.5712
82.1992	24.6595
82.3210	24.6355
82.4408	24.6194
82.5644	24.6033
82.6854	24.6836
82.8060	24.6114
82.9253	24.6194
83.0515	24.6194
83.1732	24.6515
83.2952	24.5712
83.4139	24.5712
83.5305	24.6114
83.6507	24.6435
83.7741	24.4829
83.8941	24.5150
84.0153	24.6515
84.1374	24.5472
84.2611	24.5953
84.3799	24.5873
84.4980	24.6515
84.6182	24.5150
84.7415	24.5953
84.8963	24.4910
85.0190	24.5632
85.1434	24.6114
85.2620	24.5472
85.3715	24.5391
85.4816	24.5391
85.5918	24.6033
85.6995	24.6114
85.8109	24.5231
85.9267	24.5150
86.0491	24.5311
86.1699	24.4990
86.2890	24.5873
86.4087	24.5953
86.5308	24.5311
86.6565	24.6274
86.7771	24.5873
86.8963	24.5712
87.0156	24.5311
87.1388	24.4829
87.2586	24.5873
87.3773	24.5231
87.4969	24.6274
87.6196	24.5953
87.7479	24.5150
87.8684	24.5472
87.9902	24.5311
88.1083	24.6033
88.2609	24.5150
88.3839	24.5793
88.5062	24.5552
88.6256	24.5712
88.7460	24.5552
88.8611	24.4990
88.9813	24.5873
89.1020	24.6355
89.2180	24.5150
89.3354	24.4669
89.4514	24.5231
89.5716	24.5391
89.6868	24.5552
89.8038	24.4829
89.9190	24.6033
90.0352	24.6595
90.1518	24.6194
90.2678	24.5552
90.3833	24.5070
90.5001	24.5632
90.6244	24.5231
90.7466	24.5391
90.8623	24.5552
90.9768	24.5472
91.0934	24.4027
91.2099	24.5712
91.3290	24.6355
91.4445	24.5712
91.5654	24.5311
91.6854	24.5391
91.8032	24.5311
91.9234	24.5311
92.0426	24.5953
92.1621	24.5070
92.2769	24.6274
92.3894	24.3625
92.5329	24.4990
92.6489	24.5793
92.7588	24.5391
92.8666	24.4990
92.9809	24.4749
93.1004	24.5793
93.2324	24.5632
93.4068	24.5472
93.5214	24.5070
93.6346	24.4990
93.7482	24.5231
93.8567	24.3786
93.9728	24.4829
94.0947	24.5953
94.2076	24.6676
94.3217	24.5231
94.4449	24.4749
94.5760	24.7077
94.7109	24.5150
94.8328	24.4669
94.9508	24.5552
95.0682	24.5632
95.1930	24.6676
95.3138	24.6033
95.4503	24.5552
95.5985	24.4428
95.7227	24.6194
95.8494	24.6274
95.9690	24.6033
96.0884	24.6274
96.2138	24.5391
96.3336	24.6033
96.4509	24.5873
96.5651	24.5953
96.6859	24.6756
96.8020	24.5552
96.9197	24.6355
97.0340	24.5712
97.1522	24.4990
97.2783	24.6033
97.3979	24.4829
97.5194	24.6194
97.6398	24.6355
97.7603	24.5712
97.8807	24.5472
98.0043	24.5953
98.1237	24.5472
98.2421	24.5311
98.3572	24.6274
98.4796	24.5793
98.6128	24.3866
98.7314	24.4910
98.8481	24.5953
98.9678	24.5070
99.0830	24.5311
99.2015	24.5231
99.3271	24.5311
99.4551	24.4348
99.5669	24.5632
99.6845	24.6917
99.8061	24.4428
99.9342	24.5311
100.1383	24.6114
100.2606	24.6194
100.3763	24.5953
100.5010	24.5070
100.6797	24.5632
100.8962	24.5632
101.0080	24.6756
101.1194	24.5391
101.2309	24.6435
101.3435	24.6194
101.4552	24.5953
101.5810	24.5311
101.6953	24.4910
101.8327	24.5793
101.9689	24.6274
102.0990	24.5231
102.2273	24.5552
102.3716	24.5311
102.4924	24.5472
102.6028	24.5472
102.7159	24.6033
102.8283	24.5391
102.9389	24.5391
103.0521	24.5793
103.1652	24.5552
103.2803	24.6033
103.3980	24.5311
103.5097	24.4669
103.6211	24.5793
103.7340	24.4910
103.8500	24.5712
103.9675	24.5311
104.0766	24.5552
104.1894	24.6194
104.2975	24.5712
104.4064	24.6114
104.5187	24.6435
104.6299	24.5391
104.7406	24.5552
104.8537	24.5472
104.9649	24.6274
105.0807	24.5070
105.1912	24.5712
105.3013	24.6033
105.4173	24.5953
105.5737	24.5391
105.6846	24.5391
105.8081	24.6114
105.9226	24.6435
106.0345	24.4990
106.1465	24.5552
106.2609	24.6274
106.3733	24.6756
106.4918	24.5552
106.6093	24.6355
106.7300	24.5632
106.8632	24.6194
106.9890	24.5391
107.1199	24.5231
107.2406	24.6033
107.3913	24.5150
107.5028	24.6274
107.6136	24.5150
107.7387	24.6114
107.8896	24.6274
108.0101	24.5712
108.1316	24.6194
108.2619	24.5873
108.4137	24.4829
108.5422	24.6595
108.6754	24.5873
108.8068	24.6114
108.9516	24.5231
109.0599	24.4508
109.1694	24.5793
109.2827	24.5712
109.3924	24.5070
109.5108	24.6515
109.6671	24.5712
109.7809	24.5632
109.9004	24.5793
110.0375	24.5632
110.1491	24.7077
110.2568	24.6114
110.3683	24.6114
110.4831	24.5391
110.5937	24.6435
110.7090	24.6756
110.8205	24.6114
110.9300	24.5472
111.0446	24.5070
111.1553	24.5712
111.2815	24.4910
111.4001	24.5632
111.5157	24.5231
111.6349	24.6274
111.7531	24.6114
111.8721	24.5552
111.9942	24.5793
112.1098	24.6515
112.2289	24.6033
112.3456	24.4829
112.4609	24.6274
112.5773	24.6033
112.6979	24.4910
112.8118	24.5391
112.9309	24.6274
113.0525	24.6194
113.1718	24.6033
113.2883	24.6194
113.4111	24.6274
113.5266	24.5953
113.6423	24.6033
113.7592	24.6515
113.8750	24.5712
113.9942	24.5150
114.1111	24.6274
114.2279	24.6355
114.3626	24.5793
114.5125	24.6595
114.6257	24.5793
114.7374	24.5873
114.8536	24.5953
114.9681	24.6355
115.0851	24.5391
115.1999	24.5953
115.3171	24.6033
115.4341	24.5793
115.5541	24.5150
115.7888	24.5311
115.9120	24.5632
116.0210	24.5552
116.1360	24.5712
116.2525	24.5712
116.3691	24.5472
116.4882	24.5391
116.6038	24.5391
116.7201	24.5391
116.8352	24.4428
116.9519	24.5793
117.0705	24.5552
117.1885	24.5712
117.3063	24.6114
117.4203	24.6756
117.5366	24.6114
117.6529	24.5712
117.7725	24.5712
117.8896	24.4749
118.0057	24.6033
118.1290	24.5793
118.2485	24.4589
118.3621	24.6756
118.4810	24.5311
118.5956	24.5793
118.7118	24.4829
118.8338	24.5311
118.9554	24.6274
119.0744	24.5311
119.1960	24.4910
119.3156	24.5632
119.4353	24.5150
119.5533	24.5793
119.7128	24.5150
119.8477	24.5311
119.9676	24.4829
120.0989	24.5311
120.2198	24.5953
120.3363	24.4910
120.4979	24.5793
120.6344	24.5873
120.7688	24.4910
120.8993	24.4749
121.0227	24.5873
121.1521	24.5472
121.2814	24.5793
121.4060	24.6595
121.5281	24.6194
121.6496	24.6274
121.7724	24.5231
121.8955	24.5632
122.0246	24.5552
122.1576	24.5231
122.2811	24.6355
122.3964	24.6274
122.5175	24.5712
122.6463	24.5391
122.7665	24.5472
122.8912	24.5632
123.0109	24.5632
123.1357	24.5150
123.2560	24.5391
123.3781	24.5552
123.5129	24.5391
123.6440	24.5793
123.7687	24.5552
123.8936	24.6033
124.0153	24.6756
124.1341	24.5472
124.2584	24.6033
124.3831	24.5793
124.5066	24.6274
124.6336	24.5873
124.7520	24.5231
124.8722	24.5472
124.9928	24.5873
125.1111	24.5472
125.2319	24.5632
125.3530	24.5793
125.4721	24.5472
125.5927	24.5712
125.7122	24.5311
125.8320	24.6194
125.9612	24.5391
126.0785	24.5793
126.2048	24.5793
126.3330	24.6194
126.4565	24.6114
126.5787	24.5311
126.7007	24.4589
126.8225	24.6114
126.9443	24.5311
127.0614	24.4749
127.1788	24.4268
127.2965	24.4910
127.4193	24.6435
127.5430	24.5311
127.6609	24.6114
127.7817	24.5712
127.9006	24.6274
128.0227	24.5391
128.1428	24.5632
128.2602	24.5793
128.3805	24.5231
128.4980	24.5632
128.6212	24.5873
128.7386	24.5632
128.8564	24.6515
128.9717	24.5552
129.0888	24.5793
129.2119	24.6114
129.3313	24.5150
129.4501	24.5873
129.5701	24.5632
129.6899	24.5873
129.8083	24.4669
129.9265	24.5472
130.0417	24.5793
130.1615	24.5472
130.2794	24.5472
130.3964	24.6515
130.5119	24.5391
130.6266	24.5070
130.7449	24.6676
130.8580	24.5953
130.9746	24.5391
131.0932	24.5632
131.2148	24.5070
131.3399	24.5472
131.4575	24.6033
131.5781	24.5873
131.6945	24.5712
131.8102	24.5070
131.9267	24.5150
132.0447	24.5150
132.1626	24.6435
132.2822	24.6033
132.4010	24.6194
132.5186	24.5231
132.6379	24.5231
132.7533	24.5552
132.8729	24.5712
132.9885	24.5472
133.1041	24.6515
133.2214	24.6033
133.3388	24.5150
133.4544	24.5552
133.5714	24.5391
133.6881	24.5712
133.8063	24.5793
133.9226	24.6033
134.0396	24.6033
134.1546	24.6274
134.2724	24.5712
134.3898	24.5953
134.5074	24.6114
134.6255	24.6595
134.7412	24.5070
134.8559	24.5472
134.9704	24.6114
135.0879	24.6274
135.2053	24.5552
135.3257	24.5873
135.4433	24.5793
135.5591	24.5712
135.6747	24.6274
135.7896	24.5632
135.9069	24.5953
136.0203	24.5150
136.1375	24.5953
136.2551	24.6595
136.3729	24.5311
136.4879	24.4829
136.6050	24.5552
136.7201	24.5552
136.8342	24.6355
136.9501	24.5712
137.0650	24.6435
137.1827	24.5311
137.3022	24.5391
137.4215	24.5311
137.5419	24.5150
137.6579	24.5712
137.7775	24.5632
137.8962	24.5712
138.0139	24.5953
138.1345	24.4749
138.2491	24.4910
138.3713	24.5873
138.4885	24.5472
138.6023	24.7077
138.7222	24.5472
138.8445	24.5391
138.9595	24.5712
139.0783	24.4669
139.1936	24.4829
139.3110	24.5712
139.4247	24.4749
139.5469	24.6033
139.6615	24.5953
139.7799	24.4910
139.8967	24.5712
140.0108	24.5632
140.1242	24.6033
140.2446	24.6595
140.3604	24.5391
140.4782	24.5552
140.5985	24.5552
140.7200	24.6033
140.8385	24.4589
140.9589	24.5953
141.0749	24.6114
141.1919	24.5231
141.3089	24.5552
141.4244	24.5150
141.5413	24.5231
141.6570	24.6194
141.7748	24.4990
141.8927	24.6033
142.0098	24.5311
142.2265	24.5552
142.3402	24.5391
142.4530	24.6274
142.5632	24.5070
142.6827	24.6033
142.8030	24.5472
142.9208	24.5231
143.0373	24.6595
143.1560	24.6194
143.2713	24.5311
143.3889	24.5873
143.5091	24.5712
143.6315	24.5873
143.7464	24.5391
143.8681	24.4749
143.9908	24.5311
144.1129	24.5873
144.2415	24.5231
144.3632	24.5150
144.4862	24.5632
144.6058	24.5552
144.7255	24.4990
144.8470	24.5552
144.9697	24.5632
145.0896	24.5391
145.2095	24.5712
145.3287	24.5793
145.4511	24.6033
145.5691	24.5231
145.6885	24.5953
145.8063	24.5231
145.9242	24.5231
146.0450	24.5472
146.1599	24.6033
146.2775	24.5311
146.3957	24.5150
146.5145	24.5632
146.6327	24.4829
146.7591	24.4669
146.8829	24.5873
147.0087	24.4508
147.1286	24.5632
147.2515	24.5552
147.3753	24.6274
147.4992	24.5552
147.6166	24.6033
147.7363	24.5632
147.8572	24.5231
147.9826	24.5793
148.1011	24.5231
148.2217	24.5632
148.3397	24.5632
148.4594	24.5632
148.5781	24.5231
148.6945	24.5552
148.8134	24.5953
148.9354	24.5793
149.0556	24.4268
149.1735	24.5632
149.2917	24.5552
149.4132	24.5953
149.5338	24.6274
149.6542	24.6114
149.7801	24.6756
149.8989	24.4749
150.0152	24.6033
150.1305	24.5150
150.2493	24.4829
150.3668	24.5472
150.4881	24.4990
150.6103	24.5391
150.7277	24.5472
150.8454	24.6033
150.9624	24.6595
151.0807	24.5150
151.1992	24.5712
151.3166	24.5552
151.4386	24.6114
151.5615	24.5391
151.6787	24.4910
151.8019	24.6355
151.9279	24.4508
152.0455	24.5311
152.1676	24.6033
152.2989	24.6595
152.4275	24.6355
152.5479	24.5311
152.6660	24.4589
152.7908	24.4829
152.9151	24.6033
153.0594	24.6435
153.1765	24.5311
153.2898	24.5150
153.4107	24.5070
153.5259	24.5391
153.6385	24.5712
153.7479	24.5552
153.8624	24.6114
153.9732	24.5793
154.0839	24.5552
154.1960	24.6274
154.3105	24.5953
154.4179	24.5070
154.5806	24.5712
154.7013	24.6595
154.8254	24.5311
154.9461	24.5712
155.0993	24.5712
155.2177	24.5150
155.3444	24.4428
155.4682	24.4749
155.6328	24.6114
155.7468	24.5632
155.8641	24.6676
155.9839	24.5632
156.1144	24.5712
156.2947	24.6355
156.4265	24.4910
156.5510	24.4990
156.6924	24.5552
156.8412	24.5070
156.9650	24.5793
157.0851	24.5070
157.2107	24.6114
157.3299	24.6114
157.4489	24.5391
157.5689	24.6355
157.6916	24.5712
157.8182	24.5391
157.9473	24.4990
158.0820	24.5712
158.1910	24.6917
158.3054	24.5552
158.4195	24.5632
158.5477	24.6114
158.6700	24.5712
158.7967	24.5552
158.9314	24.5953
159.0594	24.5070
159.1786	24.5150
159.3007	24.5231
159.4223	24.7238
159.5742	24.5552
159.6925	24.5712
159.8122	24.5231
159.9387	24.5391
160.0595	24.6114
160.1812	24.5632
160.2989	24.5231
160.4168	24.5712
160.5363	24.5953
160.6626	24.5150
160.7807	24.5953
160.8996	24.5712
161.0235	24.7479
161.1412	24.5873
161.2622	24.5311
161.3825	24.5793
161.5067	24.5472
161.6322	24.6676
161.7557	24.5231
161.8813	24.5873
162.0018	24.6033
162.1226	24.5311
162.2430	24.6194
162.3612	24.5472
162.4847	24.5873
162.6054	24.5311
162.7205	24.6676
162.8383	24.5873
162.9542	24.6997
163.0700	24.6595
163.1913	24.5472
163.3089	24.5793
163.4319	24.5793
163.5504	24.5552
163.6720	24.5070
163.7896	24.6114
163.9148	24.5472
164.0315	24.5793
164.1512	24.4990
164.2707	24.6194
164.3868	24.6355
164.5054	24.5472
164.6222	24.5712
164.7416	24.6033
164.8621	24.6435
164.9781	24.5311
165.0950	24.5873
165.2097	24.5391
165.3286	24.4589
165.4460	24.6114
165.5616	24.5472
165.6796	24.5552
165.7980	24.6114
165.9378	24.5391
166.0609	24.5472
166.1784	24.5953
166.2948	24.5070
166.4212	24.5311
166.5330	24.6515
166.6435	24.6033
166.7678	24.5150
166.9036	24.5472
167.0231	24.5552
167.1442	24.5632
167.2702	24.5311
167.3867	24.5311
167.5058	24.5953
167.6326	24.5552
167.7574	24.6274
167.8805	24.6274
167.9988	24.5391
168.1209	24.5472
168.2367	24.5070
168.3551	24.5472
168.4723	24.5632
168.5934	24.5793
168.7111	24.5793
168.8333	24.5873
168.9511	24.5391
169.0693	24.5552
169.1827	24.6194
169.2965	24.4829
169.4293	24.6033
169.5443	24.6114
169.6774	24.5793
169.7912	24.6033
169.9042	24.5793
170.0120	24.5150
170.1212	24.5793
170.2323	24.5552
170.3658	24.5150
170.4920	24.5552
170.6128	24.5712
170.7306	24.5873
170.8554	24.6274
170.9765	24.4829
171.0985	24.6274
171.2436	24.5712
171.4019	24.5150
171.5298	24.5231
171.6733	24.6114
171.8303	24.4910
171.9431	24.5793
172.0558	24.5552
172.1677	24.6435
172.2984	24.5552
172.4244	24.6355
172.5361	24.5391
172.6476	24.5712
172.7596	24.5472
172.8753	24.5953
173.0005	24.5632
173.1481	24.5793
173.2720	24.4669
173.3810	24.5472
173.5275	24.5552
173.6391	24.5391
173.7542	24.5712
173.8661	24.5070
173.9800	24.5873
174.0913	24.5391
174.2082	24.6355
174.3411	24.5632
174.4814	24.5070
174.5909	24.5391
174.6989	24.6194
174.8077	24.6435
174.9207	24.5632
175.0307	24.6033
175.1561	24.5070
175.2706	24.5793
175.3832	24.5712
175.4926	24.5632
175.6023	24.5873
175.7113	24.5712
175.8220	24.6194
175.9332	24.5311
176.0492	24.5793
176.1879	24.5632
176.3158	24.6033
176.4289	24.6435
176.5462	24.5150
176.6787	24.5231
176.8018	24.5231
176.9939	24.5632
177.1107	24.6033
177.2321	24.5793
177.3563	24.5472
177.4844	24.6515
177.6041	24.6274
177.7615	24.6435
177.8908	24.5070
178.0146	24.6114
178.1339	24.7398
178.2538	24.5873
178.4355	24.5632
178.6133	24.6355
178.7297	24.6274
178.8518	24.5712
178.9707	24.6194
179.0950	24.6756
179.2144	24.6595
179.3330	24.6114
179.4539	24.6194
179.5760	24.6355
179.6901	24.5311
179.8090	24.5793
179.9232	24.6114
180.0312	24.5472
180.1411	24.6114
180.2512	24.5712
180.3710	24.5953
180.4917	24.5632
180.6109	24.5712
180.7270	24.6033
180.8454	24.6194
180.9696	24.6274
181.0861	24.5873
181.2016	24.5953
181.3246	24.5150
181.4407	24.5953
181.5595	24.6033
181.6787	24.5873
181.7993	24.6114
181.9157	24.6033
182.0402	24.5472
182.1603	24.6756
182.2811	24.4990
182.3996	24.5632
182.5158	24.6194
182.6321	24.6595
182.7476	24.6194
182.8661	24.6114
182.9897	24.6355
183.1092	24.6114
183.2258	24.5712
183.3458	24.5712
183.4701	24.5150
183.5880	24.6194
183.7074	24.6355
183.8265	24.6756
183.9459	24.6194
184.0658	24.4508
184.1837	24.6033
184.3069	24.7077
184.4304	24.6676
184.5504	24.6194
184.6674	24.5793
184.7905	24.6355
184.9097	24.6355
185.0371	24.6676
185.1767	24.5552
185.2919	24.6114
185.4110	24.6355
185.5289	24.6033
185.6439	24.6274
185.7646	24.6355
185.8911	24.6756
186.0126	24.6194
186.1363	24.5472
186.2604	24.6114
186.3781	24.6676
186.5277	24.5873
186.6634	24.5712
186.7903	24.6114
186.9151	24.6114
187.0641	24.6355
187.1778	24.6997
187.3106	24.6836
187.4638	24.6274
187.5973	24.6917
187.7251	24.5472
187.8472	24.6676
187.9787	24.5873
188.1058	24.6515
188.2266	24.6836
188.3478	24.6274
188.4730	24.6194
188.5993	24.5873
188.7142	24.6033
188.8470	24.5712
188.9695	24.6194
189.0928	24.6194
189.2131	24.5712
189.3577	24.5953
189.4798	24.5472
189.6022	24.5231
189.7225	24.5953
189.8499	24.6997
189.9748	24.6676
190.0966	24.5472
190.2169	24.5070
190.3351	24.4589
190.4553	24.6595
190.5788	24.6274
190.6994	24.6676
190.8243	24.6194
190.9428	24.7960
191.0598	24.6676
191.1776	24.5873
191.2953	24.5873
191.4153	24.6435
191.5411	24.6355
191.6590	24.6756
191.7759	24.6676
191.8943	24.5793
192.0091	24.5231
192.1237	24.5632
192.2427	24.6595
192.3601	24.5712
192.4793	24.6114
192.5949	24.5953
192.7117	24.5873
192.8327	24.6355
192.9535	24.6114
193.0739	24.6194
193.1916	24.6033
193.3126	24.6274
193.4323	24.5953
193.5525	24.6595
193.6681	24.5632
193.7907	24.6595
193.9113	24.6515
194.0287	24.5231
194.1470	24.6676
194.2673	24.7720
194.3917	24.5953
194.5132	24.5552
194.6326	24.6194
194.7538	24.6355
194.8717	24.6515
194.9893	24.5231
195.1055	24.5712
195.2283	24.6194
195.3499	24.6194
195.4718	24.6355
195.5872	24.6595
195.7050	24.6515
195.8196	24.5953
195.9340	24.6997
196.0529	24.6997
196.1706	24.5793
196.2919	24.5793
196.4082	24.6033
196.5286	24.6274
196.6447	24.6836
196.7624	24.6033
196.8802	24.6676
197.0029	24.5552
197.1203	24.6676
197.2377	24.6355
197.3571	24.5472
197.4747	24.6676
197.5979	24.6515
197.7258	24.6676
197.8480	24.6676
197.9660	24.6676
198.0816	24.5552
198.2046	24.7077
198.3221	24.6274
198.4436	24.5873
198.5627	24.6676
198.6833	24.6194
198.8067	24.5632
198.9251	24.6515
199.0461	24.6515
199.1669	24.6435
199.2906	24.7238
199.4097	24.5873
199.5291	24.6274
199.6500	24.6676
199.7707	24.5552
199.8885	24.6435
200.0051	24.6917
200.1275	24.5953
200.2490	24.5712
200.3682	24.6033
200.4885	24.6355
200.6076	24.7559
200.7240	24.6435
200.8419	24.7238
200.9637	24.6194
201.0816	24.6515
201.2029	24.5632
201.3219	24.6033
201.4394	24.5552
201.5640	24.6033
201.6841	24.6274
201.8038	24.6676
201.9230	24.6917
202.0409	24.6194
202.1615	24.7318
202.2843	24.6033
202.4076	24.7398
202.5270	24.6997
202.6420	24.7720
202.7620	24.5552
202.8776	24.6676
202.9963	24.5552
203.1176	24.6515
203.2571	24.6756
203.3808	24.6917
203.4978	24.5552
203.6122	24.6676
203.7326	24.5632
203.8491	24.6836
203.9933	24.7318
204.1117	24.5231
204.2319	24.6515
204.3525	24.6997
204.4692	24.5552
204.5862	24.6997
204.7072	24.6676
204.8249	24.6435
204.9424	24.5712
205.0622	24.6435
205.1808	24.6836
205.3017	24.6274
205.4159	24.6114
205.5319	24.5712
205.6490	24.5391
205.7645	24.6836
205.8816	24.6595
206.0021	24.6274
206.1225	24.6114
206.2433	24.7398
206.3615	24.5793
206.4812	24.6595
206.6025	24.6595
206.7201	24.6515
206.8381	24.5953
206.9569	24.5953
207.0775	24.8282
207.1992	24.6355
207.3210	24.6515
207.4387	24.6515
207.5571	24.5793
207.6752	24.6194
207.7940	24.6194
207.9119	24.5632
208.0301	24.6274
208.1465	24.6435
208.2686	24.6194
208.3848	24.6355
208.5017	24.6355
208.6193	24.6194
208.7380	24.6676
208.8539	24.5552
208.9720	24.5472
209.0887	24.6595
209.2056	24.5953
209.3240	24.6355
209.4428	24.5953
209.5725	24.5311
209.7045	24.4990
209.8281	24.5632
209.9455	24.5231
210.0674	24.6355
210.1949	24.6194
210.3221	24.6595
210.4385	24.6114
210.5578	24.6515
210.6787	24.5231
210.8001	24.5953
210.9214	24.6676
211.0452	24.6435
211.1666	24.6756
211.2887	24.6033
211.4139	24.6194
211.5388	24.5632
211.6586	24.5632
211.7807	24.6194
211.8982	24.5793
212.0183	24.5793
212.1365	24.6515
212.2582	24.6194
212.3750	24.6033
212.4928	24.6435
212.6129	24.7238
212.7319	24.6114
212.8503	24.5070
212.9666	24.6194
213.0847	24.6435
213.2090	24.5953
213.3271	24.6194
213.4496	24.5552
213.5682	24.6355
213.6877	24.5632
213.8089	24.5712
213.9316	24.5953
214.0506	24.6274
214.1697	24.6194
214.2866	24.6435
214.4054	24.6033
214.5212	24.6033
214.6431	24.6274
214.7590	24.5150
214.8779	24.5873
214.9976	24.5873
215.1167	24.5873
215.2355	24.4910
215.3542	24.6917
215.4757	24.6756
215.5936	24.6997
215.7121	24.6194
215.8320	24.6355
215.9481	24.6194
216.0638	24.5391
216.1823	24.6274
216.3010	24.6355
216.4231	24.5873
216.5390	24.6194
216.6559	24.5311
216.7720	24.6274
216.8937	24.6676
217.0117	24.6355
217.1318	24.6274
217.2497	24.6194
217.3665	24.5632
217.4922	24.5632
217.6088	24.5311
217.7259	24.5632
217.8438	24.5632
217.9624	24.4508
218.0809	24.6274
218.1979	24.5391
218.3131	24.6355
218.4293	24.5552
218.5483	24.7800
218.6690	24.6676
218.7954	24.5632
218.9219	24.5953
219.0439	24.5873
219.1603	24.4669
219.2795	24.5231
219.4095	24.5391
219.5339	24.5712
219.6587	24.4749
219.7807	24.5231
219.9093	24.4910
220.0288	24.5472
220.1460	24.5231
220.2744	24.5953
220.3958	24.5873
220.5231	24.5150
220.6437	24.5231
220.7668	24.5150
220.8901	24.6435
221.0127	24.6194
221.1317	24.5793
221.2551	24.6114
221.3794	24.5873
221.4989	24.4268
221.6229	24.4107
221.7520	24.5391
221.8725	24.4910
221.9951	24.5391
222.1168	24.6033
222.2403	24.5311
222.3613	24.5552
222.4787	24.5632
222.5987	24.5391
222.7224	24.5632
222.8497	24.5231
222.9735	24.5311
223.0972	24.5873
223.2188	24.4910
223.3426	24.5472
223.4773	24.5070
223.5884	24.6435
223.7110	24.5873
223.8446	24.5632
223.9602	24.5793
224.0924	24.6836
224.2136	24.5793
224.3473	24.4829
224.4820	24.6435
224.6208	24.5953
224.7442	24.5793
224.8785	24.4910
225.0076	24.5472
225.1326	24.4348
225.2666	24.6676
225.3819	24.5150
225.5046	24.6676
225.6255	24.5070
225.7493	24.5311
225.8745	24.5552
225.9995	24.5953
226.1239	24.6033
226.2505	24.5552
226.3740	24.5472
226.4955	24.5150
226.6306	24.5873
226.7659	24.5873
226.8995	24.5712
227.0371	24.5070
227.1863	24.5873
227.3004	24.5632
227.4299	24.6274
227.5581	24.4990
227.6798	24.4749
227.8159	24.5231
227.9423	24.6274
228.0623	24.5552
228.1937	24.4749
228.3620	24.5793
228.4934	24.5873
228.6177	24.5552
228.7430	24.5712
228.8668	24.5793
228.9898	24.5472
229.1082	24.6595
229.2260	24.5712
229.3426	24.5150
229.4661	24.6194
229.5864	24.6676
229.7054	24.4187
229.8287	24.5472
229.9579	24.5632
230.1327	24.5472
230.2877	24.5632
230.4129	24.6114
230.5353	24.5070
230.6574	24.5150
230.7850	24.5150
230.9057	24.5472
231.0249	24.6274
231.1468	24.5391
231.2711	24.4829
231.4147	24.5311
231.5471	24.5793
231.6705	24.4268
231.8098	24.5150
231.9293	24.5632
232.0663	24.5552
232.1970	24.5391
232.3237	24.5231
232.4467	24.5873
232.5801	24.4669
232.6944	24.4749
232.8212	24.4910
232.9486	24.5632
233.0939	24.5632
233.2077	24.4829
233.3392	24.5953
233.4598	24.5632
233.5797	24.5552
233.7067	24.4348
233.8278	24.6114
233.9511	24.5231
234.0722	24.4508
234.1913	24.4749
234.3103	24.5712
234.4388	24.5070
234.5808	24.6355
234.7114	24.4589
234.8347	24.5873
234.9588	24.5472
235.0817	24.4990
235.2093	24.5552
235.3458	24.4829
235.4839	24.4669
235.6016	24.4990
235.7233	24.6114
235.8460	24.5231
235.9816	24.4589
236.1157	24.5953
236.2462	24.5391
236.3738	24.5070
236.4943	24.5231
236.6144	24.6033
236.7366	24.4990
236.8624	24.5953
236.9963	24.4910
237.1282	24.5070
237.2527	24.5632
237.3811	24.4910
237.5022	24.5391
237.6255	24.5150
237.7462	24.5070
237.8769	24.5150
238.0195	24.4829
238.1479	24.5552
238.2745	24.5311
238.3946	24.5070
238.5324	24.4669
238.6792	24.5873
238.7907	24.6194
238.9027	24.4749
239.0214	24.5391
239.1481	24.4508
239.2743	24.5070
239.3956	24.4589
239.5202	24.5150
239.6451	24.4749
239.7706	24.5472
239.8991	24.5873
240.0227	24.5231
240.1448	24.4990
240.2646	24.4910
240.3849	24.4508
240.5098	24.5472
240.6300	24.5472
240.7545	24.4829
240.8764	24.5632
241.0007	24.5712
241.1233	24.4669
241.2445	24.6274
241.3719	24.5150
241.4909	24.4749
241.6108	24.4749
241.7335	24.5150
241.8559	24.5552
241.9761	24.5231
242.0994	24.3786
242.2153	24.6595
242.3368	24.5231
242.4625	24.5391
242.5764	24.5953
242.6951	24.4508
242.8155	24.5793
242.9494	24.5231
243.0823	24.6435
243.2075	24.4990
243.3338	24.6033
243.4780	24.4669
243.5963	24.5070
243.7154	24.4508
243.9165	24.5873
244.0399	24.5953
244.1511	24.4508
244.2755	24.5231
244.4024	24.4508
244.5207	24.5231
244.6345	24.4829
244.7557	24.5632
244.8821	24.4268
245.0061	24.4829
245.1240	24.5070
245.2411	24.4589
245.3643	24.4749
245.4850	24.5070
245.6048	24.4589
245.7252	24.4669
245.8478	24.4508
245.9650	24.4669
246.0827	24.5070
246.1996	24.4268
246.3248	24.5150
246.4453	24.5472
246.5686	24.5070
246.6926	24.4749
246.8142	24.4589
246.9302	24.5472
247.0483	24.4348
247.1665	24.4990
247.2877	24.5632
247.4039	24.4589
247.5209	24.5712
247.6400	24.4749
247.7622	24.4910
247.8823	24.4990
248.0019	24.5873
248.1197	24.5311
248.2384	24.6033
248.3641	24.4187
248.4853	24.4990
248.6008	24.5552
248.7175	24.5632
248.8362	24.3866
248.9561	24.5953
249.0721	24.4749
249.1947	24.5070
249.3149	24.5231
249.4321	24.4428
249.5548	24.4187
249.6720	24.4589
249.7909	24.5070
249.9111	24.4187
250.0275	24.5793
250.1456	24.4749
250.2646	24.4910
250.3857	24.5070
250.5082	24.5472
250.6247	24.4749
250.7402	24.4990
250.8548	24.5150
250.9724	24.6114
251.0887	24.4027
251.2101	24.4589
251.3307	24.5793
251.4488	24.5311
251.5688	24.4669
251.6907	24.4508
251.8074	24.4348
251.9254	24.4348
252.0431	24.4990
252.1576	24.5311
252.2738	24.5150
252.3938	24.5070
252.5168	24.4268
252.6352	24.5311
252.7510	24.4348
252.8681	24.4589
252.9891	24.4428
253.1070	24.4990
253.2255	24.4990
253.3389	24.4669
253.4542	24.5150
253.5657	24.4107
253.6860	24.4107
253.8045	24.4268
253.9184	24.5391
254.0358	24.4749
254.1560	24.4348
254.2751	24.4669
254.3976	24.4589
254.5147	24.4508
254.6334	24.4910
254.7541	24.3706
254.8741	24.3625
254.9905	24.4749
255.1060	24.3786
255.2245	24.3866
255.3458	24.4829
255.4632	24.4187
255.5764	24.4990
255.6900	24.4428
255.8089	24.5712
255.9307	24.5150
256.0502	24.5311
256.1647	24.4829
256.2808	24.4268
256.3987	24.3866
256.5070	24.5150
256.6185	24.3866
256.7405	24.4107
256.8631	24.3465
256.9827	24.4749
257.1046	24.4669
257.2236	24.5552
257.3458	24.5150
257.4648	24.4829
257.5812	24.4829
257.7035	24.4829
257.8245	24.4508
257.9450	24.4027
258.0672	24.4749
258.1873	24.4187
258.3045	24.4508
258.4248	24.4508
258.5411	24.4829
258.6584	24.4107
258.7755	24.4187
258.8919	24.3625
259.0110	24.3786
259.1303	24.4910
259.2472	24.5311
259.3678	24.4669
259.4927	24.3706
259.6100	24.4107
259.7305	24.4749
259.8477	24.4910
259.9656	24.3866
260.0831	24.4187
260.1948	24.5150
260.3056	24.5070
260.4269	24.4910
260.5449	24.4829
260.6638	24.4428
260.7846	24.3946
260.9047	24.5391
261.0227	24.4669
261.1385	24.4669
261.2534	24.4428
261.3724	24.5793
261.4942	24.4829
261.6132	24.4107
261.7270	24.4187
261.8385	24.4268
261.9576	24.4508
262.0744	24.5391
262.1922	24.4268
262.3111	24.4910
262.4306	24.4749
262.5520	24.4428
262.6741	24.4348
262.7959	24.4669
262.9183	24.5070
263.0355	24.4508
263.1566	24.4749
263.2717	24.4829
263.3838	24.4669
263.4943	24.4187
263.6175	24.4107
263.7323	24.4027
263.8564	24.4268
263.9839	24.4749
264.1008	24.4508
264.2210	24.4910
264.3470	24.4589
264.4742	24.4187
264.5906	24.4910
264.7112	24.3946
264.8332	24.4107
264.9529	24.4669
265.0730	24.5311
265.1920	24.4027
265.3189	24.4348
265.4427	24.4268
265.5664	24.4348
265.6838	24.4027
265.8303	24.4268
265.9489	24.4187
266.0642	24.3465
266.1813	24.5070
266.3411	24.4749
266.4741	24.3786
266.5854	24.4749
266.7091	24.3866
266.8266	24.3866
266.9462	24.3866
267.0640	24.4829
267.1830	24.4187
267.3068	24.4508
267.4257	24.4428
267.5464	24.4187
267.6691	24.5311
267.7901	24.4589
267.9109	24.3625
268.0280	24.4027
268.1458	24.5150
268.2650	24.4187
268.3850	24.4027
268.4992	24.5552
268.6124	24.3706
268.7276	24.4187
268.8446	24.3946
268.9641	24.3946
269.0963	24.4829
269.2063	24.3866
269.3372	24.4910
269.4482	24.5231
269.5652	24.4187
269.6800	24.3866
269.7879	24.4348
269.8970	24.4268
270.0067	24.4107
270.1194	24.3304
270.2315	24.4589
270.3408	24.3625
270.4492	24.4428
270.5579	24.4669
270.6660	24.4348
270.7752	24.4107
270.9269	24.5150
271.0409	24.4348
271.1522	24.3706
271.2625	24.3866
271.3752	24.3304
271.4952	24.4428
271.6193	24.3706
271.7378	24.3946
271.8571	24.4749
271.9773	24.3946
272.0942	24.3946
272.2124	24.3385
272.3225	24.3946
272.4409	24.4428
272.5507	24.3786
272.6631	24.3224
272.7774	24.4829
272.8899	24.4268
273.0025	24.4027
273.1225	24.3385
273.2465	24.3946
273.3706	24.3304
273.4824	24.3545
273.5907	24.4107
273.7045	24.4669
273.8255	24.4268
273.9498	24.4107
274.0765	24.4910
274.2010	24.4187
274.3226	24.4348
274.4418	24.4910
274.5659	24.3304
274.6882	24.3866
274.8063	24.3706
274.9260	24.3545
275.0470	24.3545
275.1715	24.3866
275.2944	24.3706
275.4238	24.3224
275.5465	24.5150
275.6715	24.4268
275.7947	24.4027
275.9175	24.3706
276.0392	24.3545
276.1605	24.4187
276.2716	24.4268
276.3912	24.3304
276.5119	24.4187
276.6196	24.4107
276.7287	24.3706
276.8458	24.3385
276.9661	24.4589
277.0868	24.3545
277.2161	24.3866
277.3407	24.3304
277.4637	24.4348
277.5825	24.3064
277.6934	24.2582
277.8146	24.4107
277.9359	24.2582
278.0562	24.3866
278.1788	24.2983
278.2901	24.4187
278.4021	24.3304
278.5220	24.3545
278.6426	24.2823
278.7669	24.2422
278.8901	24.3545
279.0130	24.2823
279.1408	24.4348
279.2633	24.3144
279.3825	24.3465
279.5029	24.3064
279.6286	24.3385
279.7472	24.3144
279.8603	24.3786
279.9681	24.3144
280.0812	24.2823
280.2004	24.2823
280.3149	24.3224
280.4287	24.2903
280.5432	24.2983
280.6691	24.2983
280.7923	24.3946
280.9125	24.2743
281.0342	24.4027
281.1574	24.2662
281.2766	24.3144
281.3909	24.3144
281.4987	24.3465
281.6072	24.3625
281.7204	24.4268
281.8357	24.2743
281.9560	24.3465
282.0716	24.3625
282.1842	24.3625
282.3088	24.3224
282.4256	24.2422
282.5451	24.3304
282.6691	24.3304
282.7809	24.2903
282.8882	24.3625
282.9945	24.3866
283.1021	24.4428
283.2127	24.3224
283.3251	24.2021
283.4337	24.2502
283.5450	24.4589
283.6525	24.3465
283.7644	24.4107
283.8737	24.2743
283.9807	24.3144
284.0885	24.3385
284.2011	24.3385
284.3135	24.2502
284.4216	24.3625
284.5277	24.2582
284.6357	24.3706
284.7448	24.3224
284.8572	24.2341
284.9723	24.3064
285.0868	24.3385
285.2011	24.2582
285.3177	24.3064
285.4336	24.3385
285.5494	24.3465
285.6656	24.2502
285.7785	24.2422
285.8944	24.3786
286.0110	24.2422
286.1325	24.2743
286.2531	24.3385
286.3668	24.3706
286.4902	24.3465
286.6065	24.2983
286.7247	24.3545
286.8446	24.3385
286.9612	24.3304
287.0810	24.2983
287.2010	24.3866
287.3083	24.3224
287.4210	24.2903
287.5390	24.2903
287.6596	24.3465
287.7744	24.3304
287.8920	24.2903
288.0086	24.2743
288.1306	24.2662
288.2448	24.2903
288.3573	24.2341
288.4719	24.3786
288.5946	24.2983
288.7129	24.3545
288.8219	24.3064
288.9325	24.3064
289.1080	24.3786
289.2281	24.2261
289.3417	24.3064
289.4582	24.3385
289.5868	24.2743
289.7131	24.3224
289.8367	24.3786
289.9463	24.3304
290.0581	24.3465
290.1697	24.2261
290.2790	24.2823
290.3878	24.3304
290.4989	24.2422
290.6072	24.3385
290.7148	24.2903
290.8241	24.3304
290.9364	24.3064
291.0490	24.2823
291.1576	24.3064
291.2671	24.2903
291.3811	24.3786
291.4926	24.3064
291.6047	24.4027
291.7146	24.3946
291.8274	24.2502
291.9411	24.2662
292.0493	24.3304
292.1607	24.3786
292.2710	24.4187
292.3790	24.2983
292.4907	24.2582
292.6046	24.2743
292.7220	24.2823
292.8410	24.3304
292.9572	24.2823
293.0749	24.2502
293.1924	24.3385
293.3058	24.2983
293.4213	24.3144
293.5383	24.3144
293.6567	24.2422
293.7763	24.3064
293.8844	24.2903
293.9954	24.3465
294.1049	24.2261
294.2200	24.2582
294.3388	24.3144
294.4573	24.3064
294.5746	24.2903
294.6889	24.2743
294.8071	24.2743
294.9221	24.2823
295.0382	24.2502
295.1572	24.2422
295.2792	24.3224
295.3940	24.3064
295.5099	24.3224
295.6274	24.2903
295.7423	24.1940
295.8644	24.2021
295.9811	24.2903
296.1017	24.1860
296.2188	24.1940
296.3403	24.2662
296.4595	24.2823
296.5776	24.2181
296.6986	24.2422
296.8146	24.2983
296.9319	24.2341
297.0479	24.2582
297.1649	24.3465
297.2886	24.2021
297.4112	24.2662
297.5239	24.2101
297.6448	24.2662
297.7675	24.3144
297.8873	24.2903
298.0057	24.2181
298.1235	24.2743
298.2437	24.3144
298.3647	24.2502
298.4901	24.2021
298.6107	24.1940
298.7290	24.2181
298.8477	24.2743
298.9687	24.3545
299.0904	24.2823
299.2126	24.3144
299.3340	24.2903
299.4527	24.2983
299.5731	24.2181
299.6953	24.2983
299.8178	24.1539
299.9412	24.2983
