0.0000	26.8534
0.1143	26.8390
0.2267	26.8245
0.3420	26.8245
0.4626	26.8409
0.5826	26.8505
0.6955	26.8341
0.8114	26.8380
0.9339	26.8361
1.0525	26.8641
1.1720	26.8196
1.2867	26.8303
1.4051	26.8187
1.5169	26.8332
1.6330	26.8225
1.7484	26.8119
1.8672	26.8254
1.9800	26.8409
2.0891	26.8361
2.2038	26.8254
2.3177	26.8515
2.4314	26.8332
2.5472	26.8515
2.6618	26.8390
2.7751	26.8486
2.8897	26.8419
3.0063	26.8196
3.1218	26.8303
3.2435	26.8167
3.3622	26.8225
3.4856	26.8196
3.6084	26.8438
3.7290	26.8158
3.8436	26.8370
3.9620	26.8419
4.0807	26.8274
4.2036	26.8467
4.3206	26.8167
4.4343	26.8003
4.5557	26.8670
4.6766	26.8477
4.7945	26.8303
4.9063	26.8341
5.0217	26.8332
5.1362	26.8505
5.2569	26.8322
5.3723	26.8448
5.4896	26.8303
5.6094	26.8332
5.7305	26.8419
5.8531	26.8051
5.9719	26.8428
6.0839	26.8245
6.2039	26.8312
6.3200	26.8515
6.4296	26.8612
6.5402	26.7993
6.6490	26.8100
6.7592	26.8187
6.8700	26.8225
6.9792	26.8428
7.0898	26.8196
7.2009	26.8177
7.3108	26.8274
7.4211	26.8158
7.5311	26.8235
7.6422	26.8283
7.7531	26.8080
7.8639	26.8467
7.9737	26.8245
8.0833	26.8206
8.1920	26.8206
8.3022	26.8158
8.4130	26.8216
8.5237	26.8477
8.6344	26.8293
8.7451	26.8225
8.8552	26.8293
8.9639	26.8341
9.0747	26.8283
9.1853	26.8448
9.3185	26.8303
9.4309	26.8457
9.5414	26.8245
9.6534	26.8409
9.7663	26.8525
9.8827	26.8457
9.9988	26.8477
10.1122	26.8138
10.2271	26.8332
10.3387	26.8322
10.4529	26.8467
10.5743	26.8245
10.6935	26.8225
10.8084	26.8254
10.9260	26.8013
11.0427	26.8467
11.1567	26.8332
11.2759	26.8235
11.3911	26.8419
11.5121	26.8428
11.6313	26.8380
11.7442	26.8380
11.8557	26.8399
11.9714	26.8361
12.0833	26.8216
12.1998	26.8196
12.3113	26.8563
12.4240	26.8312
12.5369	26.8293
12.6492	26.8573
12.7642	26.8283
12.8767	26.8293
12.9878	26.8283
13.1013	26.8351
13.2215	26.8361
13.3421	26.8293
13.4551	26.8129
13.5751	26.8438
13.6923	26.8100
13.8112	26.8428
13.9252	26.8167
14.0405	26.8129
14.1585	26.8051
14.2770	26.8293
14.3964	26.8486
14.5152	26.8129
14.6346	26.8351
14.7500	26.8148
14.8709	26.8264
14.9897	26.8428
15.1048	26.8380
15.2237	26.8370
15.3358	26.8409
15.4463	26.8138
15.5618	26.8225
15.6790	26.8419
15.7951	26.8138
15.9127	26.8080
16.0327	26.8206
16.1473	26.8448
16.2668	26.8206
16.3808	26.8080
16.5041	26.8380
16.6247	26.8351
16.7387	26.8467
16.8563	26.8390
16.9727	26.8496
17.0887	26.8341
17.2032	26.8312
17.3198	26.8322
17.4407	26.8254
17.5594	26.8390
17.6724	26.8158
17.7884	26.8361
17.9079	26.7955
18.0254	26.8119
18.1381	26.8351
18.2533	26.8216
18.3708	26.8158
18.4890	26.8332
18.6113	26.8332
18.7277	26.8264
18.8419	26.8380
18.9613	26.8534
19.0793	26.8235
19.2012	26.8109
19.3171	26.8254
19.4356	26.8167
19.5567	26.8390
19.6767	26.8254
19.7944	26.8341
19.9125	26.8322
20.0341	26.8332
20.1529	26.8254
20.2708	26.8505
20.3859	26.8409
20.5042	26.8303
20.6249	26.8216
20.7455	26.8235
20.8659	26.8457
20.9817	26.8390
21.0964	26.8283
21.2160	26.8167
21.3320	26.8409
21.4463	26.8312
21.5590	26.8245
21.6780	26.8293
21.7981	26.8390
21.9171	26.8235
22.0324	26.8448
22.1472	26.8573
22.2683	26.8457
22.3884	26.8496
22.5020	26.8196
22.6221	26.8283
22.7423	26.8245
22.8622	26.8341
22.9818	26.8235
23.0965	26.8515
23.2170	26.8235
23.3378	26.8177
23.4545	26.8148
23.5698	26.8390
23.6900	26.8312
23.8068	26.8235
23.9241	26.8216
24.0424	26.8351
24.1577	26.8370
24.2769	26.8477
24.3947	26.8409
24.5132	26.8351
24.6274	26.8167
24.7471	26.8254
24.8682	26.8254
24.9867	26.8274
25.1014	26.8515
25.2208	26.8312
25.3399	26.8341
25.4589	26.8428
25.5765	26.8303
25.6914	26.8380
25.8099	26.8409
25.9290	26.8293
26.0471	26.8119
26.1621	26.8264
26.2821	26.8235
26.3992	26.8370
26.5202	26.8206
26.6392	26.8457
26.7539	26.8332
26.8725	26.8390
26.9908	26.8196
27.1060	26.8254
27.2257	26.8177
27.3443	26.8361
27.4629	26.8563
27.5814	26.8322
27.6948	26.7955
27.8083	26.8332
27.9275	26.8351
28.0449	26.8438
28.1607	26.8428
28.2791	26.8341
28.3942	26.8380
28.5156	26.8148
28.6373	26.8361
28.7559	26.8563
28.8697	26.8486
28.9875	26.8554
29.1034	26.8380
29.2239	26.8477
29.3420	26.8399
29.4563	26.8341
29.5769	26.8341
29.6970	26.8399
29.8165	26.8660
29.9321	26.8409
30.0517	26.8448
30.1718	26.8853
30.2925	26.8129
30.4118	26.8409
30.5280	26.8351
30.6444	26.8477
30.7584	26.8341
30.8769	26.8409
30.9908	26.8515
31.1044	26.8612
31.2241	26.8390
31.3434	26.8563
31.4589	26.8351
31.5740	26.8602
31.6924	26.8477
31.8080	26.8264
31.9262	26.8158
32.0414	26.8525
32.1594	26.8486
32.2786	26.8554
32.3989	26.8525
32.5186	26.8351
32.6328	26.8505
32.7521	26.8457
32.8723	26.8563
32.9907	26.8370
33.1036	26.8477
33.2237	26.8341
33.3444	26.8293
33.4649	26.8467
33.5851	26.8399
33.6999	26.8457
33.8201	26.8332
33.9382	26.8409
34.0589	26.8438
34.1742	26.8602
34.2938	26.8303
34.4114	26.8505
34.5312	26.8245
34.6495	26.8370
34.7638	26.8505
34.8794	26.8283
34.9998	26.8486
35.1141	26.8341
35.2307	26.8332
35.3509	26.8699
35.4715	26.8728
35.5906	26.8689
35.7081	26.8351
35.8229	26.8534
35.9427	26.8602
36.0628	26.8544
36.1827	26.8554
36.3003	26.8293
36.4204	26.8467
36.5406	26.8477
36.6602	26.8496
36.7774	26.8409
36.8923	26.8583
37.0104	26.8641
37.1256	26.8563
37.2442	26.8631
37.3624	26.8303
37.4825	26.8438
37.6031	26.8409
37.7229	26.8679
37.8404	26.8448
37.9544	26.8467
38.0728	26.8641
38.1932	26.8351
38.3128	26.8563
38.4284	26.8496
38.5485	26.8505
38.6685	26.8390
38.7871	26.8573
38.9061	26.8235
39.0202	26.8573
39.1355	26.8351
39.2553	26.8592
39.3756	26.8438
39.4925	26.8351
39.6126	26.8409
39.7345	26.8428
39.8539	26.8361
39.9713	26.8515
40.0853	26.8322
40.2054	26.8766
40.3233	26.8525
40.4419	26.8631
40.5568	26.8534
40.6756	26.8361
40.7922	26.8515
40.9116	26.8477
41.0294	26.8496
41.1439	26.8554
41.2633	26.8399
41.3820	26.8245
41.4972	26.8293
41.6119	26.8457
41.7325	26.8448
41.8538	26.8486
41.9725	26.8786
42.0886	26.8631
42.2063	26.8225
42.3223	26.8602
42.4433	26.8399
42.5616	26.8592
42.6773	26.8341
42.7964	26.8332
42.9148	26.8428
43.0345	26.8699
43.1516	26.8419
43.2661	26.8641
43.3882	26.8525
43.5084	26.8428
43.6281	26.8477
43.7444	26.8438
43.8650	26.8351
43.9846	26.8554
44.0997	26.8544
44.2173	26.8573
44.3321	26.8505
44.4536	26.8554
44.5730	26.8370
44.6915	26.8679
44.8062	26.8534
44.9261	26.8486
45.0431	26.8409
45.1570	26.8689
45.2736	26.8612
45.3878	26.8515
45.5055	26.8583
45.6259	26.8563
45.7456	26.8351
45.8641	26.8438
45.9820	26.8592
46.0974	26.8679
46.2181	26.8612
46.3355	26.8525
46.4498	26.8341
46.5679	26.8583
46.6883	26.8689
46.8091	26.8757
46.9251	26.8602
47.0444	26.8380
47.1592	26.8312
47.2800	26.8274
47.3986	26.8438
47.5133	26.8341
47.6338	26.8457
47.7538	26.8689
47.8738	26.8563
47.9844	26.8496
48.0996	26.8573
48.2197	26.8457
48.3392	26.8505
48.4584	26.8235
48.5715	26.8370
48.6928	26.8071
48.8139	26.8650
48.9327	26.8322
49.0481	26.8525
49.1704	26.8303
49.2917	26.8670
49.4113	26.8660
49.5303	26.8660
49.6458	26.8370
49.7654	26.8592
49.8877	26.8467
50.0068	26.8119
50.1217	26.8274
50.2426	26.8563
50.3629	26.8786
50.4843	26.8390
50.6021	26.8419
50.7173	26.8525
50.8382	26.8283
50.9596	26.8438
51.0777	26.8361
51.1920	26.8534
51.3110	26.8486
51.4306	26.8158
51.5484	26.8409
51.6680	26.8419
51.7853	26.8583
51.9058	26.8254
52.0258	26.8370
52.1416	26.8457
52.2553	26.8583
52.3754	26.8699
52.4965	26.8583
52.6180	26.8390
52.7364	26.8312
52.8518	26.8428
52.9712	26.8525
53.0875	26.8409
53.2060	26.8225
53.3181	26.8303
53.4346	26.8515
53.5543	26.8390
53.6725	26.8428
53.7879	26.8361
53.9021	26.8390
54.0189	26.8254
54.1315	26.8477
54.2494	26.8583
54.3651	26.8361
54.4857	26.8380
54.6039	26.8370
54.7215	26.8225
54.8382	26.8303
54.9526	26.7945
55.0709	26.8428
55.1879	26.8515
55.3035	26.8505
55.4249	26.8419
55.5438	26.8341
55.6656	26.8196
55.7868	26.8467
55.9058	26.8583
56.0189	26.8592
56.1337	26.8264
56.2530	26.8370
56.3728	26.8312
56.4914	26.8158
56.6052	26.8448
56.7238	26.8119
56.8391	26.8177
56.9539	26.8322
57.0670	26.8293
57.1885	26.8303
57.3061	26.8757
57.4216	26.8399
57.5382	26.8563
57.6553	26.8438
57.7736	26.8274
57.8934	26.8216
58.0119	26.8022
58.1267	26.8534
58.2465	26.8129
58.3634	26.8563
58.4812	26.8341
58.6026	26.8525
58.7242	26.8428
58.8412	26.8351
58.9618	26.8477
59.0763	26.8583
59.1906	26.8293
59.3092	26.8254
59.4293	26.8235
59.5496	26.8361
59.6635	26.8361
59.7771	26.8283
59.8950	26.8225
60.0129	26.8167
60.1250	26.8428
60.2382	26.8119
60.3512	26.8457
60.4671	26.8322
60.5870	26.8467
60.7012	26.8515
60.8180	26.8592
60.9384	26.8341
61.0581	26.8158
61.1708	26.8274
61.2851	26.8332
61.4025	26.8274
61.5221	26.8303
61.6370	26.8409
61.7527	26.8515
61.8667	26.8303
61.9870	26.8409
62.1000	26.8477
62.2158	26.8380
62.3308	26.8409
62.4525	26.8264
62.5723	26.8370
62.6894	26.8525
62.8028	26.8312
62.9183	26.8438
63.0366	26.8592
63.1520	26.8351
63.2726	26.8187
63.3906	26.8631
63.5081	26.8322
63.6282	26.8312
63.7475	26.8235
63.8637	26.8380
63.9775	26.8216
64.0945	26.8477
64.2137	26.8167
64.3295	26.8148
64.4424	26.8109
64.5567	26.8505
64.6711	26.8380
64.7904	26.8274
64.9078	26.8689
65.0215	26.8322
65.1349	26.8235
65.2523	26.8216
65.3713	26.8525
65.4919	26.8148
65.6100	26.8448
65.7248	26.8109
65.8360	26.8293
65.9490	26.8042
66.0643	26.8196
66.1867	26.8264
66.3061	26.8138
66.4261	26.8486
66.5456	26.8438
66.6598	26.8370
66.7807	26.8390
66.8990	26.8419
67.0174	26.8370
67.1318	26.8158
67.2500	26.8322
67.3656	26.8399
67.4825	26.8457
67.6009	26.8177
67.7143	26.8080
67.8352	26.8457
67.9499	26.8254
68.0633	26.8206
68.1782	26.8351
68.2999	26.8061
68.4185	26.8351
68.5370	26.8303
68.6564	26.8361
68.7710	26.8206
68.8901	26.8428
69.0016	26.8428
69.1158	26.8283
69.2298	26.8312
69.3443	26.8409
69.4597	26.8196
69.5724	26.8090
69.6905	26.8080
69.8004	26.8341
69.9111	26.8592
70.0292	26.8216
70.1382	26.8100
70.2484	26.8380
70.3591	26.8399
70.4681	26.8129
70.5792	26.8283
70.6900	26.8167
70.7991	26.8042
70.9098	26.8177
71.0365	26.8206
71.1472	26.8129
71.2581	26.8274
71.3685	26.8129
71.4774	26.8274
71.5885	26.8245
71.6992	26.8245
71.8098	26.8274
71.9310	26.8612
72.0424	26.8206
72.1668	26.7993
72.2775	26.8438
72.3867	26.8370
72.4969	26.8505
72.6087	26.7964
72.7195	26.8419
72.8296	26.8274
72.9401	26.8100
73.0496	26.8071
73.1627	26.8090
73.2905	26.8380
73.4014	26.8428
73.5122	26.8264
73.6221	26.8167
73.7352	26.8264
73.8439	26.7964
73.9545	26.8138
74.0634	26.8409
74.1741	26.8457
74.2854	26.8573
74.3961	26.8341
74.5051	26.8312
74.6147	26.8312
74.7235	26.8293
74.8339	26.8448
74.9447	26.8303
75.0554	26.8332
75.1665	26.8216
75.2772	26.8216
75.3885	26.8293
75.5015	26.8332
75.6123	26.8438
75.7216	26.8332
75.8354	26.8254
75.9548	26.8013
76.0712	26.8245
76.1862	26.8515
76.3034	26.8380
76.4217	26.8361
76.5389	26.8419
76.6557	26.8457
76.7751	26.8196
76.8932	26.8399
77.0065	26.8370
77.1210	26.8090
77.2354	26.8322
77.3547	26.8428
77.4735	26.8051
77.5925	26.8419
77.7107	26.8341
77.8289	26.8534
77.9486	26.8361
78.0635	26.8225
78.1821	26.8370
78.2963	26.8631
78.4168	26.8225
78.5349	26.8554
78.6485	26.8293
78.7617	26.8322
78.8770	26.8051
78.9938	26.8370
79.1080	26.8486
79.2248	26.8448
79.3403	26.8216
79.4573	26.8119
79.5754	26.8216
79.6934	26.8312
79.8119	26.8003
79.9268	26.8235
80.0433	26.8283
80.1570	26.8216
80.2744	26.8419
80.3930	26.8071
80.5113	26.8274
80.6303	26.8312
80.7510	26.8477
80.8710	26.8109
80.9842	26.8283
81.0977	26.8332
81.2100	26.8245
81.3254	26.8283
81.4431	26.8206
81.5614	26.8390
81.6769	26.8303
81.7894	26.8061
81.9039	26.8080
82.0148	26.8477
82.1262	26.7907
82.2403	26.8351
82.3541	26.8341
82.4676	26.8129
82.5795	26.8254
82.6935	26.8080
82.8110	26.8322
82.9234	26.8177
83.0354	26.8100
83.1481	26.8138
83.2608	26.8206
83.3722	26.8022
83.4886	26.8235
83.6040	26.8206
83.7258	26.8148
83.8426	26.7984
83.9548	26.8080
84.0739	26.8283
84.1893	26.8148
84.3105	26.8235
84.4312	26.8225
84.5459	26.8341
84.6616	26.8293
84.7833	26.8225
84.9016	26.8341
85.0156	26.8303
85.1267	26.8206
85.2404	26.8216
85.3552	26.8399
85.4766	26.8196
85.5962	26.8322
85.7125	26.8361
85.8357	26.8361
85.9562	26.8090
86.0767	26.8544
86.1964	26.8380
86.3099	26.8293
86.4250	26.8013
86.5441	26.8167
86.6620	26.8216
86.7775	26.8090
86.8958	26.8351
87.0088	26.8148
87.1233	26.7964
87.2428	26.7839
87.3573	26.8235
87.4774	26.8515
87.5959	26.8283
87.7167	26.8428
87.8340	26.8505
87.9556	26.8332
88.0745	26.8148
88.1930	26.8235
88.3116	26.8390
88.4261	26.8216
88.5410	26.8525
88.6622	26.8679
88.7811	26.8438
88.8962	26.8332
89.0144	26.8399
89.1268	26.8361
89.2418	26.8448
89.3589	26.8303
89.4751	26.8419
89.5957	26.8167
89.7159	26.8293
89.8365	26.8332
89.9533	26.8534
90.0735	26.8544
90.1939	26.8390
90.3145	26.8361
90.4329	26.8534
90.5473	26.8216
90.6684	26.8022
90.7898	26.8419
90.9018	26.8332
91.0119	26.8428
91.1249	26.8283
91.2416	26.8534
91.3576	26.8448
91.4764	26.8303
91.5898	26.8544
91.7058	26.8109
91.8241	26.8254
91.9417	26.8254
92.0602	26.8216
92.1778	26.8341
92.2959	26.8448
92.4139	26.8660
92.5332	26.8254
92.6479	26.8534
92.7661	26.8448
92.8852	26.8457
93.0024	26.8322
93.1169	26.8235
93.2367	26.8245
93.3560	26.8341
93.4733	26.8303
93.5864	26.8225
93.7010	26.8438
93.8209	26.8351
93.9409	26.8225
94.0563	26.8583
94.1719	26.8419
94.2865	26.8274
94.4062	26.8322
94.5255	26.8235
94.6436	26.8525
94.7586	26.8138
94.8792	26.8332
94.9984	26.8254
95.1138	26.8448
95.2326	26.8341
95.3485	26.8283
95.4638	26.8245
95.5837	26.8206
95.7028	26.8583
95.8185	26.8409
95.9388	26.8245
96.0601	26.8332
96.1807	26.8177
96.3007	26.8370
96.4177	26.8177
96.5336	26.8380
96.6526	26.8303
96.7678	26.8477
96.8821	26.8206
97.0003	26.8419
97.1156	26.8206
97.2349	26.8351
97.3534	26.8525
97.4698	26.8399
97.5894	26.8071
97.7105	26.8409
97.8304	26.8515
97.9460	26.8409
98.0658	26.8264
98.1853	26.8341
98.3037	26.8477
98.4218	26.8322
98.5383	26.8341
98.6584	26.8399
98.7770	26.8274
98.8940	26.8457
99.0063	26.8264
99.1206	26.8332
99.2360	26.8650
99.3567	26.8148
99.4755	26.8293
99.5922	26.8399
99.7130	26.8196
99.8277	26.8216
99.9481	26.8351
100.0637	26.8187
100.1840	26.8061
100.3038	26.8245
100.4214	26.8225
100.5410	26.8080
100.6585	26.8496
100.7768	26.8274
100.8945	26.8061
101.0143	26.8341
101.1284	26.8428
101.2501	26.8264
101.3714	26.8660
101.4923	26.8399
101.6113	26.8332
101.7273	26.8129
101.8436	26.8467
101.9571	26.8351
102.0746	26.8216
102.1875	26.8293
102.3054	26.8216
102.4257	26.8274
102.5452	26.8322
102.6653	26.8274
102.7855	26.8187
102.9045	26.8554
103.0219	26.8293
103.1348	26.8361
103.2500	26.8409
103.3679	26.8332
103.4831	26.8467
103.6048	26.8187
103.7224	26.8679
103.8388	26.8293
103.9576	26.8351
104.0742	26.8390
104.1927	26.8428
104.3113	26.8090
104.4325	26.8370
104.5534	26.8322
104.6725	26.8554
104.7909	26.8361
104.9092	26.8322
105.0262	26.8225
105.1424	26.8419
105.2583	26.8563
105.3737	26.8341
105.4936	26.8216
105.6134	26.8515
105.7324	26.8438
105.8520	26.8380
105.9710	26.8457
106.0835	26.8515
106.1965	26.8303
106.3084	26.8409
106.4232	26.8283
106.5439	26.8303
106.6652	26.8303
106.7862	26.8322
106.9055	26.8641
107.0191	26.8467
107.1351	26.8370
107.2556	26.8351
107.3751	26.8148
107.4903	26.8080
107.6101	26.8448
107.7316	26.8515
107.8516	26.8274
107.9686	26.8554
108.0830	26.8477
108.2041	26.8370
108.3245	26.8312
108.4402	26.8293
108.5562	26.8583
108.6767	26.8438
108.7975	26.8303
108.9184	26.8477
109.0360	26.8486
109.1518	26.8592
109.2719	26.8303
109.3918	26.8119
109.5113	26.8438
109.6269	26.8467
109.7457	26.8225
109.8657	26.8525
109.9841	26.8409
110.1000	26.8177
110.2202	26.8177
110.3416	26.8612
110.4621	26.8225
110.5758	26.8486
110.6896	26.8496
110.8030	26.8196
110.9159	26.8650
111.0272	26.8293
111.1400	26.8390
111.2528	26.8467
111.3723	26.8457
111.4909	26.8409
111.6098	26.8612
111.7221	26.8390
111.8381	26.8505
111.9582	26.8380
112.0772	26.8699
112.1941	26.8409
112.3089	26.8225
112.4219	26.8477
112.5366	26.8283
112.6558	26.8409
112.7725	26.8409
112.8854	26.8419
113.0029	26.8332
113.1175	26.8505
113.2325	26.8361
113.3459	26.8380
113.4607	26.8544
113.5820	26.8515
113.6999	26.8225
113.8136	26.8496
113.9284	26.8544
114.0480	26.8438
114.1624	26.8477
114.2817	26.8563
114.3965	26.8457
114.5169	26.8283
114.6353	26.8283
114.7522	26.8544
114.8650	26.8351
114.9788	26.8370
115.0945	26.8477
115.2124	26.8399
115.3267	26.8583
115.4411	26.8612
115.5592	26.8361
115.6742	26.8477
115.7935	26.8525
115.9053	26.8361
116.0198	26.8525
116.1368	26.8419
116.2595	26.8187
116.3820	26.8419
116.5043	26.8361
116.6240	26.8409
116.7383	26.8544
116.8540	26.8419
116.9741	26.8563
117.0874	26.8477
117.2077	26.8583
117.3266	26.8660
117.4472	26.8390
117.5629	26.8477
117.6756	26.8235
117.7868	26.8409
117.8975	26.8225
118.0073	26.8505
118.1171	26.8409
118.2282	26.8419
118.3387	26.8409
118.4497	26.8341
118.5613	26.8477
118.6721	26.8341
118.7831	26.8419
118.8934	26.8534
119.0041	26.8505
119.1149	26.8264
119.2262	26.8583
119.3377	26.8592
119.4484	26.8505
119.5637	26.8283
119.6826	26.8641
119.7913	26.8621
119.9013	26.8534
120.0121	26.8515
120.1234	26.8448
120.2370	26.8699
120.3471	26.8370
120.4586	26.8438
120.5699	26.8225
120.6819	26.8399
120.7958	26.8177
120.9117	26.8824
121.0336	26.8322
121.1497	26.8544
121.2694	26.8274
121.3818	26.8361
121.4946	26.8457
121.6102	26.8670
121.7212	26.8525
121.8313	26.8390
121.9439	26.8737
122.0556	26.8496
122.1685	26.8747
122.2845	26.8689
122.4008	26.8419
122.5207	26.8448
122.6339	26.8660
122.7472	26.8264
122.8613	26.8245
122.9732	26.8370
123.0844	26.8689
123.1977	26.8708
123.3103	26.8361
123.4227	26.8457
123.5370	26.8399
123.6484	26.8892
123.7615	26.8583
123.8751	26.8505
123.9904	26.8467
124.1038	26.8757
124.2214	26.8351
124.3404	26.8283
124.4581	26.8390
124.5692	26.8563
124.6789	26.8390
124.7902	26.8583
124.9004	26.8515
125.0100	26.8544
125.1228	26.8583
125.2342	26.8708
125.3498	26.8660
125.4712	26.8699
125.5839	26.8515
125.6962	26.8312
125.8091	26.8631
125.9258	26.8563
126.0408	26.8525
126.1508	26.8505
126.2671	26.8525
126.3867	26.8660
126.5090	26.8351
126.6291	26.8235
126.7448	26.8583
126.8550	26.8438
126.9675	26.8612
127.0820	26.8457
127.2002	26.8254
127.3137	26.8496
127.4260	26.8399
127.5381	26.8467
127.6495	26.8534
127.7589	26.8573
127.8706	26.8612
127.9834	26.8534
128.0979	26.8805
128.2111	26.8409
128.3256	26.8477
128.4463	26.8544
128.5676	26.8592
128.6887	26.8419
128.8093	26.8602
128.9289	26.8438
129.0417	26.8737
129.1543	26.8380
129.2643	26.8911
129.3788	26.8361
129.5003	26.8592
129.6164	26.8438
129.7360	26.8477
129.8508	26.8448
129.9731	26.8409
130.0943	26.8399
130.2142	26.8757
130.3304	26.8544
130.4497	26.8332
130.5682	26.8660
130.6863	26.8361
130.8082	26.8554
130.9312	26.8409
131.0525	26.8805
131.1729	26.8612
131.2949	26.8563
131.4181	26.8370
131.5400	26.8670
131.6564	26.8419
131.7758	26.8554
131.8960	26.8380
132.0172	26.8679
132.1327	26.8428
132.2528	26.8409
132.3721	26.8448
132.4894	26.8206
132.6097	26.8679
132.7327	26.8467
132.8529	26.8438
132.9743	26.8477
133.0912	26.8448
133.2113	26.8573
133.3325	26.8563
133.4517	26.8196
133.5674	26.8931
133.6877	26.8592
133.8085	26.8660
133.9291	26.8399
134.0492	26.8650
134.1638	26.8534
134.2846	26.8708
134.4024	26.8129
134.5200	26.8409
134.6394	26.8592
134.7610	26.8631
134.8810	26.8390
135.0007	26.8467
135.1150	26.8235
135.2345	26.8650
135.3543	26.8467
135.4750	26.8602
135.5937	26.8689
135.7143	26.8448
135.8341	26.8641
135.9493	26.8477
136.0704	26.8525
136.1914	26.8486
136.3108	26.8660
136.4314	26.8351
136.5482	26.8699
136.6681	26.8563
136.7872	26.8670
136.9078	26.8525
137.0248	26.8399
137.1402	26.8834
137.2593	26.8486
137.3783	26.8776
137.4989	26.8670
137.6188	26.8795
137.7344	26.8419
137.8543	26.8264
137.9735	26.8534
138.0924	26.8438
138.2104	26.8409
138.3252	26.8573
138.4449	26.8351
138.5656	26.8390
138.6853	26.8544
138.8036	26.8419
138.9233	26.8312
139.0401	26.8708
139.1568	26.8438
139.2743	26.8554
139.3921	26.8457
139.5078	26.8322
139.6267	26.8641
139.7465	26.8583
139.8661	26.8496
139.9857	26.8380
140.1019	26.8370
140.2224	26.8689
140.3408	26.8612
140.4601	26.8438
140.5783	26.8390
140.6983	26.8477
140.8174	26.8303
140.9360	26.8679
141.0555	26.8399
141.1723	26.8457
141.2876	26.8641
141.4072	26.8419
141.5249	26.8747
141.6417	26.8689
141.7622	26.8274
141.8809	26.8563
141.9956	26.8505
142.1098	26.8544
142.2308	26.8196
142.3492	26.8757
142.4693	26.8477
142.5865	26.8496
142.7018	26.8399
142.8225	26.8612
142.9402	26.8409
143.0540	26.8428
143.1745	26.8631
143.2942	26.8361
143.4152	26.8332
143.5350	26.8650
143.6526	26.8573
143.7731	26.8602
143.8924	26.8505
144.0088	26.8448
144.1227	26.8544
144.2416	26.8467
144.3609	26.8409
144.4772	26.8486
144.5925	26.8525
144.7103	26.8612
144.8251	26.8554
144.9392	26.8631
145.0605	26.8332
145.1809	26.8467
145.3007	26.8448
145.4205	26.8718
145.5407	26.8534
145.6585	26.8467
145.7738	26.8419
145.8926	26.8670
146.0111	26.8505
146.1246	26.8554
146.2446	26.8699
146.3643	26.8728
146.4856	26.8815
146.6057	26.8563
146.7261	26.8496
146.8466	26.8419
146.9678	26.8679
147.0834	26.8428
147.2043	26.8660
147.3248	26.8477
147.4443	26.8573
147.5635	26.8448
147.6837	26.8322
147.8046	26.8245
147.9248	26.8573
148.0414	26.8525
148.1581	26.8457
148.2792	26.8428
148.4006	26.8757
148.5194	26.8534
148.6403	26.8505
148.7596	26.8370
148.8799	26.8486
148.9997	26.8573
149.1151	26.8525
149.2343	26.8602
149.3544	26.8525
149.4728	26.8554
149.5887	26.8505
149.7092	26.8583
149.8272	26.8235
149.9407	26.8283
150.0591	26.8824
150.1758	26.8361
150.2941	26.8728
150.4137	26.8602
150.5341	26.8351
150.6539	26.8708
150.7745	26.8631
150.8933	26.8245
151.0117	26.8332
151.1272	26.8390
151.2456	26.8438
151.3671	26.8583
151.4881	26.8245
151.6090	26.8390
151.7295	26.8283
151.8509	26.8747
151.9691	26.8505
152.0826	26.8283
152.2018	26.8525
152.3208	26.8515
152.4381	26.8505
152.5533	26.8380
152.6742	26.8515
152.7923	26.8071
152.9117	26.8650
153.0308	26.8660
153.1456	26.8361
153.2651	26.8699
153.3843	26.8303
153.5046	26.8448
153.6242	26.8419
153.7427	26.8525
153.8631	26.8351
153.9822	26.8534
154.0950	26.8235
154.2140	26.8650
154.3358	26.8631
154.4551	26.8283
154.5706	26.8660
154.6877	26.8602
154.8017	26.8689
154.9239	26.8370
155.0440	26.8602
155.1612	26.8515
155.2829	26.8196
155.4040	26.8409
155.5254	26.8467
155.6456	26.8361
155.7652	26.8621
155.8850	26.8486
156.0044	26.8573
156.1198	26.8505
156.2406	26.8438
156.3607	26.8380
156.4830	26.8312
156.6026	26.8534
156.7222	26.8612
156.8421	26.8573
156.9602	26.8351
157.0756	26.8515
157.1935	26.8409
157.3156	26.8225
157.4360	26.8409
157.5560	26.8602
157.6745	26.8187
157.7923	26.8573
157.9113	26.8554
158.0315	26.8438
158.1496	26.8708
158.2704	26.8602
158.3905	26.8525
158.5102	26.8457
158.6310	26.8573
158.7504	26.8795
158.8701	26.8650
158.9894	26.8486
159.1052	26.8158
159.2248	26.8554
159.3443	26.8419
159.4647	26.8380
159.5854	26.8612
159.7051	26.8409
159.8226	26.8341
159.9413	26.8544
160.0553	26.8361
160.1760	26.8583
160.2984	26.8467
160.4203	26.8602
160.5397	26.8544
160.6593	26.8708
160.7793	26.8573
160.8993	26.8650
161.0181	26.8312
161.1335	26.8699
161.2542	26.8361
161.3743	26.8515
161.4953	26.8708
161.6166	26.8448
161.7368	26.8467
161.8577	26.8293
161.9755	26.8390
162.0885	26.8583
162.2078	26.8467
162.3273	26.8448
162.4456	26.8293
162.5657	26.8293
162.6851	26.8583
162.8008	26.8496
162.9206	26.8892
163.0389	26.8650
163.1533	26.8505
163.2746	26.8515
163.3932	26.8322
163.5124	26.8477
163.6326	26.8477
163.7522	26.8631
163.8691	26.8583
163.9858	26.8679
164.0999	26.8834
164.2190	26.8322
164.3389	26.8467
164.4584	26.8873
164.5776	26.8419
164.6984	26.8737
164.8183	26.8245
164.9387	26.8467
165.0580	26.8621
165.1783	26.8448
165.2999	26.8380
165.4202	26.8293
165.5414	26.8467
165.6605	26.8612
165.7809	26.8264
165.9020	26.8477
166.0204	26.8641
166.1365	26.8515
166.2575	26.8409
166.3758	26.8592
166.4928	26.8534
166.6073	26.8496
166.7261	26.8477
166.8456	26.8670
166.9653	26.8457
167.0803	26.8612
167.2008	26.8332
167.3182	26.8573
167.4384	26.8477
167.5590	26.8563
167.6752	26.8467
167.7944	26.8235
167.9154	26.8283
168.0335	26.8322
168.1503	26.8448
168.2702	26.8631
168.3910	26.8486
168.5068	26.8235
168.6263	26.8525
168.7468	26.8689
168.8664	26.8602
168.9828	26.8457
169.0970	26.8332
169.2156	26.8496
169.3351	26.8351
169.4559	26.8235
169.5753	26.8583
169.6943	26.8457
169.8126	26.8660
169.9338	26.8419
170.0534	26.8641
170.1734	26.8332
170.2905	26.8496
170.4079	26.8351
170.5233	26.8341
170.6350	26.8573
170.7497	26.8380
170.8714	26.8563
170.9905	26.8631
171.1057	26.8679
171.2231	26.8563
171.3370	26.8612
171.4549	26.8689
171.5673	26.8361
171.6794	26.8419
171.7925	26.8312
171.9068	26.8534
172.0246	26.8815
172.1387	26.8496
172.2595	26.8621
172.3741	26.8583
172.4973	26.8641
172.6170	26.8679
172.7385	26.8322
172.8570	26.8505
172.9702	26.8621
173.0820	26.8602
173.1982	26.8419
173.3127	26.8293
173.4307	26.8457
173.5538	26.8699
173.6738	26.8351
173.7912	26.8341
173.9105	26.8525
174.0296	26.8515
174.1417	26.8670
174.2578	26.8708
174.3771	26.8592
174.4991	26.8786
174.6192	26.8621
174.7387	26.8409
174.8586	26.8525
174.9777	26.8737
175.0918	26.8477
175.2106	26.8650
175.3265	26.8602
175.4472	26.8641
175.5649	26.8477
175.6814	26.8467
175.8022	26.8525
175.9218	26.8399
176.0393	26.8505
176.1533	26.8554
176.2735	26.8563
176.3879	26.8419
176.5020	26.8525
176.6207	26.8718
176.7405	26.8467
176.8540	26.8332
176.9725	26.8428
177.0834	26.8592
177.1971	26.8525
177.3110	26.8351
177.4252	26.8728
177.5472	26.8805
177.6645	26.8583
177.7768	26.8679
177.8897	26.8477
178.0053	26.8438
178.1182	26.8515
178.2334	26.8602
178.3463	26.8467
178.4604	26.8670
178.5750	26.8554
178.6949	26.8341
178.8148	26.8563
178.9297	26.8728
179.0428	26.8534
179.1651	26.8544
179.2859	26.8544
179.4056	26.8225
179.5235	26.8602
179.6356	26.8129
179.7507	26.8341
179.8694	26.8264
179.9823	26.8776
180.0974	26.8187
180.2191	26.8477
180.3306	26.8602
180.4456	26.8621
180.5639	26.8602
180.6854	26.8380
180.8065	26.8332
180.9251	26.8525
181.0389	26.8573
181.1544	26.8467
181.2751	26.8660
181.3964	26.8573
181.5169	26.8728
181.6367	26.8660
181.7547	26.8341
181.8750	26.8699
181.9932	26.8689
182.1093	26.8534
182.2229	26.8283
182.3436	26.8737
182.4650	26.8592
182.5867	26.8515
182.7073	26.8621
182.8242	26.8631
182.9382	26.8737
183.0572	26.8274
183.1714	26.8747
183.2879	26.8390
183.4080	26.8544
183.5266	26.8882
183.6467	26.8544
183.7665	26.8505
183.8872	26.8216
184.0048	26.8448
184.1206	26.8477
184.2384	26.8419
184.3547	26.8563
184.4738	26.8467
184.5928	26.8573
184.7114	26.8419
184.8307	26.8563
184.9481	26.8515
185.0626	26.8419
185.1803	26.8467
185.2979	26.8390
185.4114	26.8467
185.5313	26.8419
185.6484	26.8477
185.7639	26.8341
185.8814	26.8370
185.9921	26.8641
186.1029	26.8341
186.2134	26.8505
186.3245	26.8525
186.4358	26.8505
186.5452	26.8245
186.6554	26.8602
186.7662	26.8245
186.8767	26.8592
186.9880	26.8467
187.0995	26.8390
187.2123	26.8332
187.3265	26.8158
187.4467	26.8370
187.5580	26.8631
187.6712	26.8419
187.7925	26.8370
187.9110	26.8457
188.0220	26.8341
188.1326	26.8312
188.2437	26.8534
188.3546	26.8399
188.4637	26.8544
188.5755	26.8486
188.6853	26.8293
188.7967	26.8563
188.9069	26.8496
189.0189	26.8409
189.1310	26.8274
189.2447	26.8351
189.3597	26.8245
189.4830	26.8438
189.6030	26.8283
189.7168	26.8467
189.8314	26.8264
189.9560	26.8080
190.0747	26.8438
190.1893	26.8496
190.3106	26.8448
190.4324	26.8660
190.5492	26.8312
190.6718	26.8158
190.7923	26.8206
190.9144	26.8380
191.0342	26.8119
191.1467	26.8351
191.2616	26.8254
191.3836	26.8206
191.5051	26.8438
191.6244	26.8206
191.7372	26.8235
191.8514	26.8264
191.9681	26.8428
192.0840	26.8245
192.1956	26.8370
192.3087	26.8274
192.4219	26.8341
192.5345	26.8119
192.6452	26.8264
192.7578	26.8167
192.8702	26.8245
192.9832	26.8361
193.0988	26.8283
193.2219	26.8264
193.3405	26.8293
193.4602	26.8332
193.5749	26.8274
193.6963	26.8264
193.8145	26.8206
193.9293	26.8419
194.0495	26.8167
194.1615	26.8322
194.2718	26.8293
194.3857	26.8283
194.5051	26.8245
194.6174	26.8293
194.7288	26.8457
194.8411	26.8380
194.9557	26.8129
195.0711	26.8167
195.1903	26.8109
195.3029	26.8438
195.4173	26.8341
195.5327	26.8264
195.6492	26.8196
195.7649	26.8399
195.8869	26.8322
196.0057	26.8390
196.1228	26.8419
196.2434	26.8361
196.3539	26.8332
196.4648	26.8283
196.5807	26.8196
196.7016	26.8274
196.8156	26.8312
196.9370	26.8177
197.0539	26.8351
197.1677	26.8167
197.2851	26.8235
197.4040	26.8013
197.5217	26.8245
197.6315	26.8216
197.7428	26.8274
197.8555	26.8361
197.9693	26.8264
198.0905	26.8341
198.2063	26.8380
198.3211	26.8167
198.4421	26.8370
198.5566	26.8496
198.6702	26.8303
198.7875	26.8129
198.9042	26.8148
199.0228	26.8138
199.1367	26.8129
199.2547	26.8003
199.3755	26.8119
199.4955	26.8322
199.6166	26.8090
199.7327	26.8303
199.8541	26.8235
199.9745	26.8438
200.0903	26.8264
200.2094	26.8206
200.3220	26.8370
200.4428	26.8167
200.5614	26.8196
200.6753	26.8245
200.7855	26.8196
200.9017	26.8022
201.0222	26.8303
201.1376	26.8312
201.2573	26.8670
201.3709	26.8235
201.4891	26.8254
201.6093	26.7984
201.7242	26.8042
201.8435	26.8322
201.9661	26.8332
202.0831	26.8187
202.2026	26.8206
202.3152	26.7878
202.4279	26.8148
202.5420	26.8254
202.6626	26.8032
202.7769	26.8332
202.8931	26.8196
203.0110	26.8235
203.1238	26.8477
203.2397	26.8080
203.3579	26.8370
203.4722	26.8080
203.5919	26.8235
203.7099	26.8322
203.8272	26.8042
203.9463	26.8100
204.0610	26.8370
204.1823	26.7839
204.3023	26.8206
204.4207	26.8100
204.5364	26.8254
204.6512	26.7955
204.7674	26.8100
204.8876	26.8187
205.0055	26.8167
205.1209	26.7897
205.2395	26.8158
205.3509	26.8196
205.4619	26.7887
205.5741	26.8100
205.6925	26.8312
205.8142	26.8216
205.9348	26.8293
206.0550	26.7878
206.1690	26.8293
206.2909	26.8187
206.4125	26.8264
206.5294	26.8148
206.6407	26.8080
206.7597	26.8119
206.8788	26.8293
206.9985	26.8080
207.1125	26.8322
207.2281	26.8148
207.3446	26.8254
207.4658	26.7945
207.5862	26.8448
207.7033	26.8264
207.8215	26.8090
207.9358	26.8225
208.0546	26.8235
208.1730	26.8177
208.2870	26.8138
208.4071	26.8061
208.5272	26.8438
208.6440	26.7771
208.7570	26.8003
208.8771	26.8109
208.9960	26.8158
209.1107	26.8390
209.2317	26.8080
209.3461	26.8409
209.4652	26.7993
209.5849	26.8138
209.7052	26.8312
209.8239	26.8071
209.9438	26.8322
210.0644	26.8419
210.1849	26.7974
210.3016	26.7935
210.4162	26.8013
210.5359	26.8448
210.6531	26.8283
210.7717	26.8303
210.8898	26.8071
211.0061	26.8042
211.1217	26.8158
211.2423	26.8361
211.3611	26.8109
211.4759	26.7897
211.5952	26.8477
211.7164	26.8245
211.8352	26.7984
211.9474	26.8090
212.0680	26.8303
212.1876	26.8216
212.2995	26.8245
212.4123	26.8380
212.5248	26.8457
212.6392	26.8274
212.7578	26.8090
212.8753	26.8138
212.9952	26.8380
213.1087	26.8274
213.2285	26.8225
213.3483	26.8303
213.4660	26.7984
213.5819	26.8351
213.7012	26.8351
213.8191	26.8245
213.9380	26.8303
214.0570	26.8322
214.1756	26.8390
214.2974	26.8042
214.4195	26.8303
214.5387	26.8071
214.6525	26.8361
214.7704	26.8177
214.8870	26.8158
215.0046	26.7800
215.1200	26.8322
215.2372	26.8419
215.3531	26.8042
215.4740	26.8119
215.5922	26.8254
215.7084	26.8051
215.8306	26.8554
215.9512	26.8351
216.0725	26.8303
216.1920	26.8380
216.3101	26.8167
216.4304	26.8013
216.5519	26.8409
216.6702	26.8254
216.7852	26.7935
216.9052	26.8283
217.0237	26.8438
217.1398	26.8592
217.2566	26.8592
217.3713	26.8158
217.4920	26.8167
217.6113	26.8409
217.7240	26.8332
217.8346	26.8361
217.9454	26.8138
218.0565	26.8206
218.1689	26.8380
218.2839	26.8361
218.3992	26.8274
218.5163	26.8322
218.6358	26.8554
218.7576	26.8051
218.8799	26.8351
218.9982	26.8496
219.1129	26.8119
219.2325	26.8322
219.3499	26.8380
219.4694	26.8196
219.5904	26.8225
219.7119	26.8621
219.8331	26.8332
219.9538	26.8341
220.0736	26.8109
220.1938	26.8380
220.3142	26.8138
220.4360	26.8399
220.5557	26.8177
220.6756	26.8245
220.7977	26.8187
220.9188	26.8254
221.0380	26.8602
221.1542	26.8293
221.2744	26.8283
221.3964	26.8341
221.5180	26.8486
221.6386	26.8380
221.7596	26.8554
221.8819	26.8341
222.0010	26.8438
222.1172	26.8274
222.2357	26.8428
222.3552	26.8438
222.4731	26.8563
222.5922	26.8438
222.7116	26.8283
222.8296	26.8283
222.9436	26.8370
223.0633	26.8361
223.1817	26.8322
223.3015	26.8235
223.4209	26.8409
223.5403	26.8090
223.6590	26.8206
223.7789	26.8293
223.8998	26.8051
224.0194	26.8370
224.1355	26.8332
224.2559	26.8534
224.3751	26.8457
224.4949	26.8438
224.6150	26.8061
224.7351	26.8138
224.8545	26.8322
224.9696	26.8438
225.0852	26.8438
225.2226	26.8283
225.3350	26.8438
225.4528	26.8264
225.5731	26.8274
225.6924	26.8332
225.8086	26.8650
225.9220	26.8390
226.0358	26.8177
226.1494	26.8390
226.2646	26.8361
226.3792	26.8641
226.5008	26.8283
226.6223	26.8660
226.7438	26.8245
226.8634	26.8216
226.9754	26.8148
227.0879	26.8409
227.2066	26.8361
227.3205	26.8303
227.4322	26.8274
227.5483	26.8457
227.6599	26.8380
227.7715	26.8167
227.8806	26.8496
227.9923	26.8525
228.1034	26.8573
228.2125	26.8380
228.3233	26.8467
228.4349	26.8361
228.5507	26.8351
228.6655	26.8505
228.7792	26.8477
228.8991	26.8264
229.0168	26.8486
229.1326	26.8438
229.2554	26.8428
229.3753	26.8612
229.4949	26.8573
229.6076	26.8554
229.7304	26.8351
229.8493	26.8312
229.9645	26.8699
230.0823	26.8631
230.2023	26.8563
230.3230	26.8573
230.4432	26.8428
230.5638	26.8477
230.6778	26.8312
230.7918	26.8341
230.9122	26.8477
231.0314	26.8370
231.1451	26.8554
231.2632	26.8467
231.3782	26.8428
231.5007	26.8361
231.6186	26.8457
231.7304	26.8708
231.8434	26.8525
231.9537	26.8322
232.0622	26.8631
232.1735	26.8477
232.2857	26.8438
232.4003	26.8293
232.5214	26.8496
232.6420	26.8312
232.7645	26.8583
232.8862	26.8322
233.0065	26.8370
233.1217	26.8399
233.2423	26.8351
233.3634	26.8448
233.4850	26.8544
233.6053	26.8486
233.7244	26.8573
233.8437	26.8303
233.9647	26.8438
234.0837	26.8438
234.2046	26.8380
234.3228	26.8380
234.4435	26.8399
234.5646	26.8312
234.6833	26.8341
234.8039	26.8419
234.9232	26.8341
235.0418	26.8399
235.1613	26.8650
235.2764	26.8486
235.3972	26.8534
235.5153	26.8419
235.6309	26.8477
235.7517	26.8361
235.8714	26.8312
235.9889	26.8293
236.1034	26.8332
236.2230	26.8602
236.3408	26.8612
236.4623	26.8641
236.5842	26.8419
236.7030	26.8409
236.8230	26.8496
236.9438	26.8216
237.0603	26.8341
237.1792	26.8689
237.2995	26.8380
237.4207	26.8409
237.5389	26.8448
237.6581	26.8477
237.7754	26.8341
237.8954	26.8525
238.0135	26.8380
238.1293	26.8341
238.2491	26.8283
238.3698	26.8177
238.4898	26.8399
238.6096	26.8641
238.7294	26.8612
238.8487	26.8554
238.9692	26.8225
239.0845	26.8515
239.2040	26.8525
239.3242	26.8496
239.4435	26.8264
239.5633	26.8573
239.6832	26.8544
239.8023	26.8245
239.9224	26.8216
240.0409	26.8332
240.1560	26.8351
240.2748	26.8467
240.3935	26.8274
240.5138	26.8274
240.6343	26.8747
240.7557	26.8496
240.8739	26.8312
240.9912	26.8641
241.1065	26.8641
241.2266	26.8563
241.3466	26.8380
241.4643	26.8467
241.5837	26.8419
241.7022	26.8216
241.8212	26.8477
241.9413	26.8602
242.0607	26.8853
242.1730	26.8641
242.2867	26.8679
242.4048	26.8370
242.5247	26.8505
242.6444	26.8554
242.7633	26.8612
242.8841	26.8525
243.0019	26.8583
243.1173	26.8621
243.2357	26.8592
243.3559	26.8621
243.4747	26.8390
243.5944	26.8592
243.7134	26.8225
243.8329	26.8380
243.9537	26.8293
244.0729	26.8332
244.1934	26.8583
244.3166	26.8563
244.4356	26.8225
244.5550	26.8457
244.6745	26.8486
244.7954	26.8496
244.9156	26.8573
245.0309	26.8167
245.1505	26.8583
245.2705	26.8563
245.3870	26.8254
245.5060	26.8544
245.6244	26.8467
245.7453	26.8679
245.8653	26.8776
245.9846	26.8380
246.0995	26.8380
246.2192	26.8486
246.3338	26.8448
246.4527	26.8438
246.5719	26.8534
246.6919	26.8361
246.8126	26.8332
246.9332	26.8216
247.0526	26.8341
247.1729	26.8525
247.2928	26.8225
247.4144	26.8486
247.5307	26.8573
247.6503	26.8467
247.7712	26.8563
247.8903	26.8380
248.0077	26.8486
248.1225	26.8448
248.2411	26.8312
248.3590	26.8650
248.4790	26.8457
248.5928	26.8583
248.7132	26.8399
248.8340	26.8457
248.9556	26.8477
249.0745	26.8245
249.1940	26.8399
249.3157	26.8419
249.4352	26.8100
249.5527	26.8505
249.6683	26.8612
249.8022	26.8505
249.9222	26.8419
250.0403	26.7993
250.1599	26.8631
250.2791	26.8187
250.3981	26.8515
250.5182	26.8438
250.6365	26.8534
250.7518	26.8467
250.8726	26.8496
250.9909	26.8312
251.1055	26.8525
251.2241	26.8409
251.3390	26.8525
251.4581	26.8448
251.5768	26.8679
251.6968	26.8525
251.8172	26.8283
251.9448	26.8670
252.0651	26.8138
252.1865	26.8563
252.3050	26.8448
252.4242	26.8351
252.5426	26.8641
252.6562	26.8554
252.7748	26.8486
252.8942	26.8419
253.0095	26.8457
253.1242	26.8496
253.2420	26.8428
253.3531	26.8757
253.4652	26.8573
253.5808	26.8206
253.6997	26.8486
253.8148	26.8515
253.9252	26.8505
254.0359	26.8322
254.1465	26.8438
254.2573	26.8399
254.3676	26.8515
254.4767	26.8467
254.5875	26.8303
254.7010	26.8370
254.8155	26.8467
254.9390	26.8486
255.0601	26.8254
255.1787	26.8486
255.2996	26.8525
255.4196	26.8573
255.5392	26.8409
255.6576	26.8177
255.7781	26.8332
255.8997	26.8448
256.0211	26.8100
256.1423	26.8370
256.2647	26.8293
256.3864	26.8351
256.5055	26.8254
256.6258	26.8554
256.7475	26.8477
256.8641	26.8225
256.9844	26.8158
257.1057	26.8467
257.2270	26.8274
257.3487	26.8554
257.4682	26.8283
257.5857	26.8477
257.7059	26.8332
257.8254	26.8486
257.9404	26.8351
258.0574	26.8457
258.1774	26.8235
258.2976	26.8274
258.4173	26.8332
258.5357	26.8612
258.6563	26.8457
258.7763	26.8419
258.8959	26.8534
259.0110	26.8303
259.1323	26.8457
259.2528	26.8187
259.3725	26.8283
259.4918	26.8370
259.6114	26.8457
259.7306	26.8448
259.8514	26.8138
259.9712	26.8448
260.0893	26.8245
260.2084	26.8438
260.3290	26.8322
260.4485	26.8467
260.5625	26.8322
260.6822	26.8699
260.8020	26.8544
260.9224	26.8341
261.0409	26.8525
261.1576	26.8438
261.2775	26.8448
261.3965	26.8351
261.5160	26.8158
261.6355	26.8254
261.7556	26.8390
261.8736	26.8274
261.9911	26.8409
262.1105	26.8293
262.2322	26.8293
262.3524	26.8312
262.4725	26.8370
262.5926	26.8187
262.7133	26.8486
262.8333	26.8544
262.9521	26.8399
263.0706	26.8225
263.1898	26.8138
263.3067	26.8534
263.4257	26.8312
263.5444	26.8158
263.6650	26.8428
263.7836	26.8399
263.9001	26.8486
264.0217	26.8554
264.1414	26.8390
264.2602	26.8158
264.3799	26.8283
264.5001	26.8467
264.6184	26.8370
264.7390	26.8380
264.8591	26.8370
264.9807	26.8390
265.1007	26.8254
265.2177	26.8505
265.3372	26.8254
265.4557	26.8283
265.5734	26.8235
265.6926	26.8264
265.8130	26.8380
265.9341	26.8341
266.0536	26.8216
266.1737	26.8341
266.2924	26.8100
266.4120	26.8216
266.5326	26.8235
266.6528	26.8361
266.7728	26.8109
266.8913	26.8148
267.0116	26.8409
267.1295	26.8496
267.2441	26.8293
267.3643	26.8312
267.4833	26.8119
267.6033	26.8332
267.7216	26.8148
267.8410	26.8332
267.9576	26.8322
268.0780	26.8361
268.1981	26.8013
268.3135	26.7955
268.4318	26.8370
268.5507	26.8283
268.6711	26.8293
268.7900	26.8428
268.9093	26.8380
269.0291	26.8303
269.1491	26.8080
269.2686	26.8525
269.3850	26.7897
269.5057	26.8109
269.6255	26.8496
269.7457	26.8254
269.8671	26.8032
269.9881	26.8361
270.1059	26.8225
270.2234	26.8245
270.3427	26.8109
270.4625	26.8032
270.5826	26.8177
270.7018	26.8283
270.8213	26.8390
270.9396	26.8187
271.0593	26.8293
271.1784	26.8351
271.2948	26.8158
271.4122	26.8206
271.5313	26.8167
271.6513	26.8042
271.7719	26.8332
271.8906	26.8167
272.0115	26.8158
272.1326	26.8245
272.2519	26.8158
272.3717	26.8167
272.4894	26.8042
272.6086	26.8206
272.7241	26.8322
272.8436	26.8080
272.9629	26.7945
273.0837	26.8254
273.2019	26.8003
273.3176	26.8100
273.4359	26.8245
273.5551	26.8235
273.6742	26.8274
273.7927	26.8138
273.9124	26.8428
274.0326	26.8312
274.1523	26.8022
274.2715	26.7964
274.3902	26.7955
274.5051	26.7993
274.6384	26.7907
274.7527	26.8206
274.8724	26.8138
274.9922	26.8032
275.1123	26.8216
275.2248	26.8158
275.3399	26.8351
275.4598	26.8380
275.5752	26.8100
275.6936	26.7974
275.8122	26.7849
275.9264	26.8090
276.0379	26.8399
276.1504	26.7791
276.2650	26.7945
276.3832	26.8013
276.4956	26.8264
276.6069	26.7849
276.7180	26.8187
276.8299	26.8090
276.9427	26.8071
277.0599	26.8071
277.1718	26.8022
277.2892	26.8138
277.4068	26.8264
277.5281	26.8187
277.6484	26.8351
277.7651	26.8032
277.8819	26.8022
278.0019	26.8080
278.1167	26.8216
278.2299	26.8235
278.3493	26.7878
278.4641	26.8167
278.5845	26.7887
278.7032	26.8206
278.8192	26.8245
278.9341	26.8090
279.0529	26.8158
279.1710	26.7964
279.2857	26.8071
279.4047	26.8071
279.5241	26.7964
279.6443	26.8264
279.7629	26.8022
279.8772	26.8216
279.9868	26.8177
280.0988	26.8206
280.2108	26.8274
280.3241	26.8100
280.4431	26.8158
280.5573	26.8206
280.6752	26.7810
280.7960	26.8080
280.9139	26.7984
281.0280	26.7993
281.1471	26.7800
281.2625	26.7858
281.3827	26.8216
281.5001	26.8119
281.6139	26.7984
281.7320	26.8022
281.8525	26.7916
281.9707	26.8042
282.0864	26.7964
282.2057	26.7964
282.3235	26.8080
282.4352	26.8003
282.5465	26.7926
282.6609	26.7800
282.7805	26.8032
282.8945	26.7926
283.0133	26.8042
283.1305	26.8293
283.2429	26.8283
283.3572	26.7897
283.4700	26.8187
283.5799	26.8119
283.6943	26.8177
283.8115	26.7916
283.9263	26.7858
284.0483	26.8235
284.1675	26.7993
284.2833	26.7907
284.4012	26.7897
284.5154	26.7781
284.6350	26.8167
284.7490	26.8196
284.8670	26.8293
284.9861	26.7926
285.1061	26.7771
285.2224	26.7926
285.3367	26.8071
285.4539	26.8187
285.5704	26.7887
285.6882	26.7887
285.8008	26.7849
285.9200	26.8419
286.0342	26.8022
286.1483	26.8129
286.2661	26.7820
286.3794	26.8322
286.4939	26.8022
286.6155	26.7955
286.7385	26.8167
286.8543	26.7945
286.9662	26.7878
287.0754	26.8283
287.1846	26.7926
287.2950	26.8138
287.4084	26.8071
287.5227	26.8216
287.6414	26.8158
287.7530	26.7849
287.8635	26.7887
287.9734	26.8100
288.0859	26.8003
288.2000	26.8283
288.3138	26.8022
288.4240	26.7984
288.5376	26.7897
288.6549	26.7935
288.7710	26.8177
288.8879	26.7907
288.9991	26.8042
289.1107	26.8051
289.2233	26.7984
289.3340	26.8167
289.4451	26.8051
289.5614	26.7781
289.6814	26.8071
289.8020	26.7733
289.9204	26.8061
290.0390	26.7974
290.1577	26.8196
290.2703	26.7955
290.3840	26.8206
290.4939	26.8148
290.6067	26.8138
290.7230	26.8109
290.8417	26.8109
290.9530	26.8061
291.0675	26.8100
291.1786	26.8042
291.2926	26.8071
291.4043	26.8061
291.5181	26.8022
291.6364	26.8022
291.7545	26.7868
291.8730	26.8080
291.9912	26.8003
292.1075	26.8167
292.2271	26.8254
292.3474	26.7907
292.4661	26.7897
292.5871	26.7820
292.7048	26.7897
292.8195	26.8419
292.9395	26.8013
293.0603	26.7878
293.1781	26.7945
293.3130	26.7945
293.4279	26.8022
293.5486	26.8177
293.6592	26.8293
293.7727	26.7897
293.8831	26.8187
293.9984	26.8032
294.1093	26.8148
294.2212	26.8032
294.3369	26.8167
294.4554	26.8274
294.5670	26.7926
294.6786	26.7993
294.7898	26.8061
294.9007	26.7646
295.0105	26.7878
295.1232	26.7858
295.2397	26.7955
295.3591	26.8216
295.4790	26.7955
295.5985	26.8061
295.7133	26.8119
295.8279	26.8003
295.9485	26.8129
296.0606	26.8254
296.1739	26.8109
296.2887	26.8100
296.4038	26.7849
296.5180	26.8042
296.6306	26.7964
296.7451	26.7713
296.8587	26.7974
296.9707	26.7849
297.0817	26.8061
297.1963	26.7945
297.3126	26.8235
297.4333	26.7810
297.5548	26.7868
297.6762	26.7935
297.7953	26.8071
297.9155	26.7791
298.0344	26.8061
298.1495	26.7829
298.2718	26.8254
298.3905	26.7849
298.5056	26.7829
298.6248	26.8235
298.7462	26.8167
298.8655	26.7791
298.9846	26.7559
299.1048	26.8187
299.2252	26.8051
299.3463	26.8312
299.4670	26.7733
299.5883	26.7868
299.7012	26.8032
299.8224	26.8138
299.9436	26.8032
