0.0000	25.5633
0.1148	25.5777
0.2301	25.5850
0.3475	25.5898
0.4635	25.5368
0.5794	25.6236
0.6949	25.6139
0.8109	25.5970
0.9276	25.6356
1.0430	25.5898
1.1576	25.5898
1.2703	25.6019
1.3861	25.5922
1.5024	25.5657
1.6171	25.5802
1.7338	25.5609
1.8536	25.6067
1.9736	25.6839
2.0943	25.6187
2.2112	25.5994
2.3258	25.5464
2.4445	25.5777
2.5543	25.5826
2.6678	25.6163
2.7879	25.6091
2.9118	25.6187
3.0319	25.5753
3.1432	25.5970
3.2564	25.5609
3.3692	25.5464
3.4870	25.6091
3.5988	25.5802
3.7108	25.5681
3.8225	25.5970
3.9349	25.6091
4.0470	25.5994
4.1618	25.6043
4.2726	25.5585
4.3852	25.6284
4.4970	25.5946
4.6087	25.6163
4.7206	25.5874
4.8325	25.5753
4.9445	25.5970
5.0563	25.5681
5.1683	25.6236
5.2799	25.5874
5.3931	25.5946
5.5088	25.5681
5.6250	25.6115
5.7471	25.6019
5.8667	25.5777
5.9883	25.5657
6.1024	25.6163
6.2210	25.5946
6.3356	25.5850
6.4484	25.5826
6.5633	25.5874
6.6753	25.5802
6.7870	25.6091
6.8988	25.5753
7.0108	25.6332
7.1225	25.5970
7.2345	25.5777
7.3461	25.5826
7.4553	25.5826
7.5948	25.6091
7.7233	25.5826
7.8352	25.5753
7.9489	25.5850
8.0603	25.5705
8.1723	25.6139
8.2839	25.5802
8.3958	25.6043
8.5077	25.6260
8.6192	25.5657
8.7313	25.5874
8.8430	25.6236
8.9551	25.6115
9.0757	25.5753
9.1957	25.5826
9.3049	25.5898
9.4144	25.5946
9.5303	25.6115
9.6458	25.6212
9.7568	25.5946
9.8703	25.6260
9.9814	25.5657
10.0941	25.5874
10.2102	25.5898
10.3206	25.5850
10.4306	25.5633
10.5434	25.5609
10.6553	25.5633
10.7687	25.5609
10.8775	25.5633
10.9903	25.5705
11.1003	25.6139
11.2172	25.5705
11.3369	25.5850
11.4570	25.5512
11.5784	25.6212
11.6976	25.5826
11.8217	25.5753
11.9453	25.6139
12.0698	25.5657
12.1890	25.5729
12.3121	25.6091
12.4371	25.5777
12.5614	25.5898
12.6834	25.6163
12.8070	25.6139
12.9311	25.6139
13.0541	25.6887
13.1743	25.6163
13.2947	25.5850
13.4186	25.6115
13.5376	25.5777
13.6577	25.5994
13.7774	25.5585
13.8977	25.6019
14.0174	25.5464
14.1366	25.5970
14.2546	25.5874
14.3770	25.5994
14.4998	25.5560
14.6192	25.5681
14.7354	25.5898
14.8556	25.6019
14.9749	25.6091
15.0948	25.6067
15.2145	25.6212
15.3346	25.6236
15.4543	25.5657
15.5744	25.5898
15.6979	25.6163
15.8179	25.5705
15.9362	25.6019
16.0530	25.6043
16.1690	25.5609
16.2888	25.6429
16.4067	25.6187
16.5197	25.6139
16.6306	25.6091
16.7429	25.5970
16.8551	25.6019
16.9680	25.5729
17.0879	25.5874
17.2063	25.6308
17.3186	25.5512
17.4300	25.6115
17.5472	25.6284
17.6674	25.6187
17.7856	25.6187
17.9028	25.5705
18.0182	25.5970
18.1343	25.5826
18.2508	25.6019
18.3702	25.5826
18.4904	25.5633
18.6104	25.5657
18.7301	25.6091
18.8498	25.6477
18.9693	25.6260
19.0887	25.5729
19.2089	25.6260
19.3308	25.6115
19.4520	25.5826
19.5716	25.5560
19.6919	25.6212
19.8158	25.5994
19.9355	25.6332
20.0549	25.6139
20.1749	25.5705
20.2989	25.5729
20.4179	25.6404
20.5341	25.6236
20.6544	25.6525
20.7741	25.6019
20.8978	25.5753
21.0168	25.6212
21.1336	25.6236
21.2540	25.5681
21.3778	25.5994
21.4953	25.5826
21.6090	25.6621
21.7287	25.6115
21.8486	25.5585
21.9660	25.6429
22.0785	25.6356
22.1964	25.6187
22.3160	25.5729
22.4339	25.6187
22.5534	25.5970
22.6699	25.5585
22.7900	25.5705
22.9102	25.5922
23.0336	25.5802
23.1482	25.6019
23.2636	25.6260
23.3755	25.5609
23.4888	25.6019
23.6085	25.5657
23.7283	25.5850
23.8438	25.5946
23.9594	25.5922
24.0759	25.6043
24.1950	25.6187
24.3137	25.5802
24.4309	25.5729
24.5512	25.6380
24.6700	25.5994
24.7858	25.6429
24.9025	25.6236
25.0221	25.6260
25.1530	25.5705
25.2677	25.6356
25.3780	25.6043
25.4897	25.6067
25.6068	25.6694
25.7227	25.5970
25.8469	25.6067
25.9665	25.6115
26.0867	25.6212
26.2068	25.6091
26.3310	25.6043
26.4520	25.6308
26.5665	25.6429
26.6902	25.6019
26.8151	25.6549
26.9358	25.6356
27.0678	25.6332
27.1769	25.5874
27.2866	25.6163
27.3991	25.6404
27.5160	25.6332
27.6350	25.6404
27.7525	25.6308
27.8761	25.5994
28.0001	25.5729
28.1201	25.6236
28.2442	25.5922
28.3671	25.6236
28.4874	25.6212
28.6120	25.6019
28.7345	25.5874
28.8561	25.6043
28.9678	25.6067
29.0800	25.6332
29.1915	25.6139
29.3003	25.6115
29.4083	25.6549
29.5162	25.6429
29.6244	25.6236
29.7364	25.5994
29.8482	25.6308
29.9613	25.6019
30.0774	25.6236
30.1875	25.6790
30.2999	25.5777
30.4169	25.6284
30.5365	25.6067
30.6547	25.5970
30.7661	25.6115
30.8781	25.6067
30.9898	25.5970
31.1034	25.6718
31.2175	25.6260
31.3292	25.6404
31.4411	25.6308
31.5530	25.6380
31.6648	25.6453
31.7767	25.6091
31.8884	25.6139
32.0005	25.6380
32.1124	25.6380
32.2240	25.6404
32.3360	25.6404
32.4478	25.6429
32.5598	25.5705
32.6714	25.6597
32.7833	25.6429
32.8951	25.5994
33.0071	25.5633
33.1189	25.6404
33.2308	25.5994
33.3429	25.6019
33.4544	25.6139
33.5662	25.6308
33.6781	25.6284
33.7856	25.6429
33.8979	25.5994
34.0103	25.5585
34.1214	25.6356
34.2334	25.5994
34.3422	25.6212
34.4512	25.6380
34.5636	25.6212
34.6769	25.6163
34.7942	25.6187
34.9113	25.5994
35.0232	25.6308
35.1366	25.6308
35.2569	25.6091
35.3758	25.6284
35.4904	25.6019
35.6023	25.6549
35.7123	25.6043
35.8259	25.6091
35.9377	25.6067
36.0473	25.6525
36.1595	25.6404
36.2715	25.6043
36.3833	25.5946
36.4952	25.6525
36.6070	25.6404
36.7190	25.6501
36.8304	25.6935
36.9423	25.6163
37.0544	25.6019
37.1660	25.6187
37.2862	25.6404
37.4218	25.6043
37.5307	25.6260
37.6428	25.5802
37.7525	25.5922
37.8653	25.5850
37.9765	25.6163
38.0877	25.5994
38.2009	25.6139
38.3157	25.6380
38.4287	25.6067
38.5448	25.6260
38.6606	25.6525
38.7762	25.6067
38.8893	25.6187
39.0029	25.5826
39.1203	25.6332
39.2303	25.5970
39.3400	25.6115
39.4554	25.6260
39.5764	25.6597
39.6896	25.6187
39.8128	25.5970
39.9363	25.6380
40.0602	25.6597
40.1843	25.6187
40.3075	25.6212
40.4302	25.6212
40.5543	25.6091
40.6784	25.6212
40.8009	25.6139
40.9213	25.6429
41.0449	25.6163
41.1667	25.6477
41.2865	25.6597
41.4096	25.5922
41.5303	25.5994
41.6533	25.6332
41.7731	25.6573
41.8930	25.6212
42.0127	25.6525
42.1326	25.6163
42.2522	25.5970
42.3721	25.5681
42.4918	25.5946
42.6117	25.5705
42.7316	25.6356
42.8518	25.6646
42.9716	25.6043
43.0910	25.5585
43.2147	25.6597
43.3349	25.6091
43.4517	25.6163
43.5705	25.5681
43.6903	25.5777
43.8103	25.6260
43.9339	25.6332
44.0546	25.6236
44.1736	25.6260
44.2933	25.6501
44.4110	25.6091
44.5307	25.6284
44.6507	25.6332
44.7703	25.5633
44.8903	25.5994
45.0101	25.6356
45.1297	25.6236
45.2498	25.6429
45.3694	25.6067
45.4896	25.6621
45.6092	25.5633
45.7295	25.6670
45.8492	25.6260
45.9688	25.6067
46.0891	25.6115
46.2087	25.6356
46.3281	25.6356
46.4478	25.6115
46.5686	25.6067
46.6879	25.6404
46.8073	25.6019
46.9232	25.6067
47.0435	25.6187
47.1629	25.6187
47.2831	25.5994
47.4028	25.6236
47.5225	25.6115
47.6426	25.6212
47.7622	25.6380
47.8822	25.6067
48.0018	25.6597
48.1178	25.6356
48.2337	25.6187
48.3499	25.5970
48.4694	25.6091
48.5856	25.6621
48.7052	25.6670
48.8285	25.6284
48.9480	25.5657
49.0676	25.6718
49.1845	25.6212
49.3040	25.6356
49.4244	25.6621
49.5444	25.6212
49.6647	25.6187
49.7845	25.6284
49.9041	25.5874
50.0240	25.6549
50.1439	25.5946
50.2634	25.6091
50.3838	25.6477
50.5036	25.6115
50.6227	25.6670
50.7431	25.6332
50.8669	25.6187
50.9871	25.6501
51.1064	25.6115
51.2265	25.6043
51.3464	25.6670
51.4663	25.6284
51.5859	25.6236
51.7056	25.6646
51.8214	25.6380
51.9413	25.6212
52.0612	25.5826
52.1807	25.6212
52.2971	25.6091
52.4165	25.5874
52.5365	25.6019
52.6562	25.6260
52.7767	25.6453
52.8960	25.6573
53.0161	25.6573
53.1317	25.6839
53.2471	25.6163
53.3634	25.6911
53.4832	25.6429
53.5996	25.6742
53.7188	25.6429
53.8349	25.6043
53.9508	25.5633
54.0669	25.6477
54.1866	25.6212
54.3050	25.6212
54.4246	25.6236
54.5460	25.6670
54.6667	25.6139
54.7852	25.6911
54.9030	25.5970
55.0229	25.6043
55.1425	25.5922
55.2624	25.6525
55.3816	25.5633
55.5022	25.6501
55.6222	25.6718
55.7418	25.6212
55.8611	25.6091
55.9815	25.5802
56.1014	25.5657
56.2175	25.6453
56.3373	25.6573
56.4607	25.5850
56.5808	25.6429
56.7006	25.5271
56.8203	25.6356
56.9404	25.6332
57.0607	25.6766
57.1800	25.6404
57.2997	25.6646
57.4210	25.6766
57.5431	25.6115
57.6595	25.6043
57.7790	25.6332
57.8992	25.5946
58.0310	25.6694
58.1457	25.5777
58.2621	25.6380
58.3815	25.6332
58.5016	25.6477
58.6134	25.6380
58.7224	25.6814
58.8370	25.6115
58.9567	25.6284
59.0763	25.6646
59.1960	25.6549
59.3118	25.6670
59.4304	25.5994
59.5476	25.6501
59.6640	25.6573
59.7833	25.6212
59.8988	25.6284
60.0110	25.6380
60.1277	25.6260
60.2461	25.6236
60.3581	25.6597
60.4699	25.6646
60.5865	25.6380
60.7058	25.6091
60.8222	25.6429
60.9420	25.6549
61.0534	25.6260
61.1650	25.6597
61.2800	25.5994
61.3928	25.6766
61.5078	25.6477
61.6175	25.6356
61.7306	25.6380
61.8436	25.6477
61.9540	25.6356
62.0680	25.6260
62.1839	25.6621
62.2980	25.6477
62.4105	25.6404
62.5269	25.6429
62.6414	25.6356
62.7550	25.6067
62.8677	25.6308
62.9861	25.6380
63.1018	25.6332
63.2174	25.6380
63.3293	25.6718
63.4452	25.6284
63.5608	25.6212
63.6768	25.6187
63.7930	25.6236
63.9088	25.6284
64.0243	25.6453
64.1406	25.6308
64.2561	25.6429
64.3681	25.6549
64.4824	25.6670
64.5960	25.6380
64.7118	25.6236
64.8273	25.6453
64.9441	25.6742
65.0563	25.6742
65.1712	25.6742
65.2953	25.6380
65.4336	25.6404
65.5570	25.7007
65.6663	25.6935
65.7786	25.6694
65.8904	25.6380
66.0023	25.6380
66.1142	25.6212
66.2261	25.6597
66.3380	25.6742
66.4494	25.6356
66.5613	25.6573
66.6734	25.6236
66.7851	25.6863
66.8961	25.5970
67.0052	25.6139
67.1175	25.6670
67.2300	25.6332
67.3439	25.6573
67.4571	25.6308
67.5730	25.6453
67.6881	25.6501
67.8044	25.6115
67.9207	25.6597
68.0401	25.6790
68.1566	25.6863
68.2705	25.6356
68.3843	25.7104
68.5046	25.6573
68.6285	25.6718
68.7519	25.6284
68.8690	25.6067
68.9859	25.6863
69.1024	25.6549
69.2175	25.6332
69.3376	25.6163
69.4621	25.6718
69.5772	25.6597
69.6879	25.6573
69.7988	25.6308
69.9155	25.6356
70.0329	25.6525
70.1499	25.6814
70.2831	25.6525
70.4023	25.6549
70.5427	25.6573
70.6603	25.6308
70.7859	25.7056
70.9017	25.6718
71.0158	25.6356
71.1303	25.6380
71.2436	25.6429
71.3599	25.6790
71.4755	25.6766
71.5910	25.6573
71.7068	25.6549
71.8230	25.6742
71.9390	25.6621
72.0540	25.6766
72.1674	25.6501
72.2862	25.6621
72.4023	25.6404
72.5201	25.6911
72.6396	25.6646
72.7596	25.6839
72.8792	25.6597
72.9988	25.6573
73.1183	25.6284
73.2350	25.6839
73.3531	25.6453
73.4692	25.6694
73.5859	25.6477
73.7058	25.7056
73.8249	25.6983
73.9440	25.6525
74.0614	25.7031
74.1818	25.6911
74.3015	25.6380
74.4210	25.6742
74.5393	25.6573
74.6541	25.6501
74.7730	25.6308
74.8931	25.6597
75.0126	25.6718
75.1317	25.6621
75.2469	25.6935
75.3580	25.6067
75.4715	25.6163
75.5879	25.6525
75.7074	25.6790
75.8235	25.6429
75.9389	25.7152
76.0519	25.6694
76.1667	25.6573
76.2965	25.6525
76.4182	25.6718
76.5573	25.6597
76.6661	25.6501
76.7786	25.6525
76.8902	25.6525
77.0021	25.6501
77.1141	25.6621
77.2260	25.6477
77.3378	25.6549
77.4494	25.6597
77.5612	25.7249
77.6730	25.6187
77.7848	25.6573
77.8961	25.6814
78.0104	25.6670
78.1231	25.6959
78.2347	25.6549
78.3438	25.6477
78.4570	25.6694
78.5730	25.6621
78.6888	25.6404
78.7993	25.6959
78.9123	25.6236
79.0280	25.6983
79.1408	25.6380
79.2599	25.7007
79.3756	25.6429
79.4905	25.6863
79.6042	25.6814
79.7165	25.5970
79.8295	25.6573
79.9461	25.6501
80.0613	25.6814
80.1751	25.6597
80.2858	25.7104
80.3995	25.6814
80.5124	25.6959
80.6312	25.6983
80.7463	25.6742
80.8609	25.7031
80.9814	25.6694
81.1024	25.7031
81.2217	25.7007
81.3422	25.7031
81.4587	25.6983
81.5732	25.6959
81.6940	25.6742
81.8127	25.6718
81.9376	25.6646
82.0562	25.7273
82.1768	25.7080
82.2965	25.6404
82.4324	25.7128
82.5526	25.6694
82.6702	25.6549
82.7900	25.7031
82.9101	25.6501
83.0332	25.7080
83.1534	25.6742
83.2760	25.6742
83.3890	25.6477
83.5123	25.6718
83.6328	25.6718
83.7467	25.6742
83.8611	25.6549
83.9770	25.6549
84.0894	25.6646
84.2056	25.6549
84.3199	25.6790
84.4423	25.6597
84.5563	25.6911
84.6730	25.6549
84.7895	25.7080
84.9057	25.6573
85.0209	25.6766
85.1324	25.6477
85.2447	25.6597
85.3603	25.6718
85.4769	25.6959
85.5925	25.6501
85.7094	25.6863
85.8266	25.6911
85.9504	25.6597
86.0641	25.6549
86.1799	25.6212
86.3230	25.6549
86.4330	25.7369
86.5425	25.6742
86.6565	25.6019
86.7772	25.6983
86.8993	25.7080
87.0136	25.6380
87.1311	25.7080
87.2473	25.6356
87.3623	25.6863
87.4777	25.6863
87.5918	25.6742
87.7071	25.6790
87.8231	25.7056
87.9459	25.6236
88.0861	25.6091
88.2026	25.6718
88.3121	25.6597
88.4237	25.6115
88.5357	25.6163
88.6462	25.6380
88.7559	25.6525
88.8661	25.6019
88.9746	25.5970
89.0870	25.6621
89.1988	25.6646
89.3105	25.6549
89.4224	25.6380
89.5366	25.5994
89.6450	25.6453
89.7537	25.7007
89.8673	25.6694
89.9819	25.6549
90.0973	25.6115
90.2152	25.6091
90.3355	25.6453
90.4510	25.6115
90.5727	25.6091
90.6920	25.6284
90.8125	25.6019
90.9332	25.6429
91.0426	25.6525
91.1526	25.6091
91.2670	25.5898
91.3865	25.6790
91.5047	25.6501
91.6136	25.6453
91.7306	25.6187
91.8508	25.6332
91.9764	25.6525
92.0963	25.6621
92.2166	25.6477
92.3363	25.6163
92.4602	25.6453
92.5811	25.6019
92.7017	25.6212
92.8231	25.6356
92.9449	25.6187
93.0662	25.6332
93.1864	25.6043
93.3063	25.6646
93.4262	25.6694
93.5460	25.6308
93.6657	25.6718
93.7856	25.6308
93.9099	25.6115
94.0306	25.6019
94.1533	25.6163
94.2757	25.6597
94.3907	25.5946
94.5027	25.6766
94.6153	25.6621
94.7321	25.6429
94.8516	25.6139
94.9721	25.6236
95.0916	25.6043
95.2112	25.5946
95.3284	25.6573
95.4484	25.6091
95.5643	25.6597
95.6838	25.6236
95.8036	25.5705
95.9197	25.6308
96.0349	25.6139
96.1529	25.6019
96.2702	25.6067
96.3902	25.6019
96.5111	25.5898
96.6343	25.5994
96.7538	25.6067
96.8737	25.5946
96.9938	25.6043
97.1131	25.6091
97.2291	25.5994
97.3430	25.6453
97.4599	25.6332
97.5799	25.5946
97.6987	25.5705
97.8155	25.6212
97.9345	25.5416
98.0499	25.5536
98.1673	25.5464
98.2867	25.5585
98.4072	25.6549
98.5264	25.6067
98.6430	25.6477
98.7555	25.5536
98.8707	25.6163
98.9947	25.6139
99.1142	25.5729
99.2333	25.6091
99.3476	25.6236
99.4654	25.6115
99.5831	25.6236
99.6998	25.5946
99.8151	25.6212
99.9312	25.6115
100.0464	25.5826
100.1570	25.6453
100.2704	25.6187
100.3820	25.5850
100.4942	25.6380
100.6059	25.6043
100.7222	25.6091
100.8338	25.6260
100.9499	25.6067
101.0663	25.5609
101.1822	25.5826
101.3002	25.6308
101.4142	25.6019
101.5343	25.5777
101.6539	25.5802
101.7694	25.6212
101.8848	25.6308
101.9994	25.6887
102.1118	25.6091
102.2262	25.5826
102.3413	25.5802
102.4657	25.6404
102.5853	25.5826
102.7045	25.6067
102.8243	25.5585
102.9425	25.5440
103.0580	25.6163
103.1698	25.5512
103.2815	25.5802
103.3983	25.5802
103.5130	25.6019
103.6257	25.5681
103.7430	25.5078
103.8527	25.5777
103.9679	25.5970
104.0812	25.6501
104.1969	25.6019
104.3071	25.5874
104.4209	25.5657
104.5316	25.5946
104.6426	25.6139
104.7549	25.5994
104.8666	25.5826
104.9786	25.5922
105.0873	25.5681
105.1997	25.6380
105.3083	25.5777
105.4206	25.5777
105.5336	25.5633
105.6469	25.5006
105.7640	25.5585
105.8769	25.5343
105.9909	25.6115
106.1040	25.5802
106.2149	25.5946
106.3271	25.6019
106.4387	25.5874
106.5505	25.5560
106.6633	25.5874
106.7782	25.5681
106.8912	25.5585
107.0083	25.5657
107.1221	25.5343
107.2349	25.5922
107.3494	25.5536
107.4613	25.5392
107.5732	25.5874
107.6849	25.5633
107.7969	25.5585
107.9087	25.5777
108.0218	25.5512
108.1374	25.5898
108.2522	25.5560
108.3640	25.6043
108.4760	25.5850
108.5878	25.5777
108.6998	25.5488
108.8126	25.5850
108.9302	25.6043
109.0474	25.5777
109.1596	25.5609
109.2732	25.5560
109.3918	25.5440
109.5047	25.5994
109.6251	25.6163
109.7432	25.5295
109.8603	25.5416
109.9799	25.6187
110.1001	25.5392
110.2174	25.5319
110.3352	25.5898
110.4542	25.5922
110.5739	25.5343
110.6938	25.5440
110.8142	25.5560
110.9342	25.5464
111.0542	25.5512
111.1736	25.5175
111.2975	25.5536
111.4168	25.6067
111.5278	25.5777
111.6402	25.5753
111.7549	25.5705
111.8682	25.5753
111.9783	25.5440
112.0907	25.5560
112.2023	25.5488
112.3141	25.5512
112.4262	25.5609
112.5379	25.5681
112.6497	25.5440
112.7615	25.5874
112.8733	25.5295
112.9866	25.5151
113.0977	25.5488
113.2086	25.5826
113.3208	25.5319
113.4340	25.5633
113.5525	25.5874
113.6644	25.5560
113.7763	25.5729
113.8881	25.5151
114.0000	25.5271
114.1118	25.5440
114.2236	25.5464
114.3367	25.5560
114.4469	25.5536
114.5575	25.5488
114.6750	25.5199
114.7886	25.5175
114.8983	25.5416
115.0106	25.5850
115.1225	25.5536
115.2354	25.5223
115.3450	25.5343
115.4563	25.5657
115.5686	25.5850
115.6814	25.5633
115.7970	25.5729
115.9132	25.5126
116.0284	25.5271
116.1445	25.5319
116.2605	25.5271
116.3762	25.5681
116.4930	25.5922
116.6118	25.5464
116.7279	25.5271
116.8439	25.5030
116.9596	25.5223
117.0753	25.6019
117.1913	25.5271
117.3072	25.5488
117.4231	25.5343
117.5423	25.5512
117.6537	25.5343
117.7654	25.5512
117.8772	25.5609
117.9901	25.5175
118.1009	25.5657
118.2139	25.5440
118.3241	25.5343
118.4364	25.5464
118.5483	25.5729
118.6601	25.5777
118.7719	25.4934
118.8839	25.5609
118.9956	25.5368
119.1078	25.5705
119.2193	25.5585
119.3311	25.5512
119.4432	25.5802
119.5550	25.5440
119.6669	25.5609
119.7787	25.5753
119.8905	25.5729
120.0023	25.5343
120.1141	25.5777
120.2260	25.5609
120.3380	25.5199
120.4497	25.5512
120.5616	25.5319
120.6734	25.5126
120.7853	25.5464
120.8973	25.5030
121.0090	25.6019
121.1209	25.5657
121.2326	25.5319
121.3445	25.5319
121.4563	25.5536
121.5682	25.5705
121.6801	25.5874
121.7920	25.5657
121.9037	25.5151
122.0157	25.5633
122.1276	25.5440
122.2393	25.5464
122.3506	25.5705
122.4596	25.5536
122.5720	25.5560
122.6838	25.5392
122.7957	25.5368
122.9076	25.5295
123.0193	25.4909
123.1311	25.5392
123.2431	25.5488
123.3562	25.5440
123.4707	25.5753
123.5828	25.5368
123.6955	25.5271
123.8115	25.5343
123.9262	25.5970
124.0380	25.5609
124.1499	25.5151
124.2617	25.5512
124.3734	25.5416
124.4853	25.5343
124.5981	25.5392
124.7150	25.5343
124.8303	25.5295
124.9425	25.5440
125.0542	25.5319
125.1629	25.5271
125.2742	25.5416
125.3860	25.5199
125.4992	25.5440
125.6136	25.5343
125.7254	25.4885
125.8378	25.5271
125.9510	25.5609
126.0661	25.5368
126.1807	25.5440
126.2926	25.5705
126.4046	25.5560
126.5163	25.5368
126.6284	25.5319
126.7400	25.5416
126.8520	25.4958
126.9639	25.5223
127.0758	25.5319
127.1875	25.4934
127.2993	25.5199
127.4112	25.5078
127.5230	25.5609
127.6362	25.5440
127.7525	25.5126
127.8696	25.5657
127.9795	25.5175
128.0958	25.5078
128.2123	25.5440
128.3366	25.4837
128.4589	25.5054
128.5738	25.5030
128.6860	25.5368
128.7975	25.5078
128.9095	25.4982
129.0211	25.5054
129.1331	25.5223
129.2450	25.5319
129.3584	25.5271
129.4768	25.4885
129.5925	25.5054
129.7043	25.5295
129.8173	25.5151
129.9329	25.4813
130.0433	25.5078
130.1525	25.5175
130.2658	25.5729
130.3789	25.4813
130.4868	25.5247
130.5991	25.5657
130.7109	25.4837
130.8227	25.5464
130.9346	25.5368
131.0465	25.4765
131.1584	25.5247
131.2701	25.5199
131.3822	25.5295
131.4939	25.4813
131.6059	25.5319
131.7176	25.5030
131.8295	25.5247
131.9418	25.5247
132.0533	25.5295
132.1650	25.5247
132.2768	25.5151
132.3889	25.5175
132.5006	25.5054
132.6124	25.5343
132.7242	25.5657
132.8360	25.5175
132.9480	25.5560
133.0597	25.5102
133.1717	25.5006
133.2836	25.5223
133.3954	25.5657
133.5074	25.5753
133.6190	25.5440
133.7311	25.4958
133.8429	25.5151
133.9546	25.5271
134.0664	25.5126
134.1783	25.5054
134.2902	25.5295
134.4020	25.5343
134.5140	25.5392
134.6257	25.5416
134.7375	25.5151
134.8494	25.4765
134.9613	25.5199
135.0733	25.5512
135.1849	25.4668
135.2926	25.5199
135.4047	25.5199
135.5166	25.5295
135.6284	25.5343
135.7404	25.5247
135.8520	25.4717
135.9640	25.5102
136.0759	25.5343
136.1877	25.4741
136.2995	25.4861
136.4113	25.4861
136.5231	25.5368
136.6351	25.5247
136.7470	25.4909
136.8586	25.5175
136.9706	25.4982
137.0824	25.5199
137.1943	25.5126
137.3061	25.4331
137.4181	25.5126
137.5299	25.5319
137.6416	25.5271
137.7535	25.5175
137.8653	25.5151
137.9772	25.4982
138.0859	25.4837
138.1978	25.5126
138.3127	25.4813
138.4247	25.4982
138.5364	25.5199
138.6483	25.5536
138.7603	25.4596
138.8720	25.5151
138.9840	25.5102
139.0956	25.4451
139.2076	25.5536
139.3194	25.5126
139.4329	25.5006
139.5471	25.4958
139.6591	25.5126
139.7708	25.5536
139.8826	25.5488
139.9950	25.5054
140.1063	25.4668
140.2183	25.5368
140.3302	25.4909
140.4420	25.4427
140.5538	25.5199
140.6656	25.5295
140.7774	25.5054
140.8894	25.4982
141.0011	25.5295
141.1130	25.5223
141.2251	25.4596
141.3367	25.5151
141.4495	25.4861
141.5604	25.5368
141.6723	25.4789
141.7841	25.5054
141.8938	25.5488
142.0058	25.4813
142.1195	25.4885
142.2335	25.5271
142.3467	25.5247
142.4606	25.4861
142.5708	25.5078
142.6816	25.5416
142.7893	25.4765
142.9000	25.4741
143.0186	25.4789
143.1316	25.5271
143.2412	25.5271
143.3525	25.5271
143.4667	25.5368
143.5847	25.5223
143.6975	25.5295
143.8119	25.4982
143.9235	25.5368
144.0353	25.5102
144.1471	25.5536
144.2593	25.4958
144.3709	25.5006
144.4842	25.5078
144.5986	25.5368
144.7104	25.5151
144.8222	25.4909
144.9351	25.5151
145.0482	25.4885
145.1608	25.5126
145.2725	25.4982
145.3873	25.5609
145.5015	25.5006
145.6191	25.4837
145.7310	25.5705
145.8427	25.5560
145.9569	25.5054
146.0754	25.4813
146.1913	25.5199
146.3071	25.5392
146.4210	25.5126
146.5415	25.5006
146.6609	25.5199
146.7799	25.5223
146.8954	25.5102
147.0101	25.5199
147.1230	25.5343
147.2390	25.5368
147.3549	25.5078
147.4695	25.5343
147.5794	25.4475
147.6925	25.5175
147.8035	25.4717
147.9173	25.5054
148.0364	25.5054
148.1470	25.4765
148.2562	25.4668
148.3743	25.4789
148.4953	25.5030
148.6144	25.5343
148.7314	25.4934
148.8512	25.5271
148.9708	25.4789
149.0911	25.4909
149.2083	25.4692
149.3201	25.4741
149.4319	25.5006
149.5437	25.4789
149.6558	25.5223
149.7676	25.5006
149.8793	25.5151
149.9913	25.4909
150.1031	25.5199
150.2149	25.5102
150.3274	25.5271
150.4386	25.5006
150.5504	25.4861
150.6623	25.5054
150.7744	25.5006
150.8859	25.5319
150.9978	25.4524
151.1098	25.5151
151.2214	25.5175
151.3333	25.4909
151.4463	25.4909
151.5613	25.5199
151.6729	25.4909
151.7859	25.4813
151.8978	25.5006
152.0124	25.4861
152.1257	25.5030
152.2463	25.5536
152.3600	25.5054
152.4687	25.5151
152.5847	25.5343
152.7023	25.4934
152.8221	25.4958
152.9421	25.4861
153.0618	25.5585
153.1782	25.5223
153.2978	25.5223
153.4177	25.5102
153.5376	25.5223
153.6575	25.5295
153.7767	25.5078
153.8961	25.4934
154.0168	25.4909
154.1327	25.4885
154.2513	25.4909
154.3660	25.4982
154.4797	25.5368
154.5958	25.4741
154.7157	25.5247
154.8358	25.4982
154.9505	25.4934
155.0650	25.5006
155.1770	25.5585
155.2902	25.4885
155.4059	25.5078
155.5206	25.4885
155.6323	25.4982
155.7465	25.5126
155.8640	25.4668
155.9762	25.5223
156.0879	25.4982
156.1996	25.4403
156.3114	25.5392
156.4233	25.4837
156.5352	25.5054
156.6471	25.5247
156.7590	25.4692
156.8708	25.5126
156.9826	25.5271
157.0953	25.4982
157.2066	25.5102
157.3181	25.4885
157.4300	25.4982
157.5427	25.4644
157.6548	25.5102
157.7634	25.5126
157.8757	25.5102
157.9876	25.5343
158.0995	25.5560
158.2115	25.4765
158.3271	25.4958
158.4390	25.4982
158.5510	25.5030
158.6626	25.5199
158.7745	25.4451
158.8863	25.5054
158.9983	25.5512
159.1101	25.4837
159.2236	25.5006
159.3377	25.4644
159.4514	25.4837
159.5685	25.5488
159.6813	25.4548
159.7931	25.4813
159.9051	25.5102
160.0168	25.4813
160.1286	25.4765
160.2420	25.5054
160.3566	25.5102
160.4684	25.4958
160.5800	25.5392
160.6920	25.5126
160.8062	25.4885
160.9248	25.5102
161.0369	25.4982
161.1473	25.4717
161.2589	25.4668
161.3711	25.4644
161.4812	25.5199
161.5992	25.4837
161.7148	25.4620
161.8315	25.4500
161.9464	25.5078
162.0591	25.5030
162.1709	25.5512
162.2819	25.4717
162.3950	25.5560
162.5096	25.5054
162.6214	25.5295
162.7333	25.5560
162.8451	25.5054
162.9579	25.4982
163.0696	25.4717
163.1813	25.5151
163.2926	25.5223
163.4046	25.5247
163.5161	25.5078
163.6281	25.5199
163.7400	25.4934
163.8516	25.5319
163.9638	25.5102
164.0755	25.5392
164.1877	25.5102
164.2991	25.5199
164.4136	25.5006
164.5361	25.5343
164.6462	25.5536
164.7582	25.4885
164.8725	25.5102
164.9865	25.4765
165.0987	25.5247
165.2104	25.4620
165.3221	25.5416
165.4358	25.4620
165.5528	25.5271
165.6758	25.4789
165.7952	25.4885
165.9113	25.5199
166.0300	25.4934
166.1467	25.4837
166.2610	25.5295
166.3727	25.5271
166.4846	25.4885
166.5968	25.5102
166.7083	25.5102
166.8201	25.4982
166.9333	25.5609
167.0480	25.5922
167.1598	25.5946
167.2743	25.5585
167.3975	25.5560
167.5218	25.5753
167.6374	25.5416
167.7582	25.5223
167.8811	25.4765
168.0011	25.5585
168.1193	25.5343
168.2316	25.4475
168.3471	25.5368
168.4621	25.5151
168.5739	25.5102
168.6871	25.4934
168.7971	25.5368
168.9050	25.4958
169.0172	25.5488
169.1290	25.5247
169.2419	25.5802
169.3522	25.4861
169.4645	25.4717
169.5765	25.5223
169.6883	25.5295
169.8005	25.5440
169.9121	25.5488
170.0239	25.5343
170.1359	25.5392
170.2475	25.5247
170.3594	25.5368
170.4713	25.5295
170.5834	25.5440
170.6951	25.5633
170.8070	25.5247
170.9186	25.5102
171.0307	25.5343
171.1424	25.5392
171.2543	25.5729
171.3661	25.5223
171.4781	25.5271
171.5900	25.5271
171.7016	25.5416
171.8135	25.5271
171.9253	25.5271
172.0373	25.5392
172.1491	25.5343
172.2608	25.5609
172.3726	25.5247
172.4845	25.5609
172.5964	25.5440
172.7083	25.5151
172.8201	25.5295
172.9320	25.5464
173.0439	25.5175
173.1557	25.5319
173.2675	25.5223
173.3794	25.5440
173.4912	25.5368
173.6031	25.5271
173.7149	25.5560
173.8268	25.5030
173.9386	25.5681
174.0506	25.5223
174.1625	25.5850
174.2742	25.5681
174.3861	25.5392
174.4978	25.5271
174.6098	25.5368
174.7216	25.5681
174.8336	25.4861
174.9453	25.5199
175.0572	25.5609
175.1691	25.4692
175.2811	25.5126
175.3927	25.5319
175.5048	25.5392
175.6163	25.4958
175.7282	25.5343
175.8402	25.5295
175.9519	25.5488
176.0640	25.5850
176.1757	25.5705
176.2876	25.5175
176.3993	25.5199
176.5112	25.5488
176.6232	25.5343
176.7350	25.5151
176.8468	25.4958
176.9586	25.5729
177.0705	25.5392
177.1822	25.5102
177.2943	25.5560
177.4054	25.5199
177.5206	25.5054
177.6361	25.5271
177.7524	25.5247
177.8672	25.5102
177.9845	25.5440
178.0992	25.5102
178.2158	25.5078
178.3313	25.5392
178.4476	25.5175
178.5621	25.5271
178.6754	25.5560
178.7954	25.5416
178.9095	25.5488
179.0227	25.5416
179.1421	25.5126
179.2586	25.5271
179.3779	25.5560
179.4934	25.5560
179.6086	25.5030
179.7218	25.5295
179.8305	25.5247
179.9472	25.5126
180.0592	25.5006
180.1707	25.5102
180.2824	25.5223
180.3943	25.5102
180.5062	25.5488
180.6194	25.4909
180.7355	25.5609
180.8498	25.5416
180.9619	25.5223
181.0729	25.5199
181.1852	25.4909
181.2970	25.5175
181.4057	25.5247
181.5166	25.5319
181.6286	25.4765
181.7410	25.5102
181.8539	25.5319
181.9683	25.5247
182.0815	25.5271
182.1914	25.5078
182.3037	25.5319
182.4155	25.5392
182.5278	25.5006
182.6393	25.5343
182.7511	25.5488
182.8630	25.5633
182.9747	25.4524
183.0869	25.5392
183.1989	25.5006
183.3108	25.5560
183.4222	25.5223
183.5341	25.4958
183.6460	25.5078
183.7581	25.5343
183.8696	25.5030
183.9814	25.5199
184.0933	25.4885
184.2050	25.4717
184.3171	25.5440
184.4289	25.5319
184.5407	25.5078
184.6527	25.5392
184.7644	25.5343
184.8763	25.5488
184.9895	25.5151
185.1004	25.5271
185.2126	25.5030
185.3268	25.5199
185.4444	25.5705
185.5575	25.4982
185.6679	25.5416
185.7770	25.5247
185.8888	25.5368
186.0027	25.5440
186.1140	25.5319
186.2295	25.4620
186.3447	25.5054
186.4585	25.5175
186.5748	25.5006
186.6937	25.5126
186.8143	25.5030
186.9304	25.5368
187.0478	25.5368
187.1597	25.5030
187.2729	25.5175
187.3873	25.5319
187.5009	25.5175
187.6162	25.5247
187.7269	25.5006
187.8387	25.4475
187.9519	25.5368
188.0625	25.5392
188.1743	25.4451
188.2861	25.5512
188.3981	25.5271
188.5098	25.5512
188.6216	25.5199
188.7336	25.5536
188.8454	25.5536
188.9573	25.5271
189.0692	25.5295
189.1811	25.5392
189.2928	25.5295
189.4048	25.5126
189.5167	25.5440
189.6290	25.5440
189.7378	25.5175
189.8470	25.5151
189.9592	25.4909
190.0709	25.5271
190.1794	25.5392
190.2913	25.4789
190.3998	25.5223
190.5080	25.5102
190.6199	25.5343
190.7290	25.5247
190.8380	25.5271
190.9458	25.5368
191.0545	25.5199
191.1636	25.5151
191.2715	25.5777
191.3793	25.5488
191.4872	25.5488
191.5950	25.5319
191.7030	25.5802
191.8108	25.5585
191.9232	25.5030
192.0363	25.5440
192.1489	25.5440
192.2639	25.5078
192.3787	25.5102
192.4904	25.5416
192.5994	25.5729
192.7161	25.5102
192.8318	25.5223
192.9480	25.5078
193.0681	25.5006
193.1880	25.5078
193.3078	25.5247
193.4254	25.5343
193.5389	25.5030
193.6569	25.5416
193.7687	25.5151
193.8805	25.5343
193.9922	25.5560
194.1047	25.5295
194.2157	25.4813
194.3243	25.5295
194.4410	25.5271
194.5556	25.5054
194.6675	25.5271
194.7793	25.5416
194.8912	25.5030
195.0029	25.4934
195.1149	25.5247
195.2268	25.5199
195.3355	25.5295
195.4446	25.5488
195.5570	25.5705
195.6705	25.4958
195.7861	25.5440
195.8984	25.5898
196.0179	25.5343
196.1291	25.5054
196.2460	25.5898
196.3638	25.5512
196.4757	25.5319
196.5875	25.5874
196.6993	25.5175
196.8068	25.5054
196.9190	25.5560
197.0311	25.4789
197.1428	25.5030
197.2559	25.5609
197.3659	25.5126
197.4784	25.5030
197.5905	25.5054
197.7020	25.5585
197.8105	25.5319
197.9226	25.5488
198.0382	25.5416
198.1510	25.5343
198.2621	25.5151
198.3772	25.5223
198.4903	25.5247
198.6060	25.5729
198.7248	25.5054
198.8378	25.5681
198.9548	25.5585
199.0743	25.5078
199.1940	25.5440
199.3142	25.5464
199.4336	25.5030
199.5486	25.5343
199.6633	25.5512
199.7770	25.5416
199.8922	25.4692
200.0069	25.5826
200.1168	25.5753
200.2306	25.5295
200.3425	25.5681
200.4558	25.5488
200.5717	25.5199
200.6862	25.5199
200.7973	25.5175
200.9115	25.5126
201.0275	25.5609
201.1396	25.5295
201.2567	25.5343
201.3736	25.5006
201.4867	25.5368
201.6003	25.5343
201.7178	25.5633
201.8296	25.5368
201.9425	25.5247
202.0571	25.5319
202.1691	25.5319
202.2807	25.5175
202.3926	25.5006
202.5042	25.5199
202.6138	25.4644
202.7256	25.5078
202.8387	25.5295
202.9541	25.4982
203.0710	25.5054
203.1886	25.5536
203.3002	25.5343
203.4146	25.5102
203.5345	25.5175
203.6540	25.5271
203.7733	25.5271
203.8905	25.5319
204.0141	25.4934
204.1339	25.4958
204.2583	25.5488
204.3815	25.4909
204.5011	25.4909
204.6213	25.5343
204.7445	25.4789
204.8644	25.4644
204.9842	25.5319
205.1083	25.5464
205.2277	25.5078
205.3478	25.5175
205.4672	25.5126
205.5853	25.4837
205.6994	25.5006
205.8186	25.5368
205.9391	25.5223
206.0580	25.5126
206.1785	25.5223
206.2983	25.5368
206.4142	25.5392
206.5345	25.4789
206.6542	25.4958
206.7745	25.5247
206.8979	25.5729
207.0176	25.5078
207.1377	25.5175
207.2578	25.5271
207.3770	25.5126
207.4971	25.5319
207.6169	25.4765
207.7364	25.4717
207.8562	25.5223
207.9761	25.4885
208.1001	25.5319
208.2180	25.5271
208.3316	25.5488
208.4516	25.5199
208.5710	25.5392
208.6901	25.4934
208.8075	25.5126
208.9268	25.5223
209.0464	25.5512
209.1664	25.5054
209.2826	25.4885
209.4022	25.5464
209.5217	25.4885
209.6421	25.5440
209.7615	25.5078
209.8810	25.5078
209.9977	25.5368
210.1170	25.5102
210.2362	25.5343
210.3529	25.5175
210.4727	25.5078
210.5923	25.5078
210.7130	25.5006
210.8320	25.5705
210.9480	25.5392
211.0679	25.4283
211.1884	25.5295
211.3068	25.5681
211.4213	25.4789
211.5345	25.4958
211.6460	25.5319
211.7623	25.5151
211.8768	25.5006
211.9887	25.4934
212.1025	25.5464
212.2225	25.5126
212.3402	25.5102
212.4533	25.5247
212.5666	25.5054
212.6861	25.4885
212.8042	25.5030
212.9180	25.5102
213.0378	25.5151
213.1577	25.5536
213.2756	25.5295
213.3869	25.5006
213.4999	25.5319
213.6170	25.5247
213.7367	25.4909
213.8546	25.5078
213.9720	25.5102
214.0918	25.5319
214.2120	25.5102
214.3315	25.5247
214.4478	25.5223
214.5676	25.5078
214.6875	25.5151
214.8077	25.5175
214.9273	25.4982
215.0457	25.5368
215.1626	25.5102
215.2819	25.4861
215.4026	25.5271
215.5223	25.5151
215.6415	25.5295
215.7603	25.5054
215.8715	25.5126
215.9832	25.5102
216.0952	25.5392
216.2072	25.5102
216.3191	25.5343
216.4302	25.5512
216.5383	25.5102
216.6474	25.5440
216.7552	25.5102
216.8676	25.4765
216.9794	25.4958
217.0912	25.5078
217.2031	25.5223
217.3162	25.5343
217.4308	25.5512
217.5427	25.4982
217.6545	25.4692
217.7662	25.5175
217.8789	25.5030
217.9912	25.4934
218.1026	25.4717
218.2186	25.5368
218.3348	25.4958
218.4546	25.5368
218.5702	25.5247
218.6865	25.5199
218.8062	25.5247
218.9232	25.5151
219.0378	25.5151
219.1547	25.5295
219.2692	25.4958
219.3858	25.4789
219.5009	25.5319
219.6230	25.5560
219.7402	25.4813
219.8520	25.5151
219.9666	25.5102
220.0846	25.5102
220.2046	25.5102
220.3165	25.5271
220.4280	25.4909
220.5423	25.5488
220.6511	25.5343
220.7602	25.5030
220.8681	25.5585
220.9790	25.5006
221.0921	25.4934
221.2038	25.5175
221.3158	25.5175
221.4278	25.4934
221.5402	25.5271
221.6485	25.5030
221.7608	25.4885
221.8727	25.5151
221.9845	25.4885
222.0963	25.5319
222.2085	25.5006
222.3200	25.5247
222.4319	25.5416
222.5439	25.4909
222.6587	25.4620
222.7712	25.4813
222.8831	25.5054
222.9948	25.5199
223.1070	25.5151
223.2185	25.5078
223.3290	25.5078
223.4380	25.4789
223.5505	25.5319
223.6623	25.5102
223.7742	25.4813
223.8858	25.5078
223.9951	25.5392
224.1047	25.5054
224.2148	25.5078
224.3255	25.5030
224.4347	25.4861
224.5464	25.5271
224.6615	25.5175
224.7733	25.5199
224.8866	25.5151
225.0013	25.5247
225.1142	25.5199
225.2305	25.5392
225.3478	25.5126
225.4677	25.5777
225.5870	25.4934
225.7043	25.4934
225.8279	25.5006
225.9475	25.5319
226.0669	25.4982
226.1869	25.5199
226.3098	25.5319
226.4306	25.5271
226.5500	25.4909
226.6697	25.5512
226.7896	25.5078
226.9094	25.5102
227.0283	25.5416
227.1438	25.5054
227.2550	25.4861
227.3670	25.5416
227.4789	25.4524
227.5907	25.5054
227.7026	25.5102
227.8143	25.5054
227.9264	25.5054
228.0381	25.5464
228.1513	25.5175
228.2618	25.4958
228.3741	25.4909
228.4854	25.5295
228.6000	25.5223
228.7211	25.5102
228.8353	25.5223
228.9552	25.5102
229.0747	25.5392
229.1954	25.5126
229.3152	25.5126
229.4323	25.5175
229.5454	25.5271
229.6604	25.4692
229.7744	25.5271
229.8938	25.5175
230.0096	25.4741
230.1301	25.5126
230.2487	25.5392
230.3581	25.4982
230.4701	25.4765
230.5775	25.5560
230.6856	25.5199
230.7994	25.5223
230.9135	25.5512
231.0256	25.5343
231.1413	25.4934
231.2530	25.5295
231.3649	25.4909
231.4738	25.5175
231.5819	25.4909
231.6942	25.4741
231.8063	25.4837
231.9194	25.5175
232.0292	25.5440
232.1372	25.5440
232.2495	25.5343
232.3612	25.5223
232.4732	25.5488
232.5850	25.5223
232.6968	25.5175
232.8087	25.5102
232.9205	25.4909
233.0323	25.5343
233.1442	25.5199
233.2570	25.5078
233.3675	25.5295
233.4800	25.5102
233.5937	25.5392
233.7071	25.4837
233.8194	25.5512
233.9313	25.5078
234.0430	25.5247
234.1549	25.5368
234.2668	25.4982
234.3786	25.5898
234.4904	25.5175
234.6022	25.5295
234.7150	25.5295
234.8313	25.5102
234.9461	25.5343
235.0578	25.5368
235.1705	25.5295
235.2837	25.4861
235.3928	25.5440
235.5074	25.4765
235.6258	25.5102
235.7408	25.5030
235.8543	25.5368
235.9705	25.4885
236.0904	25.5368
236.2101	25.5006
236.3302	25.5295
236.4502	25.5126
236.5699	25.5126
236.6903	25.5126
236.8135	25.5175
236.9298	25.4861
237.0492	25.5343
237.1685	25.5199
237.2782	25.5681
237.3906	25.4934
237.5029	25.5223
237.6136	25.5271
237.7261	25.4789
237.8380	25.4717
237.9498	25.4837
238.0615	25.5416
238.1735	25.4861
238.2853	25.5151
238.3972	25.4934
238.5090	25.4958
238.6210	25.5030
238.7333	25.4982
238.8456	25.5102
238.9593	25.5102
239.0682	25.5440
239.1760	25.5585
239.2852	25.5175
239.3962	25.5102
239.5087	25.5416
239.6194	25.4909
239.7272	25.4789
239.8365	25.6187
239.9522	25.5392
240.0675	25.5175
240.1802	25.5343
240.2941	25.5319
240.4099	25.5006
240.5269	25.4813
240.6387	25.4620
240.7505	25.5319
240.8622	25.5512
240.9740	25.5343
241.0860	25.5657
241.1978	25.5560
241.3098	25.5319
241.4216	25.5175
241.5333	25.5030
241.6452	25.5464
241.7571	25.5319
241.8689	25.5319
241.9821	25.5368
242.0921	25.5102
242.2047	25.5392
242.3163	25.4861
242.4284	25.5199
242.5412	25.5006
242.6559	25.4982
242.7677	25.5078
242.8798	25.5223
242.9922	25.5030
243.1073	25.5247
243.2192	25.5536
243.3309	25.5199
243.4428	25.5247
243.5519	25.5247
243.6612	25.5102
243.7703	25.5416
243.8875	25.5319
244.0063	25.5343
244.1239	25.5560
244.2433	25.5223
244.3634	25.4958
244.4806	25.5223
244.5925	25.5729
244.7046	25.5151
244.8178	25.5826
244.9344	25.5295
245.0571	25.4958
245.1700	25.5223
245.2900	25.5392
245.4115	25.5078
245.5295	25.5247
245.6470	25.4475
245.7671	25.5030
245.8904	25.5343
246.0087	25.4572
246.1193	25.5440
246.2272	25.5343
246.3395	25.5223
246.4513	25.5006
246.5635	25.5102
246.6750	25.5368
246.7875	25.5368
246.8997	25.5368
247.0122	25.5295
247.1264	25.5223
247.2396	25.5078
247.3556	25.5536
247.4700	25.5368
247.5818	25.4934
247.6938	25.5392
247.8040	25.5512
247.9190	25.5295
248.0310	25.4885
248.1429	25.5368
248.2565	25.5440
248.3704	25.5271
248.4846	25.5102
248.6030	25.4982
248.7135	25.5392
248.8258	25.5343
248.9388	25.5223
249.0567	25.5343
249.1793	25.5295
249.2993	25.5175
249.4192	25.5175
249.5431	25.5247
249.6630	25.5368
249.7826	25.5151
249.9025	25.5199
250.0230	25.5078
250.1466	25.5560
250.2660	25.5223
250.3859	25.5006
250.5033	25.5295
250.6236	25.5850
250.7430	25.4668
250.8627	25.4644
250.9789	25.5343
251.0987	25.4644
251.2186	25.5343
251.3388	25.5777
251.4577	25.4934
251.5780	25.5512
251.6941	25.5416
251.8142	25.5416
251.9336	25.5657
252.0568	25.5175
252.1763	25.5223
252.2928	25.5054
252.4129	25.5319
252.5325	25.5343
252.6486	25.4717
252.7683	25.4620
252.8866	25.4596
253.0035	25.5295
253.1201	25.5126
253.2402	25.5512
253.3597	25.5392
253.4796	25.5440
253.5993	25.5295
253.7192	25.5560
253.8392	25.5922
253.9482	25.5102
254.0605	25.5343
254.1724	25.5078
254.2855	25.5175
254.4002	25.5633
254.5120	25.5729
254.6239	25.5054
254.7358	25.5536
254.8474	25.5295
254.9593	25.5319
255.0711	25.5657
255.1832	25.4934
255.2936	25.5440
255.4055	25.5151
255.5155	25.5416
255.6320	25.5705
255.7475	25.5319
255.8621	25.5175
255.9740	25.5175
256.0859	25.5368
256.1977	25.5223
256.3095	25.5199
256.4239	25.5199
256.5412	25.5416
256.6506	25.5705
256.7596	25.5030
256.8720	25.5078
256.9846	25.5368
257.0965	25.5416
257.2129	25.5223
257.3273	25.4789
257.4392	25.4982
257.5530	25.4741
257.6712	25.5440
257.7850	25.5319
257.9054	25.5078
258.0283	25.5343
258.1420	25.5440
258.2540	25.5006
258.3677	25.5295
258.4824	25.5392
258.5950	25.5464
258.7096	25.5247
258.8213	25.4475
258.9332	25.5175
259.0450	25.5295
259.1570	25.5464
259.2690	25.5368
259.3807	25.5343
259.4981	25.5175
259.6121	25.5609
259.7254	25.5199
259.8429	25.5826
259.9665	25.5368
260.0836	25.5440
260.1967	25.4596
260.3148	25.5247
260.4373	25.5078
260.5551	25.5175
260.6671	25.5681
260.7800	25.5343
260.8914	25.5440
261.0064	25.4885
261.1182	25.4813
261.2286	25.5175
261.3482	25.5247
261.4661	25.5223
261.5776	25.5392
261.6895	25.5199
261.8012	25.5343
261.9117	25.5175
262.0344	25.5223
262.1525	25.4837
262.2678	25.5536
262.3909	25.5247
262.5075	25.5368
262.6191	25.5609
262.7369	25.5151
262.8488	25.5247
262.9606	25.5343
263.0725	25.5295
263.1860	25.4909
263.2962	25.5368
263.4100	25.5512
263.5280	25.5054
263.6392	25.5126
263.7485	25.5271
263.8617	25.5078
263.9815	25.5368
264.1002	25.4982
264.2118	25.5199
264.3238	25.5343
264.4405	25.4765
264.5554	25.4909
264.6728	25.5464
264.7966	25.5247
264.9140	25.5223
265.0258	25.4572
265.1387	25.5126
265.2563	25.5078
265.3744	25.5609
265.4910	25.5126
265.6104	25.5536
265.7232	25.5054
265.8408	25.5247
265.9552	25.5126
266.0705	25.5175
266.1903	25.5054
266.3102	25.5223
266.4300	25.5078
266.5500	25.5368
266.6698	25.5271
266.7936	25.5175
266.9132	25.5295
267.0332	25.5295
267.1532	25.5247
267.2731	25.5102
267.3925	25.5054
267.5128	25.4861
267.6286	25.5078
267.7491	25.5126
267.8683	25.4934
267.9880	25.5247
268.1070	25.5199
268.2238	25.5488
268.3435	25.5343
268.4632	25.4958
268.5781	25.5175
268.6945	25.5560
268.8142	25.5102
268.9308	25.5151
269.0509	25.5416
269.1703	25.5512
269.2905	25.5464
269.4105	25.5151
269.5296	25.5151
269.6449	25.5319
269.7611	25.5199
269.8767	25.5175
269.9923	25.5343
270.1132	25.5078
270.2323	25.5560
270.3486	25.5536
270.4639	25.5440
270.5807	25.5199
270.7006	25.4958
270.8205	25.5343
270.9395	25.5078
271.0599	25.5681
271.1790	25.5223
271.2949	25.4861
271.4105	25.5946
271.5270	25.5295
271.6474	25.5319
271.7662	25.5416
271.8829	25.5560
272.0024	25.5271
272.1224	25.5271
272.2375	25.5343
272.3530	25.5343
272.4680	25.5368
272.5810	25.5006
272.6957	25.5560
272.8075	25.5681
272.9193	25.5488
273.0311	25.5151
273.1430	25.5368
273.2550	25.5633
273.3668	25.5199
273.4805	25.5054
273.5965	25.5368
273.7154	25.5223
273.8281	25.5271
273.9376	25.5392
274.0555	25.5126
274.1792	25.5247
274.2981	25.5151
274.4146	25.5368
274.5346	25.5826
274.6548	25.5295
274.7742	25.5440
274.8978	25.5343
275.0117	25.5609
275.1243	25.5295
275.2394	25.5054
275.3511	25.5705
275.4631	25.5006
275.5751	25.5006
275.6879	25.5102
275.8026	25.5464
275.9156	25.5102
276.0267	25.5416
276.1391	25.5512
276.2511	25.5874
276.3633	25.5319
276.4800	25.5175
276.6005	25.5560
276.7242	25.5319
276.8477	25.4813
276.9674	25.5030
277.0832	25.5199
277.2031	25.5078
277.3255	25.5319
277.4427	25.5681
277.5619	25.5343
277.6789	25.4620
277.7985	25.5416
277.9181	25.5271
278.0379	25.5271
278.1565	25.5560
278.2684	25.5295
278.3787	25.5874
278.4865	25.5343
278.6012	25.5392
278.7197	25.5295
278.8370	25.5488
278.9547	25.5657
279.0662	25.5271
279.1805	25.5102
279.3002	25.5078
279.4202	25.4789
279.5404	25.5440
279.6584	25.5560
279.7695	25.5368
279.8811	25.4861
279.9944	25.5536
280.1110	25.5464
280.2298	25.5151
280.3470	25.5536
280.4669	25.5488
280.5845	25.5319
280.7023	25.5223
280.8228	25.4934
280.9448	25.5199
281.0654	25.5126
281.1855	25.5392
281.2999	25.5247
281.4237	25.5343
281.5435	25.5271
281.6642	25.5392
281.7833	25.5247
281.9030	25.5271
282.0273	25.5512
282.1477	25.5295
282.2633	25.5295
282.3755	25.5151
282.4840	25.5199
282.5962	25.5295
282.7083	25.5319
282.8202	25.5223
282.9318	25.5295
283.0438	25.4837
283.1549	25.5126
283.2667	25.5464
283.3785	25.4934
283.4904	25.5175
283.6021	25.5488
283.7153	25.5440
283.8270	25.5922
283.9392	25.5343
284.0620	25.5271
284.1779	25.5126
284.2867	25.5512
284.3979	25.5078
284.5091	25.5247
284.6223	25.5247
284.7366	25.5223
284.8504	25.5392
284.9603	25.5585
285.0724	25.5368
285.1854	25.5247
285.2978	25.5416
285.4130	25.5585
285.5293	25.5102
285.6450	25.5247
285.7606	25.5006
285.8773	25.5030
285.9924	25.5368
286.1072	25.5295
286.2228	25.5416
286.3403	25.5319
286.4574	25.5054
286.5735	25.5729
286.6893	25.5247
286.8059	25.5681
286.9209	25.5729
287.0373	25.5295
287.1527	25.5078
287.2691	25.5343
287.3857	25.5802
287.5019	25.5247
287.6218	25.5536
287.7417	25.5705
287.8610	25.5488
287.9819	25.5464
288.1059	25.5464
288.2245	25.5850
288.3409	25.5512
288.4607	25.5729
288.5810	25.5729
288.7005	25.5175
288.8206	25.6091
288.9393	25.5102
289.0601	25.5705
289.1804	25.5609
289.2997	25.5006
289.4197	25.5440
289.5396	25.5199
289.6592	25.5850
289.7789	25.5151
289.8986	25.5271
290.0178	25.5681
290.1344	25.5777
290.2544	25.5488
290.3734	25.5175
290.4940	25.5368
290.6140	25.5078
290.7328	25.5585
290.8535	25.5319
290.9727	25.5392
291.0928	25.5271
291.2122	25.5368
291.3337	25.5657
291.4537	25.5416
291.5773	25.5536
291.6974	25.5368
291.8173	25.5512
291.9368	25.4982
292.0565	25.5078
292.1763	25.5199
292.2954	25.5295
292.4124	25.5657
292.5320	25.5488
292.6516	25.5368
292.7719	25.5464
292.8914	25.5464
293.0112	25.5488
293.1311	25.5271
293.2508	25.5488
293.3668	25.5440
293.4867	25.5609
293.6062	25.5175
293.7261	25.5488
293.8465	25.5970
293.9619	25.5343
294.0753	25.5536
294.1897	25.5585
294.3058	25.5319
294.4219	25.5970
294.5413	25.5560
294.6610	25.5392
294.7811	25.5609
294.9008	25.5512
295.0206	25.5054
295.1364	25.5416
295.2562	25.5464
295.3764	25.5343
295.4960	25.5681
295.6118	25.5151
295.7318	25.5464
295.8514	25.5512
295.9714	25.5609
296.0908	25.6019
296.2093	25.5392
296.3279	25.5512
296.4427	25.4934
296.5538	25.5633
296.6662	25.5223
296.7827	25.5802
296.8979	25.5054
297.0141	25.5657
297.1296	25.5488
297.2450	25.5368
297.3616	25.5416
297.4764	25.5970
297.5930	25.5560
297.7096	25.4789
297.8295	25.5585
297.9450	25.5392
298.0608	25.5440
298.1769	25.5512
298.2895	25.4885
298.4040	25.5199
298.5178	25.6091
298.6274	25.4934
298.7400	25.5295
298.8572	25.5416
298.9774	25.5392
299.0972	25.5464
299.2176	25.5271
299.3424	25.5175
299.4647	25.5102
299.5843	25.6091
299.7045	25.5729
299.8242	25.5585
299.9449	25.5151
