0.0000	24.1333
0.1197	23.9614
0.2357	24.0508
0.3535	23.9545
0.4715	23.9751
0.5935	24.0783
0.7116	24.0851
0.8314	24.0576
0.9468	24.0783
1.0674	23.9682
1.1823	24.0783
1.2947	24.1745
1.4107	24.0370
1.5347	24.1333
1.6540	23.9820
1.7711	24.0851
1.8928	24.0920
2.0132	24.0920
2.1273	23.9270
2.2453	23.9614
2.3608	23.9339
2.4764	24.1402
2.5956	24.0370
2.7122	24.0920
2.8297	24.0370
2.9494	24.0439
3.0696	23.8995
3.1892	23.9201
3.3080	24.0783
3.4324	23.9820
3.5526	24.0714
3.6685	24.0370
3.7851	24.0645
3.9035	24.2021
4.0241	23.9889
4.1447	24.0714
4.2608	23.9270
4.3766	24.0920
4.4933	24.0026
4.6109	24.0714
4.7298	24.1058
4.8479	23.9958
4.9677	23.9064
5.0891	23.9545
5.2044	24.0370
5.3200	24.1539
5.4383	24.2089
5.5547	24.0576
5.6735	23.9064
5.7912	23.9407
5.9082	24.1058
6.0264	24.0301
6.1431	23.9476
6.2619	24.1195
6.3809	24.0714
6.4991	23.8789
6.6199	24.0645
6.7423	24.0233
6.8628	24.1677
6.9819	24.0714
7.1004	23.9889
7.2214	24.0439
7.3380	24.0576
7.4581	23.9751
7.5767	24.0783
7.6917	24.1195
7.8112	24.0026
7.9286	24.0851
8.0488	23.9889
8.1639	24.0095
8.2798	24.1608
8.3966	23.9614
8.5165	23.9339
8.6346	24.0851
8.7553	24.0989
8.8753	23.9201
8.9923	23.9476
9.1103	24.0370
9.2264	23.9270
9.3460	24.0301
9.4647	23.9682
9.5893	23.9270
9.7113	23.9682
9.8333	23.9614
9.9495	24.0370
10.0653	23.9889
10.1797	23.9545
10.2983	23.9064
10.4154	23.9682
10.5337	23.9820
10.6486	23.8857
10.7668	24.0989
10.8816	24.0301
10.9995	24.1745
11.1178	24.1126
11.2368	23.9132
11.3561	24.0026
11.4746	24.0645
11.5925	23.9682
11.7107	23.9820
11.8289	24.0233
11.9433	24.0026
12.0657	24.0233
12.1845	23.9751
12.3016	23.9476
12.4198	24.0026
12.5379	23.9958
12.6556	24.0714
12.7735	24.0095
12.8885	23.9889
13.0091	23.9545
13.1304	23.9476
13.2474	24.0783
13.3627	24.0026
13.4870	23.9682
13.6028	24.0439
13.7209	23.9339
13.8423	23.9201
13.9622	23.9889
14.0791	24.0576
14.1994	23.9270
14.3175	23.9407
14.4338	24.0439
14.5515	23.9614
14.6665	23.9889
14.7814	23.9545
14.8978	23.9476
15.0152	24.0989
15.1316	23.8995
15.2490	24.0370
15.3685	23.9407
15.4858	23.9201
15.6033	24.0233
15.7206	24.0301
15.8383	24.0095
15.9553	23.9201
16.0712	23.9339
16.1903	24.0576
16.3082	24.0508
16.4309	23.9958
16.5521	23.8789
16.6730	23.8239
16.7899	24.0301
16.9057	24.0508
17.0215	23.7070
17.1394	23.8033
17.2551	23.9820
17.3765	24.0164
17.4977	23.9614
17.6129	24.0233
17.7301	24.0714
17.8469	23.9958
17.9632	24.1058
18.0811	24.0233
18.1975	23.9889
18.3168	23.9958
18.4308	24.0783
18.5469	24.0164
18.6632	23.9682
18.7830	24.0576
18.8984	23.9958
19.0161	24.0714
19.1354	24.0783
19.2535	24.0851
19.3724	24.0576
19.4894	24.1195
19.6044	23.9132
19.7228	23.9751
19.8442	24.0989
19.9628	23.9751
20.0777	23.9407
20.1973	24.0645
20.3202	24.0645
20.4387	23.9614
20.5534	23.8789
20.6708	24.1952
20.7871	24.0026
20.9037	24.0026
21.0204	23.9545
21.1400	23.9958
21.2564	23.9545
21.3758	24.0233
21.4932	24.1195
21.6090	23.9820
21.7285	24.2364
21.8478	23.9614
21.9651	24.0026
22.0798	24.1608
22.1951	24.1126
22.3114	23.9820
22.4257	23.9889
22.5449	23.9751
22.6613	24.1470
22.7807	24.1333
22.8989	24.0233
23.0174	24.1058
23.1351	24.0233
23.2518	24.0301
23.3733	24.0164
23.4937	24.1470
23.6093	23.8308
23.7256	24.0233
23.8430	24.2089
23.9592	24.0783
24.0743	23.9751
24.1937	24.0026
24.3090	24.0645
24.4239	23.9614
24.5383	23.9407
24.6529	23.8239
24.7710	23.9751
24.8913	23.9201
25.0089	23.9614
25.1293	23.9682
25.2475	23.9751
25.3631	23.9339
25.4896	24.0989
25.6121	23.9820
25.7299	23.9820
25.8479	24.0439
25.9675	24.1264
26.0971	23.9889
26.2129	23.9682
26.3300	24.0783
26.4461	24.0645
26.5632	23.9476
26.6797	24.0439
26.7973	24.0439
26.9151	23.9339
27.0308	24.1539
27.1471	24.0645
27.2654	23.7689
27.3853	23.9820
27.5006	24.0370
27.6169	24.0851
27.7341	24.0301
27.8521	24.1126
27.9692	24.0370
28.0876	23.9751
28.2031	24.1333
28.3215	23.9407
28.4383	24.0783
28.5548	23.9751
28.6720	24.0508
28.7918	24.1333
28.9096	24.2708
29.0274	23.9889
29.1433	23.9545
29.2582	23.8308
29.3802	24.0783
29.4979	24.0576
29.6143	24.1126
29.7339	24.0095
29.8556	23.9751
29.9708	24.1264
30.0861	23.9064
30.2054	24.0301
30.3237	23.8308
30.4404	24.1333
30.5612	24.0714
30.6799	23.9751
30.8005	23.9889
30.9169	24.0370
31.0326	24.1952
31.1469	23.9545
31.2612	24.0714
31.3821	24.2846
31.5017	23.9339
31.6216	24.1539
31.7375	23.9201
31.8558	24.0233
31.9718	24.0783
32.0875	23.9958
32.2036	23.9476
32.3158	23.9270
32.4336	23.9407
32.5474	23.9064
32.6597	23.9476
32.7730	23.8170
32.8906	24.0095
33.0026	23.9407
33.1153	23.7620
33.2289	24.0301
33.3417	24.0645
33.4521	23.9132
33.5644	24.1195
33.6749	23.8101
33.7888	24.0851
33.8990	23.9407
34.0132	23.9614
34.1237	24.0714
34.2330	24.0026
34.3460	23.9064
34.4625	24.1058
34.5815	24.0439
34.6973	23.9958
34.8130	24.0026
34.9285	23.9889
35.0437	23.9889
35.1588	24.1745
35.2745	24.0851
35.3906	24.0439
35.5110	24.0370
35.6256	23.8720
35.7433	24.0233
35.8635	24.0026
35.9814	24.1195
36.0978	24.0370
36.2167	24.0233
36.3332	24.1814
36.4481	23.9339
36.5628	24.0026
36.6798	24.0851
36.7950	23.9614
36.9134	24.0576
37.0333	24.0576
37.1488	24.0370
37.2636	24.1126
37.3841	24.0301
37.5018	24.1333
37.6194	24.2021
37.7342	23.9820
37.8503	23.9476
37.9666	24.1058
38.0837	23.9339
38.2012	23.9064
38.3210	24.0783
38.4354	23.9614
38.5512	24.1539
38.6672	24.0576
38.7849	23.9614
38.9024	24.0026
39.0201	24.1333
39.1359	24.0714
39.2530	23.7483
39.3701	24.0508
39.4879	23.8857
39.6055	23.8445
39.7223	24.0026
39.8435	23.9545
39.9594	23.9958
40.0755	24.0783
40.1918	23.9958
40.3094	23.9889
40.4258	23.9545
40.5405	24.0783
40.6632	24.0370
40.7802	24.0783
40.8973	24.1058
41.0134	23.9064
41.1324	24.0301
41.2504	23.9820
41.3684	23.8445
41.4866	24.1745
41.6052	24.0508
41.7248	23.9132
41.8429	24.1608
41.9595	24.0026
42.0806	24.0508
42.1995	23.9682
42.3168	24.0508
42.4319	24.1608
42.5531	24.0439
42.6674	24.0301
42.7848	24.0095
42.9004	24.0301
43.0168	23.8926
43.1348	24.1470
43.2542	24.1195
43.3724	24.0645
43.4917	24.0714
43.6124	24.0783
43.7311	24.0508
43.8473	24.0164
43.9643	24.0301
44.0836	24.0301
44.2021	23.9751
44.3171	24.0164
44.4386	24.2846
44.5553	24.0233
44.6708	23.9889
44.7870	23.9064
44.9056	24.1677
45.0255	23.9614
45.1426	24.0714
45.2588	24.0508
45.3758	24.0920
45.4961	23.9545
45.6172	23.9545
45.7328	24.1195
45.8533	24.0095
45.9732	23.9064
46.0911	24.0301
46.2113	24.1745
46.3266	23.9751
46.4432	23.9958
46.5618	24.1952
46.6776	24.2158
46.7940	24.0164
46.9103	24.0714
47.0263	24.0508
47.1458	24.0164
47.2629	23.9682
47.3804	24.0164
47.4970	24.0576
47.6159	24.0508
47.7316	24.0095
47.8531	24.0370
47.9713	24.0370
48.0886	23.9339
48.2082	24.1333
48.3286	23.8789
48.4468	23.9270
48.5625	24.0989
48.6834	23.8926
48.8038	24.0301
48.9192	23.9889
49.0348	24.0026
49.1540	23.9889
49.2729	24.0645
49.3911	23.9889
49.5081	24.0233
49.6254	24.0508
49.7427	24.0783
49.8584	24.0439
49.9823	24.0164
50.0983	23.9751
50.2139	24.0164
50.3323	24.0233
50.4511	24.0439
50.5677	24.0851
50.6834	24.0989
50.8029	24.0301
50.9219	24.0576
51.0398	23.9751
51.1622	24.0851
51.2817	23.9132
51.4032	23.9201
51.5205	23.9958
51.6369	24.1264
51.7546	24.1058
51.8725	24.0645
51.9934	24.0026
52.1141	24.0301
52.2296	24.0508
52.3474	23.9958
52.4692	24.0783
52.5860	23.9820
52.7025	24.0370
52.8191	24.0783
52.9334	24.0714
53.0548	23.9614
53.1718	24.0714
53.2875	24.0851
53.4054	24.0233
53.5241	23.9820
53.6427	24.0714
53.7590	24.1126
53.8732	24.0370
53.9910	24.1608
54.1094	24.0164
54.2255	24.0714
54.3466	24.0645
54.4633	23.9820
54.5821	24.0233
54.6982	24.1195
54.8120	23.9820
54.9337	24.0370
55.0505	23.9751
55.1678	24.0164
55.2840	24.0714
55.3988	24.0920
55.5139	23.9270
55.6295	24.0783
55.7487	24.0164
55.8652	23.9820
55.9848	24.0164
56.1031	23.9751
56.2193	23.9889
56.3345	24.0508
56.4529	24.0164
56.5684	24.0714
56.6828	24.2089
56.8005	24.0095
56.9217	24.0301
57.0391	24.0714
57.1577	23.8995
57.2747	24.0370
57.3912	24.1470
57.5119	24.0164
57.6308	24.0576
57.7467	23.9270
57.8674	24.2227
57.9855	24.0301
58.1015	24.1058
58.2190	24.1952
58.3376	23.9545
58.4559	24.1608
58.5749	24.0301
58.6911	24.1264
58.8082	24.1883
58.9303	24.2021
59.0468	23.8857
59.1664	24.0439
59.2904	24.1333
59.4088	23.9270
59.5243	23.9407
59.6440	23.9614
59.7620	24.2502
59.8815	24.2364
60.0005	24.0370
60.1206	24.0233
60.2387	24.0920
60.3542	24.0439
60.4707	24.0851
60.5877	24.2296
60.7051	23.9820
60.8273	23.9614
60.9466	23.9132
61.0628	24.0645
61.1795	24.0783
61.3001	24.0370
61.4233	24.1470
61.5453	24.0576
61.6652	24.0439
61.7824	24.0233
61.9070	24.2089
62.0256	24.1677
62.1461	24.0095
62.2619	24.0439
62.3772	23.8651
62.4956	24.0439
62.6174	24.1677
62.7325	24.0439
62.8523	24.0508
62.9696	24.0920
63.0866	24.1058
63.2038	23.9201
63.3196	24.1126
63.4360	24.0714
63.5529	24.0920
63.6711	24.0508
63.7862	23.9545
63.9030	24.0989
64.0191	24.0370
64.1360	23.9889
64.2541	24.0783
64.3707	24.2227
64.4890	23.9339
64.6033	24.1402
64.7204	23.9614
64.8370	24.0301
64.9532	23.9132
65.0707	24.0301
65.1871	24.0164
65.3014	24.0989
65.4200	24.0851
65.5430	23.9614
65.6584	23.9132
65.7744	24.0920
65.8929	23.9751
66.0163	24.0851
66.1332	23.8995
66.2514	23.8514
66.3699	23.9820
66.4858	24.1333
66.6024	24.1195
66.7198	24.1058
66.8379	23.9958
66.9548	23.9751
67.0690	24.0439
67.1861	24.0301
67.3037	24.1883
67.4204	24.0851
67.5373	24.1126
67.6537	24.0576
67.7717	24.1195
67.8878	24.0439
68.0034	24.0233
68.1202	24.0233
68.2394	24.1126
68.3548	24.1883
68.4743	24.1333
68.5932	23.9339
68.7166	24.1195
68.8311	24.1264
68.9466	23.9751
69.0624	24.0095
69.1769	24.1264
69.2955	24.0920
69.4153	23.9889
69.5358	23.9958
69.6550	24.0301
69.7789	24.0439
69.8969	24.1126
70.0135	24.0301
70.1287	23.9682
70.2460	24.0783
70.3662	24.0233
70.4833	24.0508
70.6013	24.0714
70.7185	24.1952
70.8342	24.0095
70.9502	24.0095
71.0662	23.9476
71.1804	24.0026
71.2965	23.9889
71.4134	23.9407
71.5288	24.0301
71.6468	24.1608
71.7655	23.9682
71.8864	24.3190
72.0039	24.0851
72.1216	24.0233
72.2372	24.0783
72.3548	24.0920
72.4742	24.0714
72.5934	24.0920
72.7142	24.1126
72.8337	24.1058
72.9546	23.9682
73.0756	24.1745
73.1920	24.1952
73.3086	23.9476
73.4282	24.0301
73.5478	24.0645
73.6718	23.9682
73.7883	24.0714
73.9041	23.9751
74.0202	24.0508
74.1374	24.0164
74.2553	24.0233
74.3739	24.0164
74.4969	24.0439
74.6146	24.0783
74.7316	23.9751
74.8493	23.9889
74.9721	24.0920
75.0920	24.1333
75.2101	23.8720
75.3292	24.0439
75.4438	24.0783
75.5597	23.9407
75.6748	24.1677
75.7914	24.1058
75.9116	24.1883
76.0296	24.0920
76.1486	23.9682
76.2643	24.0370
76.3759	23.8376
76.4924	24.0645
76.6059	24.0233
76.7261	23.9889
76.8421	24.0645
76.9650	24.0233
77.0831	24.0508
77.2032	24.0301
77.3189	24.0576
77.4387	24.0920
77.5582	24.0645
77.6781	24.1402
77.7968	23.9889
77.9168	24.0233
78.0338	24.0233
78.1492	24.1126
78.2741	24.0645
78.3923	23.9820
78.5127	24.0920
78.6334	24.1058
78.7507	24.0714
78.8741	23.9751
78.9928	24.1195
79.1102	24.1539
79.2252	24.0851
79.3473	24.1058
79.4636	23.9820
79.5783	24.1402
79.6941	24.0645
79.8124	24.1058
79.9284	24.0851
80.0460	24.0920
80.1657	23.9407
80.2859	24.1264
80.4063	24.1470
80.5288	24.1677
80.6503	24.0370
80.7664	24.0095
80.8830	23.9958
81.0006	24.0095
81.1215	24.0164
81.2391	24.0714
81.3583	24.0439
81.4790	24.1608
81.5948	24.0370
81.7156	23.9407
81.8302	24.0439
81.9528	23.9614
82.0711	24.0026
82.1886	24.0026
82.3115	24.1608
82.4308	24.2296
82.5468	24.0164
82.6640	23.9339
82.7825	24.0164
82.9003	24.0783
83.0161	24.0301
83.1325	24.1264
83.2505	24.1058
83.3660	24.1952
83.4837	24.1264
83.6017	24.0026
83.7209	24.0301
83.8422	24.0508
83.9591	24.2502
84.0772	24.0370
84.1970	23.8720
84.3158	24.0301
84.4338	24.1264
84.5541	24.0508
84.6708	23.9476
84.7892	24.0920
84.9078	24.0508
85.0301	24.2158
85.1466	24.0645
85.2657	24.0301
85.3969	24.1745
85.5254	24.0233
85.6445	24.1814
85.7655	24.1745
85.8821	24.1058
86.0077	23.9958
86.1283	24.1470
86.2458	24.0851
86.3623	24.1402
86.4791	24.1745
86.5989	24.1745
86.7162	24.0301
86.8356	24.1402
86.9522	24.2021
87.0684	23.9820
87.1852	24.0645
87.3047	24.1402
87.4236	24.0714
87.5468	24.1539
87.6647	24.0645
87.7798	23.9889
87.8956	24.1470
88.0162	23.9270
88.1399	24.0920
88.2577	24.0645
88.3801	24.0439
88.4952	24.0233
88.6139	24.0164
88.7330	24.1264
88.8518	23.9339
88.9700	24.0714
89.0883	24.1402
89.2051	24.0714
89.3242	24.0026
89.4444	24.0645
89.5623	24.0026
89.6788	24.0233
89.8007	24.0851
89.9228	24.0714
90.0451	24.0095
90.1657	24.0783
90.2901	24.1126
90.4136	24.0576
90.5352	24.1264
90.6532	24.0508
90.7720	24.0370
90.8939	24.2158
91.0128	24.0851
91.1329	24.0301
91.2531	24.1470
91.3759	24.1058
91.4914	24.0714
91.6105	24.2433
91.7293	24.0508
91.8507	24.1470
91.9646	24.1608
92.0851	24.1126
92.2041	24.1195
92.3220	24.0095
92.4404	24.1608
92.5618	24.0164
92.6793	24.0301
92.8017	23.9958
92.9197	24.0370
93.0363	23.9339
93.1550	24.1883
93.2710	24.0851
93.3881	24.1539
93.5058	24.1745
93.6264	24.0164
93.7428	24.0714
93.8660	24.0989
93.9826	23.9889
94.1035	24.0851
94.2199	24.0233
94.3365	24.0851
94.4567	23.9132
94.5754	24.0164
94.6926	24.1058
94.8133	23.9407
94.9292	23.9889
95.0466	24.1952
95.1607	24.0164
95.2751	24.1264
95.3955	23.9614
95.5137	24.0714
95.6305	24.0920
95.7530	24.0164
95.8688	24.0645
95.9867	24.0370
96.1099	24.0989
96.2271	24.1058
96.3419	24.0439
96.4631	23.9614
96.5804	23.9064
96.6959	23.9958
96.8128	24.0714
96.9285	24.1883
97.0465	24.1608
97.1670	24.0989
97.2805	23.9545
97.3964	24.2021
97.5125	24.0439
97.6329	23.9889
97.7517	24.0233
97.8674	24.0989
97.9842	24.1608
98.1015	24.0851
98.2212	24.1058
98.3380	24.0370
98.4547	24.1402
98.5742	23.9545
98.6930	24.2502
98.8140	24.0508
98.9303	24.1333
99.0481	24.0233
99.1661	24.0301
99.2817	24.2571
99.4005	24.1402
99.5161	23.9820
99.6323	24.1470
99.7524	24.0851
99.8700	24.0233
99.9864	24.0645
100.1006	24.0233
100.2168	24.0508
100.3364	24.1264
100.4537	24.0370
100.5697	24.0989
100.6881	24.0851
100.8044	24.1126
100.9236	24.0714
101.0422	24.0576
101.1585	24.1195
101.2758	24.0301
101.3944	24.1058
101.5138	24.0164
101.6282	24.0233
101.7461	24.1058
101.8618	24.1058
101.9832	24.1539
102.1048	24.1470
102.2240	23.9614
102.3402	23.9751
102.4558	24.1608
102.5762	24.0576
102.6937	24.0851
102.8110	24.0576
102.9287	24.1333
103.0440	23.9682
103.1645	24.0095
103.2787	24.0233
103.3960	24.0301
103.5132	23.9064
103.6283	24.0439
103.7449	23.9682
103.8582	24.1814
103.9738	24.0851
104.0905	24.0233
104.2094	24.0370
104.3283	24.1264
104.4463	24.0989
104.5641	24.0301
104.6887	24.1883
104.8100	23.8789
104.9315	23.9958
105.0521	24.0920
105.1730	24.0783
105.2894	24.0920
105.4100	24.0783
105.5248	24.0783
105.6440	24.0439
105.7617	24.0026
105.8818	24.1264
105.9998	24.0783
106.1153	24.1470
106.2335	24.0439
106.3515	24.1126
106.4697	24.1333
106.5864	24.2021
106.7028	24.1264
106.8215	24.0645
106.9382	24.0576
107.0615	24.1126
107.1793	24.1608
107.2992	24.1608
107.4232	24.0233
107.5448	24.1058
107.6614	24.1745
107.7792	24.0164
107.8954	24.0920
108.0115	24.1677
108.1308	24.0920
108.2480	24.0783
108.3660	24.2777
108.4831	24.0164
108.6047	23.9751
108.7193	24.0989
108.8372	23.9132
108.9520	24.1126
109.0757	24.0164
109.1921	24.2364
109.3094	23.8101
109.4283	23.9064
109.5463	24.0095
109.6615	24.1264
109.7755	24.0301
109.8918	23.9820
110.0120	24.0164
110.1304	24.0920
110.2447	24.1470
110.3614	24.1883
110.4796	23.9545
110.5955	24.2364
110.7117	23.9682
110.8268	24.0783
110.9445	24.0439
111.0623	24.0714
111.1782	24.2433
111.2945	24.0920
111.4124	24.1814
111.5290	24.1195
111.6451	24.2227
111.7657	24.0439
111.8830	24.0851
112.0030	24.2708
112.1213	24.3052
112.2440	24.1402
112.3612	24.1058
112.4815	24.0645
112.5977	23.9820
112.7216	24.1608
112.8386	24.1883
112.9567	23.9958
113.0750	24.0233
113.1911	23.9889
113.3081	24.0851
113.4255	24.0851
113.5425	24.0233
113.6600	24.0851
113.7796	24.2021
113.8947	24.1264
114.0162	24.0026
114.1364	24.1264
114.2540	24.1677
114.3758	24.1883
114.4913	24.2296
114.6098	24.0370
114.7257	24.0989
114.8406	24.0576
114.9581	24.1126
115.0785	24.1402
115.1957	23.9682
115.3104	24.0851
115.4292	24.0439
115.5462	24.0783
115.6647	24.0783
115.7825	24.0370
115.9027	24.0783
116.0183	24.1195
116.1338	24.1608
116.2538	24.1264
116.3735	24.2089
116.4899	24.0989
116.6076	24.1333
116.7253	24.1539
116.8421	24.2708
116.9621	23.9682
117.0780	24.0301
117.1918	23.9545
117.3109	24.1677
117.4318	24.0783
117.5510	24.1264
117.6704	24.0164
117.7874	24.1470
117.9015	24.0851
118.0209	24.1058
118.1384	24.0783
118.2565	24.1333
118.3734	24.1608
118.4939	24.0714
118.6117	24.2021
118.7287	24.0576
118.8464	24.0026
118.9667	24.0439
119.0837	24.0301
119.2000	24.2021
119.3174	24.0714
119.4350	24.1195
119.5500	24.1470
119.6673	23.9682
119.7863	23.9958
119.9067	24.1195
120.0258	24.1608
120.1451	24.0989
120.2604	24.0714
120.3803	24.0920
120.4990	24.1745
120.6205	24.2502
120.7352	24.2777
120.8544	24.0508
120.9730	23.9545
121.0884	23.9889
121.2052	24.1058
121.3233	24.0851
121.4430	24.2021
121.5617	24.4566
121.6816	24.0645
121.8007	23.9958
121.9187	24.1195
122.0350	24.0576
122.1510	24.1470
122.2673	24.0989
122.3857	24.1058
122.5057	24.2296
122.6248	24.1195
122.7440	24.0233
122.8592	24.0439
122.9767	24.0508
123.0918	24.1402
123.2072	24.0920
123.3268	24.1195
123.4466	24.2433
123.5652	24.0164
123.6820	24.1470
123.8010	24.0989
123.9167	24.1539
124.0326	24.1745
124.1516	24.1470
124.2718	24.0026
124.3915	24.1402
124.5107	23.9270
124.6283	24.0714
124.7462	24.1126
124.8654	24.1539
124.9821	24.1539
125.0974	24.0233
125.2131	24.0851
125.3278	24.0989
125.4456	24.2983
125.5611	24.1126
125.6784	24.0783
125.7989	24.0645
125.9174	24.0164
126.0392	24.0920
126.1566	24.0851
126.2768	24.1608
126.3984	24.0714
126.5187	24.1126
126.6368	24.1264
126.7552	24.1539
126.8750	24.1539
126.9937	24.1952
127.1154	24.1126
127.2311	24.0645
127.3474	24.0576
127.4688	24.1264
127.5854	24.1470
127.7034	24.1333
127.8233	24.0576
127.9383	24.1195
128.0541	24.0851
128.1777	24.0508
128.2960	24.1058
128.4153	23.9476
128.5318	24.0851
128.6475	24.0095
128.7663	24.1608
128.8850	24.1883
129.0034	24.0301
129.1250	23.9958
129.2395	24.0645
129.3582	24.1814
129.4844	24.0920
129.6027	24.0301
129.7193	24.0989
129.8378	24.1126
129.9554	24.0989
130.0755	23.9751
130.1924	24.1195
130.3118	24.1195
130.4323	24.0783
130.5517	24.1608
130.6693	24.0645
130.7880	23.9339
130.9068	23.9064
131.0252	24.2846
131.1438	24.1539
131.2614	24.0920
131.3782	24.1333
131.4957	24.0645
131.6162	24.0026
131.7312	24.0508
131.8479	24.0508
131.9712	24.0164
132.0932	24.0026
132.2141	24.4084
132.3314	23.9820
132.4461	24.0370
132.5649	24.1195
132.6823	24.1814
132.7984	23.8857
132.9131	24.0851
133.0327	24.0851
133.1517	24.0508
133.2710	23.9476
133.3892	24.0989
133.5080	24.0714
133.6278	24.0714
133.7461	23.9476
133.8661	24.1264
133.9842	24.1677
134.1007	24.0920
134.2146	24.1608
134.3303	24.0508
134.4446	24.1264
134.5613	24.0989
134.6789	24.2502
134.7936	24.0370
134.9109	24.0783
135.0273	24.0989
135.1449	24.1745
135.2614	24.0920
135.3786	24.1126
135.4967	24.0989
135.6147	24.1952
135.7313	24.1470
135.8508	24.0714
135.9702	24.0508
136.0857	24.1195
136.2024	24.2502
136.3191	24.1195
136.4346	24.0026
136.5510	24.0026
136.6641	24.0714
136.7817	24.2364
136.8976	24.1195
137.0191	24.1608
137.1353	24.0920
137.2511	24.1264
137.3726	24.0783
137.4901	24.3190
137.6114	24.2502
137.7281	24.2158
137.8473	24.1058
137.9632	24.1402
138.0801	24.0920
138.2007	24.1814
138.3168	24.0508
138.4343	24.1333
138.5513	24.1402
138.6677	24.1539
138.7867	24.1264
138.9024	24.0645
139.0185	24.0714
139.1358	24.0783
139.2524	24.1333
139.3689	24.1608
139.4899	24.1126
139.6118	24.0714
139.7341	24.0095
139.8520	24.0645
139.9672	24.1126
140.0861	24.0989
140.2023	24.0439
140.3180	24.0370
140.4354	24.2227
140.5522	24.0714
140.6686	24.1539
140.7856	24.1470
140.8995	24.1608
141.0152	24.0645
141.1300	24.2846
141.2461	24.1883
141.3653	24.1814
141.4839	23.9820
141.6003	24.1058
141.7161	24.1608
141.8314	24.1333
141.9470	24.1333
142.0651	24.2983
142.1817	24.0714
142.3014	24.1195
142.4176	24.2364
142.5319	23.9545
142.6470	24.0233
142.7650	24.1677
142.8862	24.0576
143.0016	24.0851
143.1163	24.2158
143.2341	24.1195
143.3520	24.2502
143.4698	24.2158
143.5857	24.1883
143.7046	24.0989
143.8253	24.0301
143.9434	24.1539
144.0610	24.1952
144.1756	24.0439
144.2911	24.1745
144.4115	24.1402
144.5324	24.1333
144.6479	24.1677
144.7643	24.0851
144.8822	24.1814
144.9999	24.2571
145.1154	24.1677
145.2341	24.1126
145.3503	24.2433
145.4691	24.0645
145.5894	24.1814
145.7076	24.1402
145.8273	24.0989
145.9472	24.1539
146.0653	24.1195
146.1837	24.1195
146.3001	24.0989
146.4152	24.1058
146.5343	24.1745
146.6517	24.0783
146.7693	24.1608
146.8852	24.1952
147.0016	24.0714
147.1177	24.0920
147.2356	24.1608
147.3552	24.1333
147.4807	24.1058
147.6036	24.1745
147.7211	24.1126
147.8404	24.2777
147.9635	24.0576
148.0829	24.0920
148.2012	24.1814
148.3197	24.1952
148.4362	24.1058
148.5514	24.2502
148.6686	24.0645
148.7860	23.9958
148.9037	24.1195
149.0189	24.1402
149.1357	24.2502
149.2664	24.0783
149.3846	24.2158
149.5190	24.2227
149.6334	24.2296
149.7509	24.1058
149.8734	24.1058
150.0008	24.1470
150.1280	24.1264
150.2502	24.0989
150.3780	24.1126
150.4986	24.2571
150.6163	24.1195
150.7372	24.1677
150.8537	24.1608
150.9688	24.1195
151.0827	24.1745
151.2019	24.1402
151.3369	24.0783
151.4626	24.1058
151.5857	24.2089
151.7120	24.2158
151.8416	24.2708
151.9723	24.1470
152.1676	24.1814
152.2976	24.1608
152.4143	24.1814
152.5271	24.0301
152.6405	24.0714
152.7683	24.0508
152.8863	24.1470
153.0130	24.2021
153.1353	24.0851
153.2540	24.1814
153.3760	24.2227
153.4953	24.1883
153.6167	24.1952
153.7364	24.1677
153.8558	24.1402
153.9733	24.1608
154.0962	24.2021
154.2194	24.2021
154.3364	24.2021
154.4592	24.1264
154.5773	24.1539
154.6962	24.1126
154.8163	24.1333
154.9377	24.3259
155.0563	24.1402
155.1747	24.1470
155.2964	24.1608
155.4161	24.1058
155.5367	24.1539
155.6590	24.2640
155.7806	24.1745
155.9043	24.1814
156.0283	24.3259
156.1435	24.2571
156.2610	24.1677
156.3796	24.2296
156.5119	24.1883
156.6347	24.0989
156.7515	24.1539
156.8661	24.0920
156.9765	24.2364
157.0867	24.2089
157.2000	24.0233
157.3092	24.1470
157.4185	24.2021
157.5305	24.2777
157.6461	24.0989
157.7663	24.2502
157.8854	24.1126
158.0067	24.1883
158.1231	24.1608
158.2417	24.2021
158.3590	24.2433
158.4772	24.1195
158.5949	24.2021
158.7149	24.2021
158.8354	24.0851
158.9524	24.1264
159.0691	24.1126
159.1838	24.1539
159.3012	24.2433
159.4197	24.1883
159.5373	24.2571
159.6583	24.1470
159.7759	24.2158
159.8963	24.1883
160.0133	24.2089
160.1333	24.2777
160.2489	24.2227
160.3644	24.2158
160.4852	24.1539
160.6012	24.1883
160.7207	24.1608
160.8382	24.2227
160.9536	24.1883
161.0770	24.4290
161.1907	24.1608
161.3145	24.1333
161.4363	24.2089
161.5601	24.0989
161.6804	24.0989
161.7971	24.1814
161.9148	24.1883
162.0356	24.2158
162.1541	24.1814
162.2742	24.2364
162.3930	24.1883
162.5129	24.2571
162.6312	24.2983
162.7463	24.2433
162.8684	24.2571
162.9850	24.2227
163.1008	24.2708
163.2233	24.2915
163.3415	24.1539
163.4592	24.2571
163.5831	24.1952
163.6996	24.1883
163.8172	24.2640
163.9357	23.9682
164.0537	24.2089
164.1741	24.1883
164.2959	24.3809
164.4147	24.1814
164.5362	24.1814
164.6551	24.1952
164.7749	24.2021
164.8967	24.1608
165.0160	24.1264
165.1324	24.1264
165.2497	24.0714
165.3689	24.2846
165.4901	24.1814
165.6124	24.2364
165.7297	24.1814
165.8523	24.2777
165.9689	24.3396
166.0857	24.2158
166.2008	24.1677
166.3232	24.1677
166.4420	24.2158
166.5617	24.0920
166.6802	24.1814
166.8019	24.2983
166.9205	24.3671
167.0365	24.1883
167.1588	24.2296
167.2811	24.1470
167.3976	24.2296
167.5157	24.3052
167.6325	24.2021
167.7492	24.1814
167.8640	24.3327
167.9810	24.1333
168.0956	24.2983
168.2104	24.0576
168.3286	24.1058
168.4473	24.2502
168.5663	24.2158
168.6846	24.1745
168.8039	24.2364
168.9254	24.0714
169.0416	24.3121
169.1632	24.1539
169.2856	24.2089
169.4046	24.2640
169.5255	24.1058
169.6437	24.0370
169.7606	24.2640
169.8779	24.1333
170.0004	24.1608
170.1161	24.2227
170.2334	24.1745
170.3521	24.2296
170.4692	24.1608
170.5880	24.1264
170.7056	24.1952
170.8253	24.3259
170.9423	24.2983
171.0618	24.0920
171.1776	24.1677
171.2978	24.2777
171.4210	24.2227
171.5400	24.2158
171.6640	24.1470
171.7809	24.2158
171.9002	24.2296
172.0161	24.2227
172.1313	24.1126
172.2487	24.2640
172.3720	24.2433
172.4891	24.2502
172.6111	24.2227
172.7285	24.0920
172.8457	24.2296
172.9604	24.2227
173.0768	24.0164
173.1953	24.0989
173.3147	24.2777
173.4316	24.0026
173.5457	24.3740
173.6647	24.2227
173.7786	24.2708
173.9002	24.3603
174.0184	24.1677
174.1356	24.2021
174.2521	24.3327
174.3691	24.0645
174.4857	24.2915
174.6032	24.3809
174.7257	24.2021
174.8461	24.1745
174.9671	24.2227
175.0836	24.2296
175.1997	24.2502
175.3150	24.1126
175.4346	24.2021
175.5499	24.2777
175.6683	24.0851
175.7849	24.1677
175.9016	24.2708
176.0179	24.0783
176.1355	24.5529
176.2530	24.1745
176.3686	24.3121
176.4852	24.0370
176.6021	24.2915
176.7219	24.2158
176.8408	24.2089
176.9601	24.2227
177.0734	24.1470
177.1957	24.1470
177.3126	24.3190
177.4326	24.1264
177.5480	24.0783
177.6665	24.2296
177.7878	24.2640
177.9053	24.1539
178.0226	24.2021
178.1422	24.2983
178.2608	24.2364
178.3787	24.2227
178.4983	24.2983
178.6157	24.2021
178.7377	24.1608
178.8586	24.3327
178.9762	24.2502
179.0960	24.2227
179.2147	24.1195
179.3333	24.4153
179.4507	24.1195
179.5698	24.0370
179.6938	24.1402
179.8145	24.5047
179.9343	24.2571
180.0556	24.1883
180.1720	24.3190
180.2905	24.1333
180.4066	24.1814
180.5226	24.3190
180.6415	24.2227
180.7660	24.2158
180.8841	24.2227
181.0016	24.0645
181.1166	24.2571
181.2347	24.2433
181.3530	24.2571
181.4701	24.2158
181.5878	24.1470
181.7093	24.2021
181.8286	24.2571
181.9476	24.2227
182.0670	24.2364
182.1823	24.2227
182.2995	24.2021
182.4151	24.3809
182.5323	24.2021
182.6518	24.2571
182.7709	24.1952
182.8888	24.3396
183.0061	24.2089
183.1213	24.3809
183.2406	24.2089
183.3559	24.2571
183.4737	24.2502
183.5937	24.1814
183.7129	24.3946
183.8306	24.3327
183.9469	24.1814
184.0685	24.0576
184.1860	24.2983
184.3044	24.1608
184.4222	24.1814
184.5465	24.2021
184.6620	24.1539
184.7853	24.1745
184.9040	24.2364
185.0223	24.1264
185.1407	24.3740
185.2576	24.3465
185.3740	24.3878
185.4914	24.1883
185.6103	24.1539
185.7315	24.2502
185.8473	24.1402
185.9641	24.2227
186.0838	24.2296
186.1987	24.2846
186.3193	24.2158
186.4346	24.2571
186.5569	24.2021
186.6772	24.1333
186.7953	24.2708
186.9143	24.2433
187.0366	24.2364
187.1564	24.5460
187.2747	24.4566
187.3956	24.2846
187.5155	24.0576
187.6365	24.2021
187.7554	24.1952
187.8720	24.3534
187.9925	24.1745
188.1115	24.1883
188.2310	24.1470
188.3488	24.1745
188.4657	24.3121
188.5883	24.1470
188.7044	24.2433
188.8218	24.4841
188.9387	24.3396
189.0565	24.1952
189.1726	24.1470
189.2908	24.1814
189.4099	24.1677
189.5289	24.2296
189.6464	24.2296
189.7645	24.1264
189.8832	24.0920
190.0015	24.0851
190.1206	24.0920
190.2411	24.1539
190.3634	24.2364
190.4816	24.1952
190.6019	24.1470
190.7184	24.2571
190.8374	24.2089
190.9549	24.1883
191.0722	24.1883
191.1912	24.1402
191.3088	24.1814
191.4306	24.1814
191.5459	24.2158
191.6627	24.1470
191.7780	24.2983
191.8966	24.2089
192.0134	24.1195
192.1311	24.2089
192.2520	23.9545
192.3681	24.1814
192.4855	24.2433
192.6048	24.2915
192.7220	24.1745
192.8416	24.2708
192.9607	24.0645
193.0784	24.3465
193.1946	24.1608
193.3115	24.1883
193.4270	24.2571
193.5422	24.2571
193.6598	24.0920
193.7760	24.2640
193.8935	24.1126
194.0109	24.3809
194.1314	24.1814
194.2502	24.4015
194.3679	24.1539
194.4848	24.3465
194.6020	24.1677
194.7184	24.1195
194.8364	24.1470
194.9576	24.2021
195.0730	24.1952
195.1874	24.1608
195.3053	24.3327
195.4204	24.1745
195.5413	24.2915
195.6571	24.1470
195.7723	24.1470
195.8883	24.2502
196.0069	24.1470
196.1210	24.1058
196.2387	24.2089
196.3550	24.1402
196.4728	24.3603
196.5887	24.2089
196.7105	24.0576
196.8283	24.4772
196.9495	24.2158
197.0639	24.1745
197.1872	24.2296
197.3057	24.1745
197.4229	24.1883
197.5423	24.1470
197.6617	24.1745
197.7796	24.1883
197.8971	24.2502
198.0162	24.4703
198.1322	24.1814
198.2505	24.2502
198.3684	24.2296
198.4829	24.3603
198.5987	24.4084
198.7166	24.1333
198.8311	24.1745
198.9458	23.9614
199.0631	24.1677
199.1811	24.2021
199.2970	24.5047
199.4160	24.2227
199.5360	24.1677
199.6562	24.2021
199.7741	24.1883
199.8949	24.3121
200.0147	23.9751
200.1316	24.0026
200.2494	24.1402
200.3716	24.1264
200.4889	24.2640
200.6050	24.2089
200.7220	24.1677
200.8388	24.3465
200.9562	24.2502
201.0718	24.5047
201.1897	24.3465
201.3089	24.1608
201.4286	24.0783
201.5491	24.3603
201.6676	24.2227
201.7862	24.1883
201.9043	24.2502
202.0266	24.2640
202.1456	24.2502
202.2625	24.3327
202.3780	24.1883
202.4975	24.1126
202.6188	24.2227
202.7348	24.3671
202.8543	24.1745
202.9731	24.1952
203.0919	24.2433
203.2109	24.1814
203.3271	24.2021
203.4432	24.1952
203.5604	24.3121
203.6793	24.3052
203.7949	24.0233
203.9146	24.1608
204.0306	24.2502
204.1462	24.1608
204.2651	24.4290
204.3958	24.2021
204.5137	24.2777
204.6269	24.3327
204.7441	24.1883
204.8615	24.3190
204.9822	24.3052
205.0991	24.1952
205.2159	24.2158
205.3310	24.2296
205.4470	24.2296
205.5632	24.2089
205.6819	24.2915
205.8019	24.2296
205.9216	24.4084
206.0385	24.3878
206.1537	24.1883
206.2739	24.1745
206.3926	24.1677
206.5110	24.2227
206.6310	24.2983
206.7473	24.2089
206.8707	24.2089
206.9933	24.1952
207.1111	24.3878
207.2310	24.4153
207.3479	24.2640
207.4675	24.1126
207.5850	24.2502
207.7030	24.3396
207.8250	24.2640
207.9440	24.3671
208.0606	24.5460
208.1770	24.1883
208.2904	24.3190
208.4049	24.0783
208.5235	24.2502
208.6406	24.2433
208.7600	24.2364
208.8767	24.3259
208.9962	24.3327
209.1200	24.1333
209.2391	24.1814
209.3586	24.3534
209.4767	24.1677
209.5956	24.2433
209.7123	24.3259
209.8299	24.3121
209.9469	24.2983
210.0646	24.2640
210.1826	24.2296
210.2982	24.1677
210.4170	24.1333
210.5343	24.2846
210.6523	24.2433
210.7689	24.2021
210.8888	24.4290
211.0126	24.1814
211.1296	24.3052
211.2485	24.3121
211.3696	24.4978
211.4881	24.2227
211.6046	24.1883
211.7259	24.2296
211.8431	24.3052
211.9627	24.3121
212.0790	24.2089
212.2020	24.2433
212.3198	24.2777
212.4429	24.3121
212.5575	24.2983
212.6770	24.2915
212.7930	24.3534
212.9155	24.3465
213.0337	24.4566
213.1523	24.3946
213.2716	24.2502
213.3886	24.2502
213.5056	24.1058
213.6250	24.3740
213.7462	24.1264
213.8649	24.1745
213.9851	24.2089
214.1026	24.2640
214.2226	24.1539
214.3448	24.4084
214.4642	24.1402
214.5827	24.5598
214.7036	24.5942
214.8239	24.2227
214.9434	24.1608
215.0585	24.1126
215.1754	24.2640
215.2916	24.3259
215.4119	24.2021
215.5274	24.3534
215.6496	24.5942
215.7647	24.2227
215.8800	24.4015
215.9969	24.2021
216.1136	24.2708
216.2310	24.2708
216.3520	24.4634
216.4714	24.5185
216.5910	24.6011
216.7122	24.1883
216.8311	24.0783
216.9480	24.2021
217.0655	24.3259
217.1849	24.2364
217.3058	24.2846
217.4253	24.2364
217.5501	24.0508
217.6701	24.5873
217.7885	24.3327
217.9046	24.1539
218.0273	24.3671
218.1455	24.0370
218.2622	24.1883
218.3772	24.2640
218.4949	24.3121
218.6109	24.2502
218.7251	24.2777
218.8427	24.2571
218.9612	24.1058
219.0774	24.2708
219.1939	24.2571
219.3105	24.2640
219.4274	23.9682
219.5471	24.2158
219.6673	24.2089
219.7847	24.3259
219.9028	24.1952
220.0243	24.2571
220.1420	24.3740
220.2613	24.2640
220.3815	24.2158
220.5015	24.1952
220.6181	24.1470
220.7345	24.3534
220.8549	24.2364
220.9731	24.3740
221.0920	24.2089
221.2110	24.1608
221.3276	24.2983
221.4457	24.2777
221.5607	24.2983
221.6773	24.2021
221.7919	24.5116
221.9118	24.3878
222.0279	24.2983
222.1439	24.3259
222.2598	24.1126
222.3812	24.1745
222.5004	24.3946
222.6182	24.2433
222.7356	24.1883
222.8514	24.1952
222.9702	24.1745
223.0895	24.3052
223.2092	24.5804
223.3291	24.3878
223.4444	24.4015
223.5602	24.1883
223.6763	24.0645
223.7963	24.3052
223.9130	24.1883
224.0307	24.2158
224.1471	24.1195
224.2612	24.2227
224.3778	24.2227
224.4925	24.2502
224.6100	24.3740
224.7332	24.3671
224.8517	24.3465
224.9691	24.1608
225.0873	24.3396
225.2063	24.3190
225.3216	24.2296
225.4395	24.4497
225.5571	24.2296
225.6762	24.3121
225.7993	24.2502
225.9156	24.3052
226.0352	24.3878
226.1553	24.1745
226.2722	24.1745
226.3891	24.2777
226.5060	24.1814
226.6226	24.3052
226.7385	24.1608
226.8559	24.3327
226.9750	24.2777
227.0925	24.2227
227.2092	24.1883
227.3281	24.2708
227.4460	24.3878
227.5641	24.1677
227.6795	24.2640
227.7982	24.2364
227.9174	24.4634
228.0335	24.2502
228.1525	24.2502
228.2720	24.2708
228.3893	24.2089
228.5066	24.2296
228.6231	24.4910
228.7423	24.3878
228.8606	24.1402
228.9787	24.3259
229.0986	24.2296
229.2131	24.2158
229.3287	24.3052
229.4446	24.2708
229.5613	24.1264
229.6766	24.0576
229.7930	24.5185
229.9112	24.3740
230.0276	24.2571
230.1465	24.1470
230.2648	24.2089
230.3801	24.2915
230.4970	24.1952
230.6135	24.1264
230.7331	24.3121
230.8510	24.3259
230.9718	24.3671
231.0913	24.2296
231.2090	24.2364
231.3290	24.2502
231.4497	24.3809
231.5674	24.2364
231.6844	24.2364
231.8007	24.3121
231.9165	24.2433
232.0347	24.1333
232.1545	24.2640
232.2730	24.2571
232.3885	24.2846
232.5092	24.2708
232.6304	24.1608
232.7535	24.1264
232.8735	24.2983
232.9928	24.3052
233.1101	24.1402
233.2265	24.3809
233.3467	24.3052
233.4623	24.4015
233.5820	24.1470
233.7013	24.2021
233.8188	24.2296
233.9366	24.2571
234.0554	24.1952
234.1769	24.1745
234.2952	24.2296
234.4199	24.2571
234.5408	24.2777
234.6612	24.2296
234.7763	24.2777
234.8948	24.3534
235.0109	24.3534
235.1288	24.2158
235.2446	24.1470
235.3602	24.4222
235.4786	24.1883
235.6020	24.3396
235.7201	24.2433
235.8414	24.6217
235.9566	24.1814
236.0774	24.2915
236.1922	24.2227
236.3096	24.3534
236.4271	24.1952
236.5465	24.2571
236.6641	24.3190
236.7842	24.2777
236.9016	24.1883
237.0186	24.1264
237.1390	24.2983
237.2603	24.2708
237.3832	24.3121
237.4980	24.3121
237.6158	24.3121
237.7343	24.3121
237.8515	24.2021
237.9670	24.4290
238.0845	24.2433
238.2015	24.3946
238.3183	24.2640
238.4359	24.2915
238.5585	24.2640
238.6765	24.2640
238.7940	24.3740
238.9125	24.1814
239.0290	24.2571
239.1446	24.2915
239.2633	24.1814
239.3785	24.3327
239.5010	24.2708
239.6173	24.2708
239.7382	24.0851
239.8551	24.2433
239.9732	24.2227
240.0923	24.2089
240.2110	24.2364
240.3266	24.3396
240.4414	24.3809
240.5565	24.1745
240.6733	24.3259
240.7921	24.3052
240.9096	24.3190
241.0259	24.2364
241.1449	24.3671
241.2667	24.1745
241.3842	24.2227
241.5047	24.3121
241.6268	24.3259
241.7448	24.3121
241.8610	24.3946
241.9819	24.3327
242.0966	24.3190
242.2139	24.3052
242.3336	24.1814
242.4520	24.2158
242.5731	24.2364
242.6925	24.2158
242.8134	24.2846
242.9340	24.4015
243.0511	24.3190
243.1675	24.2640
243.2856	24.1470
243.4053	24.1470
243.5215	24.3052
243.6396	24.3396
243.7616	24.4703
243.8795	24.2158
243.9961	24.2021
244.1134	24.4015
244.2306	24.1745
244.3506	24.3603
244.4674	24.2846
244.5846	24.1952
244.7012	24.4015
244.8175	24.4015
244.9348	24.1677
245.0509	24.2777
245.1663	24.3946
245.2839	24.4153
245.3996	24.3052
245.5165	24.2158
245.6329	24.2915
245.7538	24.4290
245.8725	24.3878
245.9931	24.3259
246.1119	24.1745
246.2335	24.3259
246.3529	24.3603
246.4752	24.3190
246.5938	24.4428
246.7121	24.1745
246.8285	24.2708
246.9444	24.2227
247.0620	24.2915
247.1798	24.2296
247.2967	24.2983
247.4165	24.2846
247.5341	24.3052
247.6505	24.3809
247.7719	24.3396
247.8898	24.2846
248.0063	24.2708
248.1255	24.3190
248.2435	24.2571
248.3620	24.2296
248.4805	24.1195
248.6001	24.3121
248.7166	24.2640
248.8326	24.2915
248.9488	24.4428
249.0638	24.1058
249.1790	24.3259
249.2942	24.3190
249.4105	24.3740
249.5332	24.2640
249.6539	24.2915
249.7735	24.2433
249.8897	24.2640
250.0066	24.3465
250.1259	24.3465
250.2466	24.3052
250.3678	24.3671
250.4868	24.2502
250.6059	24.2433
250.7259	24.4153
250.8460	24.3534
250.9631	24.4497
251.0814	24.2227
251.1981	24.3740
251.3172	24.3603
251.4335	24.2364
251.5471	24.2846
251.6629	24.3327
251.7859	24.3327
251.9033	24.2640
252.0230	24.3121
252.1406	24.3327
252.2586	24.3121
252.3776	24.3740
252.4982	24.3809
252.6132	24.3259
252.7319	24.2640
252.8503	24.4084
252.9692	24.2640
253.0910	24.1470
253.2121	24.2915
253.3301	24.2915
253.4470	24.2777
253.5646	24.2846
253.6845	24.2433
253.8019	24.3740
253.9214	24.2021
254.0372	24.3534
254.1543	24.2708
254.2723	24.2846
254.3879	24.2433
254.5045	24.2846
254.6213	24.3190
254.7379	24.3121
254.8596	24.4153
254.9789	24.2708
255.1027	24.3465
255.2239	24.3121
255.3446	24.2571
255.4612	24.3740
255.5769	24.1402
255.6965	24.2364
255.8149	24.3396
255.9348	24.2433
256.0533	24.4153
256.1742	24.2640
256.2923	24.3396
256.4096	24.2571
256.5248	24.2983
256.6426	24.2364
256.7596	24.1745
256.8777	24.2089
256.9936	24.3121
257.1128	24.3259
257.2315	24.4497
257.3525	24.3259
257.4705	24.2296
257.5886	24.3121
257.7053	24.1952
257.8217	24.3190
257.9412	24.2983
258.0596	24.3809
258.1770	24.3878
258.2928	24.3465
258.4090	24.3809
258.5289	24.2915
258.6469	24.2983
258.7632	24.3190
258.8829	24.2021
258.9989	24.2158
259.1162	24.4222
259.2332	24.2571
259.3479	24.2021
259.4675	24.1745
259.5854	24.1883
259.7036	24.2777
259.8196	24.2983
259.9413	24.2502
260.0611	24.3946
260.1811	24.3121
260.3003	24.2983
260.4159	24.3259
260.5303	24.3671
260.6485	24.2846
260.7687	24.3946
260.8885	24.2846
261.0070	24.2640
261.1253	24.3259
261.2461	24.3671
261.3658	24.3946
261.4820	24.3878
261.5970	24.3259
261.7163	24.3671
261.8347	24.3465
261.9545	24.2296
262.0768	24.3603
262.1968	24.2708
262.3151	24.2433
262.4308	24.1883
262.5504	24.2502
262.6655	24.2708
262.7858	24.1952
262.9037	24.3534
263.0245	24.3671
263.1425	24.2227
263.2613	24.3534
263.3774	24.1677
263.4964	24.3052
263.6175	24.2983
263.7343	24.2983
263.8528	24.3740
263.9732	24.4222
264.0897	24.3603
264.2089	24.3121
264.3271	24.2364
264.4421	24.2640
264.5559	24.3465
264.6722	24.4978
264.7923	24.4428
264.9119	24.2708
265.0277	24.2158
265.1460	24.2364
265.2645	24.3259
265.3961	24.3878
265.5316	24.3740
265.6504	24.3946
265.7671	24.3534
265.8883	24.3052
266.0192	24.3809
266.1411	24.2296
266.2582	24.3259
266.3791	24.3259
266.5039	24.2158
266.6236	24.2296
266.7388	24.3534
266.8615	24.3534
266.9782	24.3327
267.1006	24.1745
267.2164	24.2983
267.3335	24.3327
267.4530	24.3052
267.5719	24.3878
267.6919	24.1677
267.8125	24.2777
267.9329	24.3809
268.0498	24.2777
268.1685	24.3259
268.2869	24.3534
268.4081	24.3327
268.5261	24.3465
268.6416	24.3121
268.7623	24.2708
268.8812	24.0851
268.9959	24.2433
269.1133	24.2089
269.2276	24.2915
269.3468	24.2433
269.4629	24.3327
269.5809	24.3465
269.6995	24.3534
269.8170	24.1608
269.9413	24.1539
270.0591	24.3809
270.1784	24.3327
270.2968	24.3878
270.4160	24.1883
270.5323	24.3603
270.6526	24.3534
270.7710	24.3052
270.8926	24.3878
271.0089	24.3671
271.1261	24.2983
271.2417	24.3465
271.3590	24.2777
271.4765	24.2089
271.5938	24.2777
271.7143	24.1814
271.8294	24.2983
271.9460	24.3121
272.0628	24.1402
272.1850	24.2777
272.3039	24.2640
272.4225	24.3534
272.5430	24.3259
272.6629	24.2915
272.7819	24.3190
272.8999	24.3396
273.0163	24.2846
273.1352	24.1814
273.2512	24.0989
273.3676	24.2777
273.4847	24.3190
273.6003	24.2777
273.7196	24.4015
273.8423	24.3327
273.9605	24.3190
274.0802	24.1402
274.2012	24.2296
274.3215	24.2502
274.4392	24.3465
274.5601	24.2846
274.6766	24.2089
274.7961	24.2846
274.9129	24.2777
275.0292	24.3259
275.1461	24.1883
275.2626	24.2502
275.3850	24.2708
275.5023	24.3121
275.6224	24.3121
275.7437	24.2915
275.8626	24.3327
275.9823	24.4015
276.1006	24.3190
276.2182	24.3740
276.3373	24.3809
276.4552	24.2433
276.5724	24.2640
276.6890	24.3534
276.8098	24.3465
276.9318	24.2846
277.0487	24.2364
277.1701	24.3190
277.2925	24.2846
277.4113	24.3052
277.5291	24.3259
277.6462	24.3052
277.7676	24.3327
277.8853	24.3327
278.0027	24.3052
278.1235	24.2983
278.2428	24.3603
278.3607	24.1470
278.4760	24.2915
278.5907	24.3190
278.7090	24.3534
278.8259	24.2983
278.9442	24.3534
279.0632	24.2640
279.1818	24.2433
279.3023	24.2158
279.4218	24.3671
279.5380	24.2158
279.6559	24.2846
279.7719	24.2640
279.8921	24.2983
280.0086	24.3671
280.1279	24.2915
280.2454	24.2846
280.3615	24.3396
280.4798	24.2640
280.5979	24.3465
280.7215	24.3052
280.8414	24.2846
280.9625	24.3121
281.0852	24.3671
281.2062	24.3327
281.3265	24.3878
281.4440	24.2915
281.5586	24.2571
281.6777	24.1745
281.7935	24.3396
281.9083	24.2571
282.0255	24.3052
282.1448	24.3396
282.2696	24.3052
282.3901	24.2227
282.5096	24.3534
282.6240	24.3327
282.7390	24.2364
282.8583	24.2640
282.9807	24.3259
283.0990	24.2364
283.2164	24.3534
283.3361	24.3396
283.4557	24.3878
283.5722	24.2846
283.6895	24.4015
283.8086	24.2846
283.9272	24.2640
284.0459	24.3740
284.1629	24.3740
284.2831	24.3121
284.3986	24.3121
284.5189	24.2983
284.6387	24.1814
284.7578	24.2915
284.8780	24.2502
284.9958	24.3396
285.1112	24.2571
285.2318	24.2433
285.3472	24.2708
285.4622	24.2640
285.5840	24.2640
285.7042	24.2846
285.8206	24.3121
285.9418	24.2708
286.0620	24.2915
286.1795	24.3534
286.2972	24.2364
286.4126	24.3465
286.5277	24.2777
286.6422	24.2846
286.7584	24.2915
286.8739	24.2777
286.9910	24.3052
287.1082	24.2846
287.2279	24.3740
287.3449	24.3052
287.4632	24.3465
287.5806	24.4222
287.6988	24.3740
287.8177	24.1333
287.9349	24.2983
288.0600	24.2846
288.1762	24.3327
288.2904	24.4772
288.4090	24.2502
288.5269	24.3603
288.6460	24.2640
288.7629	24.3809
288.8793	24.2502
288.9977	24.3465
289.1174	24.2571
289.2336	24.3121
289.3480	24.3259
289.4625	24.1745
289.5784	24.2846
289.6949	24.4015
289.8125	24.3052
289.9345	24.2915
290.0517	24.3052
290.1677	24.3465
290.2855	24.3946
290.4035	24.3327
290.5190	24.2983
290.6351	24.3946
290.7554	24.2158
290.8739	24.3121
290.9930	24.2364
291.1138	24.2158
291.2313	24.3534
291.3480	24.2777
291.4644	24.2983
291.5846	24.2433
291.7019	24.2915
291.8202	24.3327
291.9403	24.4497
292.0584	24.3396
292.1764	24.3052
292.3023	24.3190
292.4199	24.3603
292.5382	24.4222
292.6591	24.3603
292.7755	24.3603
292.8913	24.3946
293.0151	24.2364
293.1338	24.2433
293.2525	24.3946
293.3704	24.1745
293.4894	24.3740
293.6103	24.2021
293.7273	24.3396
293.8458	24.3121
293.9647	24.3671
294.0803	24.3190
294.2015	24.2364
294.3195	24.2571
294.4389	24.3534
294.5589	24.2708
294.6764	24.2640
294.7954	24.2915
294.9167	24.3878
295.0330	24.3259
295.1493	24.3671
295.2690	24.3534
295.3875	24.3740
295.5038	24.2364
295.6217	24.3259
295.7425	24.3465
295.8592	24.3809
295.9759	24.3396
296.0918	24.3190
296.2088	24.2983
296.3287	24.2640
296.4495	24.2846
296.5679	24.3190
296.6880	24.3671
296.8082	24.2433
296.9235	24.3603
297.0401	24.2640
297.1581	24.3396
297.2759	24.3878
297.3946	24.3259
297.5120	24.3534
297.6297	24.3327
297.7526	24.4015
297.8715	24.5047
297.9913	24.2915
298.1081	24.3809
298.2265	24.1264
298.3431	24.2640
298.4638	24.2502
298.5825	24.3190
298.6994	24.1677
298.8215	24.3534
298.9429	24.2915
299.0598	24.3534
299.1756	24.2983
299.2955	24.4910
299.4131	24.3671
299.5302	24.3878
299.6490	24.2571
299.7683	24.3740
299.8892	24.2777
