0.0000	26.7550
0.1151	26.7440
0.2335	26.7550
0.3477	26.7371
0.4620	26.7951
0.5812	26.7495
0.6964	26.7481
0.8155	26.7426
0.9356	26.7399
1.0542	26.7385
1.1695	26.7426
1.2876	26.7399
1.4068	26.7606
1.5216	26.7357
1.6389	26.7481
1.7541	26.7799
1.8720	26.7702
1.9899	26.7150
2.1027	26.7426
2.2187	26.7302
2.3299	26.7399
2.4448	26.7619
2.5608	26.7495
2.6796	26.7495
2.7902	26.7316
2.9003	26.7426
3.0117	26.7288
3.1222	26.7426
3.2356	26.7399
3.3499	26.7440
3.4651	26.7564
3.5831	26.7606
3.6983	26.7564
3.8141	26.7550
3.9259	26.7619
4.0360	26.7481
4.1526	26.7454
4.2734	26.7840
4.3883	26.7633
4.5090	26.7523
4.6289	26.7550
4.7497	26.7481
4.8682	26.7716
4.9815	26.7592
5.0966	26.7647
5.2154	26.7619
5.3312	26.7537
5.4510	26.7523
5.5705	26.7468
5.6879	26.7481
5.8022	26.7426
5.9194	26.7523
6.0320	26.7399
6.1492	26.7399
6.2631	26.7385
6.3781	26.7757
6.4985	26.7592
6.6153	26.7261
6.7308	26.7481
6.8447	26.7550
6.9643	26.7661
7.0789	26.7564
7.1976	26.7523
7.3115	26.7481
7.4311	26.7495
7.5480	26.7633
7.6661	26.7357
7.7838	26.7606
7.9056	26.7481
8.0250	26.7564
8.1401	26.7675
8.2592	26.7633
8.3774	26.7523
8.4971	26.7619
8.6153	26.7564
8.7290	26.7537
8.8487	26.7578
8.9689	26.7495
9.0880	26.7606
9.2016	26.7454
9.3161	26.7495
9.4359	26.7564
9.5573	26.7523
9.6726	26.7343
9.7893	26.7619
9.9036	26.7550
10.0183	26.7716
10.1397	26.7468
10.2542	26.7357
10.3730	26.7675
10.4940	26.7675
10.6143	26.7578
10.7336	26.7537
10.8500	26.7454
10.9643	26.7523
11.0826	26.7564
11.1978	26.7744
11.3134	26.7509
11.4327	26.7343
11.5514	26.7592
11.6718	26.7454
11.7855	26.7399
11.9016	26.7813
12.0209	26.7343
12.1411	26.7399
12.2601	26.7661
12.3756	26.7757
12.4954	26.7343
12.6143	26.7619
12.7334	26.7716
12.8470	26.7468
12.9602	26.7813
13.0785	26.7661
13.1973	26.7537
13.3120	26.7675
13.4297	26.7578
13.5471	26.7357
13.6672	26.7357
13.7848	26.7744
13.8962	26.7343
14.0114	26.7537
14.1319	26.7647
14.2515	26.7744
14.3699	26.7592
14.4884	26.7619
14.6063	26.7661
14.7259	26.7730
14.8467	26.7606
14.9638	26.7468
15.0779	26.7882
15.1912	26.7371
15.3071	26.7371
15.4274	26.7578
15.5457	26.7592
15.6645	26.7509
15.7830	26.7426
15.9010	26.7454
16.0196	26.7688
16.1327	26.7468
16.2486	26.7564
16.3675	26.7564
16.4882	26.7647
16.6070	26.7412
16.7256	26.7895
16.8462	26.7261
16.9643	26.7592
17.0824	26.7840
17.1963	26.7619
17.3101	26.7537
17.4311	26.7385
17.5506	26.7454
17.6708	26.7578
17.7912	26.7606
17.9078	26.7730
18.0269	26.7468
18.1469	26.7744
18.2612	26.7454
18.3811	26.7233
18.4998	26.7481
18.6186	26.7633
18.7384	26.7357
18.8604	26.7688
18.9812	26.7178
19.1000	26.7606
19.2197	26.7744
19.3324	26.7633
19.4471	26.7454
19.5640	26.7840
19.6774	26.7302
19.7956	26.7675
19.9081	26.7592
20.0191	26.7468
20.1298	26.7578
20.2393	26.7454
20.3489	26.7357
20.4600	26.7537
20.5692	26.7661
20.6810	26.7564
20.7963	26.7606
20.9075	26.7716
21.0245	26.7744
21.1455	26.7316
21.2674	26.7481
21.3872	26.7578
21.5052	26.7495
21.6244	26.7261
21.7398	26.7744
21.8558	26.7757
21.9703	26.7716
22.0899	26.7523
22.2022	26.7757
22.3131	26.7550
22.4221	26.7675
22.5328	26.7633
22.6458	26.7564
22.7652	26.7399
22.8816	26.7385
22.9975	26.7509
23.1189	26.7688
23.2419	26.7412
23.3588	26.7564
23.4804	26.7468
23.5948	26.7495
23.7144	26.7412
23.8291	26.7343
23.9458	26.7495
24.0590	26.7702
24.1805	26.7661
24.3022	26.7592
24.4248	26.7647
24.5433	26.7688
24.6584	26.7744
24.7776	26.7537
24.8958	26.7661
25.0157	26.7633
25.1326	26.7606
25.2447	26.7564
25.3610	26.7357
25.4754	26.7468
25.5921	26.7785
25.7065	26.7399
25.8188	26.7509
25.9325	26.7385
26.0516	26.7606
26.1647	26.7412
26.2781	26.7468
26.3913	26.7744
26.5060	26.7647
26.6265	26.7537
26.7416	26.7412
26.8632	26.7730
26.9845	26.7606
27.1054	26.7399
27.2234	26.7371
27.3398	26.7509
27.4613	26.7481
27.5826	26.7550
27.7016	26.7785
27.8162	26.7192
27.9355	26.7385
28.0565	26.7606
28.1763	26.7454
28.2881	26.7661
28.4092	26.7371
28.5293	26.7813
28.6493	26.7468
28.7678	26.7371
28.8808	26.7688
29.0013	26.7675
29.1204	26.7564
29.2402	26.7495
29.3553	26.7454
29.4750	26.7509
29.5944	26.7675
29.7118	26.7688
29.8234	26.7440
29.9368	26.7716
30.0500	26.7606
30.1693	26.7385
30.2831	26.7730
30.3986	26.7661
30.5165	26.7633
30.6346	26.7702
30.7495	26.7716
30.8651	26.7868
30.9781	26.7799
31.0916	26.7840
31.2109	26.7426
31.3229	26.7785
31.4424	26.7564
31.5577	26.7426
31.6792	26.7882
31.7973	26.7578
31.9135	26.7468
32.0272	26.7523
32.1484	26.7578
32.2676	26.7744
32.3833	26.7537
32.5018	26.7578
32.6149	26.7606
32.7298	26.7426
32.8503	26.7771
32.9706	26.7813
33.0878	26.7564
33.2064	26.7550
33.3216	26.7647
33.4422	26.7412
33.5616	26.7757
33.6777	26.7606
33.7959	26.7440
33.9137	26.7385
34.0326	26.7550
34.1494	26.7619
34.2678	26.7316
34.3878	26.7688
34.5064	26.7564
34.6202	26.7606
34.7348	26.7523
34.8488	26.7564
34.9690	26.7578
35.0815	26.7799
35.1945	26.7550
35.3068	26.7688
35.4197	26.7454
35.5321	26.7371
35.6465	26.7481
35.7619	26.7468
35.8795	26.7578
35.9959	26.7468
36.1082	26.7675
36.2284	26.7523
36.3415	26.7606
36.4538	26.7633
36.5686	26.7495
36.6875	26.7550
36.8075	26.7730
36.9294	26.7675
37.0515	26.7523
37.1737	26.7426
37.2918	26.7495
37.4139	26.7550
37.5302	26.7247
37.6501	26.7288
37.7713	26.7619
37.8861	26.7564
38.0057	26.7730
38.1271	26.7675
38.2455	26.7606
38.3591	26.7564
38.4748	26.7509
38.5942	26.7164
38.7146	26.7357
38.8293	26.7895
38.9433	26.7702
39.0644	26.7661
39.1849	26.7675
39.3030	26.7661
39.4196	26.7702
39.5362	26.7813
39.6536	26.7882
39.7726	26.7385
39.8909	26.7550
40.0066	26.7495
40.1258	26.7633
40.2449	26.7578
40.3585	26.7730
40.4759	26.7702
40.5902	26.7578
40.7103	26.7523
40.8306	26.7606
40.9495	26.7550
41.0628	26.7523
41.1816	26.7481
41.2922	26.7578
41.4060	26.7564
41.5243	26.8075
41.6400	26.7633
41.7595	26.7785
41.8742	26.7399
41.9852	26.7813
42.1051	26.7813
42.2232	26.7882
42.3371	26.7426
42.4555	26.7550
42.5672	26.7578
42.6816	26.7951
42.8020	26.7564
42.9211	26.7840
43.0426	26.7371
43.1610	26.7564
43.2805	26.7564
43.3990	26.7785
43.5177	26.7771
43.6375	26.7481
43.7506	26.7868
43.8706	26.7730
43.9867	26.7633
44.0982	26.7468
44.2089	26.7744
44.3202	26.7854
44.4290	26.7606
44.5386	26.7964
44.6505	26.7592
44.7663	26.7675
44.8823	26.7357
45.0005	26.7592
45.1173	26.7744
45.2393	26.7564
45.3558	26.7578
45.4747	26.7468
45.5892	26.7633
45.7111	26.7523
45.8273	26.7771
45.9452	26.7606
46.0584	26.7688
46.1808	26.7661
46.2990	26.7288
46.4131	26.7661
46.5252	26.7385
46.6408	26.7688
46.7604	26.7771
46.8775	26.7592
46.9931	26.7509
47.1117	26.7661
47.2318	26.7468
47.3461	26.7495
47.4620	26.7647
47.5844	26.7771
47.7056	26.7688
47.8269	26.7923
47.9457	26.7164
48.0606	26.7399
48.1811	26.7606
48.3038	26.7302
48.4204	26.7495
48.5359	26.7454
48.6545	26.7675
48.7693	26.7647
48.8832	26.7343
49.0022	26.7440
49.1153	26.7771
49.2304	26.7633
49.3459	26.7633
49.4643	26.7688
49.5773	26.7454
49.6905	26.7592
49.8082	26.7564
49.9254	26.7426
50.0393	26.7399
50.1533	26.7647
50.2675	26.7702
50.3899	26.7412
50.5091	26.7412
50.6225	26.7564
50.7444	26.7619
50.8648	26.7495
50.9850	26.7757
51.1059	26.7454
51.2201	26.7619
51.3355	26.7371
51.4569	26.7578
51.5755	26.7509
51.6859	26.7592
51.8036	26.7716
51.9244	26.7412
52.0455	26.7923
52.1650	26.7550
52.2787	26.7578
52.3973	26.7564
52.5165	26.7633
52.6361	26.7426
52.7536	26.7399
52.8726	26.7578
52.9885	26.7481
53.1093	26.7495
53.2274	26.7509
53.3417	26.7592
53.4608	26.7633
53.5758	26.7688
53.6949	26.7592
53.8132	26.7550
53.9279	26.7799
54.0485	26.7440
54.1685	26.7426
54.2879	26.7771
54.4071	26.7371
54.5239	26.7592
54.6454	26.7702
54.7654	26.7481
54.8810	26.7495
55.0001	26.7357
55.1206	26.7495
55.2396	26.7330
55.3529	26.7371
55.4682	26.7495
55.5890	26.7564
55.7105	26.7564
55.8297	26.7550
55.9449	26.7468
56.0655	26.7619
56.1831	26.7412
56.2959	26.7606
56.4129	26.7688
56.5306	26.7606
56.6497	26.7219
56.7689	26.7537
56.8872	26.7592
57.0026	26.7523
57.1181	26.7688
57.2361	26.7371
57.3503	26.7481
57.4637	26.7799
57.5799	26.7399
57.6991	26.7523
57.8102	26.7412
57.9392	26.7606
58.0518	26.7454
58.1612	26.7385
58.2712	26.7592
58.3859	26.7288
58.5061	26.7081
58.6277	26.7316
58.7480	26.7481
58.8674	26.7716
58.9845	26.7661
59.1059	26.7509
59.2266	26.7274
59.3430	26.7412
59.4645	26.7330
59.5831	26.7412
59.7038	26.7205
59.8132	26.7606
59.9232	26.7578
60.0364	26.7399
60.1553	26.7150
60.2719	26.7440
60.3838	26.7399
60.5008	26.7578
60.6218	26.7495
60.7429	26.7537
60.8629	26.7330
60.9773	26.7537
61.0929	26.7606
61.2118	26.7261
61.3261	26.7606
61.4388	26.7343
61.5543	26.7054
61.6743	26.7385
61.7929	26.7233
61.9105	26.7261
62.0275	26.7343
62.1461	26.7509
62.2647	26.7302
62.3782	26.7247
62.4954	26.7330
62.6084	26.7012
62.7183	26.7164
62.8320	26.7509
62.9444	26.7537
63.0579	26.7288
63.1683	26.7426
63.2804	26.7399
63.3914	26.7302
63.5026	26.7247
63.6132	26.7592
63.7234	26.7330
63.8332	26.7274
63.9471	26.7371
64.0637	26.7468
64.1776	26.7537
64.2968	26.7426
64.4144	26.7233
64.5279	26.7509
64.6420	26.7330
64.7622	26.7357
64.8821	26.7343
65.0011	26.7261
65.1212	26.7343
65.2396	26.7412
65.3533	26.7495
65.4753	26.7274
65.5962	26.7054
65.7128	26.7454
65.8254	26.7081
65.9404	26.7109
66.0610	26.7799
66.1813	26.7274
66.3000	26.7178
66.4124	26.7564
66.5244	26.7454
66.6384	26.7330
66.7570	26.7412
66.8737	26.7288
66.9893	26.7274
67.1073	26.7454
67.2247	26.7261
67.3399	26.7454
67.4588	26.7385
67.5719	26.7633
67.6843	26.7702
67.7990	26.7523
67.9185	26.7357
68.0369	26.7316
68.1542	26.7261
68.2745	26.7550
68.3859	26.7330
68.4977	26.7026
68.6128	26.7550
68.7260	26.7481
68.8396	26.7247
68.9533	26.7150
69.0661	26.7399
69.1799	26.7440
69.3017	26.7440
69.4269	26.7357
69.5488	26.7081
69.6705	26.7343
69.7933	26.7288
69.9147	26.7343
70.0303	26.7192
70.1507	26.7399
70.2705	26.7343
70.3878	26.7288
70.5102	26.7412
70.6327	26.7440
70.7525	26.7261
70.8633	26.7357
70.9761	26.7054
71.0856	26.7412
71.1969	26.7550
71.3098	26.7385
71.4205	26.7412
71.5327	26.7288
71.6455	26.7550
71.7647	26.7537
71.8792	26.7592
72.0010	26.7495
72.1234	26.7288
72.2388	26.7633
72.3512	26.7440
72.4634	26.7426
72.5809	26.7136
72.6986	26.7123
72.8168	26.7219
72.9348	26.7261
73.0551	26.7357
73.1751	26.7716
73.2921	26.7150
73.4156	26.7606
73.5319	26.7330
73.6542	26.7509
73.7751	26.7481
73.8912	26.7481
74.0070	26.7426
74.1229	26.7619
74.2370	26.7454
74.3509	26.7578
74.4661	26.7371
74.5824	26.7481
74.7043	26.7399
74.8237	26.7233
74.9332	26.7619
75.0444	26.7454
75.1558	26.7399
75.2705	26.7343
75.3905	26.7385
75.5081	26.7371
75.6260	26.7412
75.7418	26.7454
75.8604	26.7412
75.9720	26.7302
76.0857	26.7026
76.1970	26.6971
76.3099	26.7330
76.4274	26.7288
76.5402	26.6971
76.6528	26.7619
76.7715	26.7509
76.8832	26.7357
76.9966	26.7316
77.1169	26.7219
77.2291	26.7412
77.3407	26.7468
77.4630	26.7371
77.5774	26.7302
77.6926	26.7385
77.8057	26.7371
77.9177	26.7537
78.0312	26.7399
78.1519	26.7316
78.2730	26.7426
78.3877	26.7495
78.5091	26.7330
78.6284	26.7274
78.7428	26.7440
78.8571	26.7495
78.9714	26.7081
79.0883	26.7702
79.2092	26.6929
79.3247	26.7454
79.4445	26.7509
79.5602	26.7564
79.6831	26.7426
79.8030	26.7371
79.9197	26.7357
80.0420	26.7578
80.1646	26.7440
80.2865	26.7316
80.4070	26.7578
80.5254	26.7454
80.6489	26.7399
80.7731	26.7509
80.8926	26.7550
81.0088	26.7219
81.1311	26.7744
81.2525	26.7412
81.3683	26.7316
81.4855	26.7606
81.6053	26.7537
81.7236	26.7468
81.8454	26.7178
81.9624	26.7481
82.0767	26.7330
82.1955	26.7688
82.3089	26.7385
82.4274	26.7619
82.5448	26.7343
82.6644	26.7523
82.7862	26.7481
82.9066	26.7523
83.0259	26.7509
83.1403	26.7716
83.2573	26.7343
83.3716	26.7468
83.4924	26.7661
83.6094	26.7440
83.7291	26.7385
83.8445	26.7647
83.9640	26.7371
84.0792	26.7675
84.1920	26.7440
84.3096	26.7233
84.4251	26.7509
84.5411	26.7592
84.6594	26.7454
84.7792	26.7385
84.8985	26.7205
85.0185	26.7468
85.1380	26.7661
85.2525	26.7261
85.3691	26.7716
85.4879	26.7316
85.6077	26.7468
85.7246	26.7371
85.8429	26.7454
85.9617	26.7523
86.0800	26.7564
86.1987	26.7619
86.3131	26.7330
86.4327	26.7316
86.5495	26.7454
86.6685	26.7385
86.7881	26.7523
86.8984	26.7523
87.0074	26.7288
87.1170	26.7399
87.2281	26.7468
87.3389	26.7813
87.4594	26.7371
87.5804	26.7343
87.7001	26.7426
87.8191	26.7578
87.9343	26.7123
88.0532	26.7606
88.1727	26.7481
88.2914	26.7288
88.4107	26.7702
88.5275	26.7233
88.6450	26.7523
88.7588	26.7550
88.8720	26.7109
88.9835	26.7412
89.0987	26.7412
89.2101	26.7481
89.3215	26.7440
89.4337	26.7523
89.5432	26.7495
89.6561	26.7330
89.7712	26.7330
89.8886	26.7357
90.0030	26.7454
90.1226	26.7357
90.2392	26.7606
90.3543	26.7799
90.4762	26.7468
90.5913	26.7412
90.7114	26.7164
90.8279	26.7688
90.9419	26.7426
91.0556	26.7247
91.1699	26.7619
91.2833	26.7136
91.3971	26.7468
91.5170	26.7233
91.6321	26.7399
91.7501	26.7412
91.8614	26.7357
91.9755	26.7371
92.0873	26.7274
92.1991	26.7247
92.3116	26.7426
92.4250	26.7578
92.5388	26.7261
92.6593	26.7233
92.7717	26.7302
92.8828	26.7426
93.0010	26.7219
93.1251	26.7385
93.2449	26.7247
93.3583	26.7688
93.4769	26.7454
93.5935	26.7316
93.7124	26.7316
93.8265	26.7316
93.9404	26.7481
94.0611	26.7288
94.1761	26.7316
94.2956	26.7509
94.4161	26.7412
94.5371	26.7619
94.6525	26.7509
94.7707	26.7330
94.8898	26.7247
95.0083	26.7564
95.1232	26.7813
95.2424	26.7426
95.3567	26.7330
95.4771	26.7495
95.5967	26.7330
95.7107	26.7785
95.8303	26.7523
95.9500	26.7454
96.0693	26.7523
96.1884	26.7385
96.3051	26.7509
96.4242	26.7468
96.5422	26.7288
96.6566	26.7509
96.7704	26.7316
96.8926	26.7136
97.0134	26.7412
97.1339	26.7454
97.2512	26.7481
97.3689	26.7661
97.4881	26.7592
97.6066	26.7316
97.7249	26.7523
97.8429	26.7647
97.9618	26.7550
98.0787	26.7385
98.1935	26.7426
98.3072	26.7454
98.4284	26.7316
98.5458	26.7412
98.6587	26.7578
98.7777	26.7136
98.8916	26.7592
99.0086	26.7523
99.1224	26.7399
99.2395	26.7702
99.3524	26.7661
99.4678	26.7550
99.5873	26.7702
99.7058	26.7702
99.8210	26.7343
99.9362	26.7633
100.0538	26.7426
100.1733	26.7412
100.2897	26.7550
100.4093	26.7647
100.5322	26.7426
100.6535	26.7537
100.7732	26.7247
100.8914	26.7592
101.0094	26.7771
101.1188	26.7550
101.2309	26.7274
101.3416	26.7219
101.4523	26.7592
101.5630	26.7537
101.6736	26.7302
101.7829	26.7481
101.8916	26.7757
102.0004	26.7481
102.1090	26.7675
102.2178	26.7550
102.3264	26.7537
102.4351	26.7454
102.5438	26.7385
102.6531	26.7619
102.7619	26.7633
102.8706	26.7468
102.9816	26.7247
103.0914	26.7633
103.2021	26.7537
103.3104	26.7343
103.4206	26.7702
103.5298	26.7261
103.6396	26.7730
103.7501	26.7509
103.8693	26.7606
103.9818	26.7468
104.0988	26.7274
104.2147	26.7274
104.3289	26.7412
104.4473	26.7274
104.5655	26.7330
104.6811	26.7468
104.7979	26.7454
104.9169	26.7109
105.0364	26.7550
105.1526	26.7564
105.2698	26.7495
105.3882	26.7537
105.5055	26.7399
105.6188	26.7399
105.7339	26.7288
105.8470	26.7412
105.9623	26.7495
106.0751	26.7468
106.1858	26.7509
106.2992	26.7523
106.4171	26.7412
106.5287	26.7468
106.6446	26.7537
106.7622	26.7564
106.8757	26.7564
106.9926	26.7564
107.1088	26.7412
107.2203	26.7205
107.3318	26.7730
107.4525	26.7523
107.5733	26.7592
107.6935	26.7274
107.8101	26.7550
107.9238	26.7219
108.0429	26.7302
108.1594	26.7468
108.2808	26.7385
108.4000	26.7868
108.5184	26.7495
108.6396	26.7316
108.7615	26.7316
108.8795	26.7357
108.9942	26.7509
109.1142	26.7233
109.2296	26.7371
109.3445	26.7247
109.4634	26.7288
109.5827	26.7192
109.7035	26.7136
109.8248	26.7440
109.9424	26.7357
110.0585	26.7578
110.1770	26.7550
110.2957	26.7150
110.4117	26.7481
110.5284	26.7564
110.6460	26.7440
110.7645	26.7578
110.8801	26.7688
110.9977	26.7537
111.1107	26.7771
111.2275	26.7606
111.3422	26.7468
111.4604	26.7192
111.5793	26.7219
111.6917	26.7744
111.8120	26.7205
111.9305	26.7564
112.0481	26.7509
112.1605	26.7606
112.2745	26.7523
112.3932	26.7481
112.5084	26.7633
112.6274	26.7412
112.7454	26.7371
112.8636	26.7633
112.9800	26.7399
113.0981	26.7302
113.2106	26.7675
113.3252	26.7399
113.4422	26.7385
113.5587	26.7399
113.6788	26.7412
113.7960	26.7316
113.9136	26.7606
114.0333	26.7054
114.1517	26.7233
114.2660	26.7343
114.3852	26.7495
114.5067	26.7606
114.6254	26.7012
114.7445	26.7744
114.8644	26.7647
114.9822	26.7688
115.1003	26.7412
115.2191	26.7537
115.3325	26.7592
115.4462	26.7357
115.5648	26.7357
115.6841	26.7371
115.8031	26.7633
115.9220	26.7495
116.0431	26.7716
116.1624	26.7495
116.2804	26.7578
116.3948	26.7261
116.5115	26.7426
116.6289	26.7481
116.7462	26.7330
116.8652	26.7564
116.9822	26.7136
117.1008	26.7468
117.2194	26.7702
117.3335	26.7399
117.4463	26.7440
117.5641	26.7481
117.6795	26.7468
117.7991	26.7412
117.9162	26.7316
118.0319	26.7647
118.1496	26.7219
118.2686	26.7481
118.3855	26.7343
118.5017	26.7357
118.6209	26.7661
118.7414	26.7537
118.8607	26.7343
118.9793	26.7702
119.0930	26.7343
119.2092	26.7468
119.3243	26.7261
119.4435	26.7633
119.5629	26.7247
119.6815	26.7675
119.7987	26.7537
119.9106	26.7550
120.0292	26.7509
120.1426	26.7495
120.2615	26.7371
120.3770	26.7537
120.4946	26.7468
120.6129	26.7412
120.7320	26.7730
120.8524	26.7371
120.9707	26.7316
121.0878	26.7288
121.2006	26.7495
121.3148	26.7619
121.4350	26.7385
121.5530	26.7647
121.6716	26.7537
121.7900	26.7592
121.9075	26.7440
122.0269	26.7688
122.1431	26.7619
122.2562	26.7509
122.3759	26.7495
122.4952	26.7647
122.6130	26.7702
122.7267	26.7730
122.8412	26.7606
122.9620	26.7495
123.0805	26.7426
123.1972	26.7468
123.3120	26.7454
123.4328	26.7702
123.5536	26.7385
123.6738	26.7647
123.7932	26.7702
123.9118	26.7633
124.0302	26.7454
124.1461	26.8020
124.2603	26.7661
124.3735	26.7702
124.4932	26.7702
124.6127	26.7330
124.7318	26.7716
124.8523	26.7675
124.9725	26.7550
125.0927	26.7481
125.2132	26.7578
125.3252	26.7578
125.4410	26.7537
125.5614	26.7688
125.6793	26.7550
125.7989	26.7481
125.9160	26.7454
126.0362	26.7882
126.1571	26.7619
126.2763	26.7799
126.3948	26.7771
126.5092	26.7633
126.6301	26.7592
126.7485	26.7550
126.8692	26.7330
126.9885	26.7619
127.1099	26.7730
127.2286	26.7661
127.3432	26.7399
127.4623	26.7440
127.5759	26.7661
127.6943	26.7578
127.8141	26.7385
127.9305	26.7357
128.0484	26.7606
128.1662	26.7537
128.2864	26.7509
128.4068	26.7537
128.5218	26.7592
128.6365	26.7509
128.7547	26.7509
128.8751	26.7288
128.9951	26.7757
129.1140	26.7468
129.2322	26.7661
129.3467	26.7868
129.4661	26.7440
129.5841	26.7495
129.6988	26.7702
129.8174	26.7509
129.9337	26.7550
130.0489	26.7771
130.1690	26.7564
130.2868	26.7592
130.4040	26.7578
130.5223	26.7288
130.6398	26.7454
130.7560	26.7564
130.8753	26.7537
130.9931	26.7619
131.1069	26.7550
131.2245	26.7716
131.3388	26.7481
131.4593	26.7523
131.5770	26.7495
131.6932	26.7550
131.8074	26.7316
131.9264	26.7481
132.0444	26.7619
132.1630	26.7606
132.2825	26.7771
132.4033	26.7702
132.5237	26.7578
132.6433	26.7481
132.7614	26.7523
132.8755	26.7826
132.9937	26.7606
133.1128	26.7716
133.2314	26.7840
133.3459	26.7688
133.4668	26.7537
133.5873	26.7274
133.7061	26.7619
133.8223	26.7454
133.9363	26.7744
134.0572	26.7702
134.1764	26.7371
134.2918	26.7399
134.4119	26.7302
134.5319	26.7550
134.6507	26.7578
134.7707	26.7371
134.8858	26.7730
134.9997	26.7909
135.1204	26.7757
135.2366	26.7509
135.3518	26.7606
135.4720	26.7647
135.5932	26.7702
135.7131	26.7647
135.8319	26.7550
135.9512	26.7274
136.0648	26.7330
136.1830	26.7537
136.3000	26.7730
136.4204	26.7219
136.5400	26.7619
136.6606	26.7675
136.7793	26.7247
136.8985	26.7426
137.0168	26.7550
137.1312	26.7771
137.2508	26.7716
137.3711	26.7426
137.4919	26.7468
137.6104	26.7550
137.7283	26.7537
137.8459	26.7592
137.9645	26.7454
138.0829	26.7716
138.1949	26.7454
138.3106	26.7509
138.4311	26.7495
138.5519	26.7371
138.6703	26.7288
138.7872	26.7619
138.9079	26.7426
139.0264	26.7537
139.1450	26.7606
139.2605	26.7412
139.3806	26.7592
139.5000	26.7550
139.6223	26.7606
139.7378	26.7813
139.8573	26.7537
139.9774	26.7619
140.0954	26.7261
140.2131	26.7592
140.3275	26.7661
140.4467	26.7716
140.5640	26.7468
140.6835	26.7716
140.8002	26.7537
140.9204	26.7509
141.0411	26.7757
141.1579	26.7716
141.2750	26.7523
141.3906	26.7606
141.5084	26.7523
141.6263	26.7412
141.7458	26.7523
141.8611	26.7274
141.9789	26.7537
142.0979	26.7330
142.2127	26.7564
142.3220	26.7633
142.4352	26.7412
142.5508	26.7440
142.6741	26.7495
142.7948	26.7468
142.9131	26.7495
143.0224	26.7606
143.1331	26.7330
143.2456	26.7371
143.3675	26.7592
143.4872	26.7523
143.6081	26.7578
143.7274	26.7399
143.8462	26.7716
143.9644	26.7426
144.0770	26.7481
144.1912	26.7744
144.3074	26.7164
144.4247	26.7592
144.5416	26.7509
144.6607	26.7592
144.7791	26.7509
144.8946	26.7509
145.0129	26.7343
145.1337	26.7716
145.2515	26.7412
145.3662	26.7592
145.4827	26.7357
145.5978	26.7371
145.7198	26.7357
145.8390	26.7564
145.9577	26.7412
146.0712	26.7371
146.1914	26.7661
146.3061	26.7343
146.4269	26.7247
146.5457	26.7454
146.6602	26.7481
146.7802	26.7192
146.8966	26.7592
147.0160	26.7730
147.1363	26.7164
147.2552	26.7343
147.3755	26.7247
147.4968	26.7412
147.6143	26.7440
147.7276	26.7440
147.8481	26.7343
147.9688	26.7288
148.0905	26.7412
148.2102	26.7454
148.3254	26.7219
148.4469	26.7040
148.5676	26.7385
148.6861	26.7274
148.8021	26.7385
148.9209	26.7150
149.0414	26.7343
149.1626	26.7012
149.2802	26.7178
149.3954	26.6929
149.5141	26.7205
149.6347	26.7192
149.7536	26.7412
149.8687	26.6860
149.9906	26.7357
150.1094	26.7343
150.2218	26.7178
150.3367	26.7426
150.4555	26.7606
150.5765	26.7523
150.6967	26.7316
150.8149	26.7343
150.9308	26.7150
151.0520	26.7440
151.1727	26.7399
151.2921	26.7675
151.4107	26.7426
151.5242	26.7440
151.6459	26.7481
151.7648	26.7537
151.8788	26.7481
151.9957	26.7164
152.1155	26.7178
152.2356	26.7371
152.3514	26.7302
152.4689	26.7371
152.5895	26.7371
152.7099	26.7247
152.8288	26.7316
152.9460	26.7302
153.0615	26.7537
153.1820	26.7233
153.2975	26.7316
153.4186	26.7399
153.5377	26.7054
153.6576	26.7205
153.7781	26.7192
153.8963	26.7647
154.0142	26.7316
154.1274	26.7288
154.2474	26.7330
154.3675	26.7343
154.4886	26.7454
154.6064	26.7095
154.7245	26.7219
154.8388	26.7274
154.9592	26.7399
155.0788	26.7385
155.1901	26.7274
155.3048	26.7412
155.4239	26.7178
155.5435	26.7123
155.6632	26.7219
155.7842	26.7233
155.9039	26.7316
156.0263	26.7385
156.1441	26.7178
156.2586	26.7261
156.3799	26.7233
156.5008	26.7012
156.6197	26.7330
156.7358	26.7233
156.8560	26.7357
156.9749	26.7150
157.0938	26.7205
157.2127	26.7371
157.3257	26.7316
157.4463	26.7081
157.5657	26.7330
157.6839	26.7233
157.7993	26.7164
157.9194	26.7274
158.0369	26.7412
158.1544	26.7247
158.2656	26.7371
158.3805	26.7219
158.4945	26.7509
158.6144	26.7054
158.7327	26.7192
158.8458	26.7399
158.9634	26.7330
159.0761	26.7564
159.1885	26.7330
159.3017	26.7481
159.4143	26.7523
159.5269	26.7233
159.6396	26.7178
159.7529	26.7454
159.8717	26.7412
159.9879	26.7233
160.1038	26.7288
160.2237	26.7192
160.3379	26.7440
160.4496	26.7081
160.5682	26.7633
160.6915	26.7357
160.8140	26.7399
160.9351	26.7399
161.0510	26.7399
161.1733	26.7454
161.2929	26.7192
161.4114	26.7067
161.5275	26.7523
161.6476	26.7426
161.7699	26.7385
161.8920	26.7316
162.0120	26.7468
162.1329	26.7523
162.2536	26.7219
162.3677	26.7330
162.4801	26.7399
162.5960	26.7385
162.7144	26.7288
162.8345	26.7343
162.9546	26.7205
163.0732	26.7357
163.1888	26.7481
163.3037	26.7288
163.4246	26.7081
163.5440	26.7081
163.6574	26.7412
163.7775	26.7371
163.8976	26.7233
164.0184	26.7647
164.1380	26.7509
164.2565	26.7302
164.3721	26.7343
164.4857	26.7164
164.5988	26.7385
164.7144	26.7274
164.8357	26.7316
164.9581	26.7371
165.0774	26.7412
165.1917	26.7371
165.3073	26.7426
165.4276	26.7192
165.5429	26.7178
165.6615	26.7468
165.7766	26.7564
165.8968	26.7330
166.0185	26.7067
166.1391	26.7371
166.2598	26.7095
166.3774	26.7178
166.4973	26.6985
166.6168	26.7357
166.7369	26.7495
166.8517	26.6985
166.9701	26.7399
167.0910	26.7316
167.2080	26.7123
167.3238	26.7495
167.4436	26.7343
167.5640	26.7219
167.6852	26.7509
167.8031	26.7247
167.9189	26.7054
168.0407	26.7481
168.1603	26.7343
168.2810	26.7495
168.4002	26.7123
168.5196	26.7261
168.6400	26.7330
168.7599	26.7426
168.8797	26.7523
168.9943	26.7550
169.1141	26.7550
169.2332	26.7495
169.3471	26.7564
169.4650	26.7619
169.5844	26.7302
169.7005	26.7385
169.8223	26.7330
169.9416	26.7357
170.0564	26.7399
170.1765	26.7371
170.2929	26.7481
170.4123	26.7302
170.5316	26.6998
170.6514	26.7192
170.7701	26.7288
170.8919	26.7316
171.0109	26.7412
171.1262	26.7385
171.2450	26.7150
171.3627	26.7316
171.4824	26.7192
171.5985	26.7247
171.7140	26.7205
171.8327	26.7261
171.9529	26.7261
172.0717	26.7564
172.1857	26.7261
172.3029	26.7412
172.4182	26.7205
172.5391	26.7205
172.6579	26.7233
172.7776	26.7316
172.8982	26.7440
173.0192	26.7371
173.1380	26.7219
173.2515	26.7288
173.3661	26.7150
173.4847	26.7537
173.6052	26.7371
173.7256	26.7343
173.8448	26.7495
173.9647	26.7385
174.0841	26.7288
174.2028	26.7385
174.3165	26.7081
174.4357	26.7316
174.5529	26.7233
174.6729	26.7371
174.7861	26.7178
174.9005	26.7440
175.0224	26.7426
175.1399	26.7274
175.2556	26.7399
175.3706	26.7481
175.4918	26.7509
175.6133	26.7316
175.7316	26.7219
175.8463	26.7412
175.9659	26.7274
176.0862	26.7399
176.2053	26.7647
176.3208	26.7578
176.4386	26.7537
176.5591	26.7495
176.6783	26.7592
176.7977	26.7454
176.9136	26.7399
177.0286	26.7302
177.1490	26.7647
177.2682	26.7330
177.3848	26.6916
177.5011	26.7481
177.6195	26.7440
177.7404	26.7412
177.8611	26.7509
177.9785	26.7385
178.0965	26.7164
178.2164	26.7716
178.3311	26.7688
178.4512	26.7468
178.5666	26.7357
178.6877	26.7481
178.8083	26.7302
178.9295	26.7523
179.0441	26.7357
179.1649	26.7495
179.2833	26.7481
179.4037	26.7385
179.5264	26.7481
179.6460	26.7647
179.7639	26.7537
179.8789	26.7205
179.9943	26.7468
180.1084	26.7371
180.2272	26.7440
180.3416	26.7440
180.4604	26.7357
180.5785	26.7274
180.6928	26.7261
180.8116	26.7606
180.9306	26.6998
181.0504	26.7399
181.1681	26.7564
181.2872	26.7550
181.4082	26.7371
181.5278	26.7343
181.6456	26.7412
181.7614	26.7247
181.8818	26.7481
182.0028	26.7385
182.1221	26.7274
182.2373	26.7509
182.3538	26.7578
182.4751	26.7509
182.5956	26.7578
182.7125	26.7288
182.8309	26.7564
182.9495	26.7564
183.0677	26.7412
183.1862	26.7288
183.3003	26.7564
183.4220	26.7633
183.5433	26.7440
183.6637	26.7564
183.7818	26.7468
183.9004	26.7150
184.0181	26.7481
184.1375	26.7495
184.2558	26.7371
184.3723	26.7288
184.4921	26.7578
184.6064	26.7274
184.7268	26.7688
184.8470	26.7357
184.9649	26.7468
185.0845	26.7454
185.2031	26.7578
185.3156	26.7592
185.4313	26.7675
185.5518	26.7150
185.6707	26.7592
185.7910	26.7454
185.9074	26.7771
186.0236	26.7550
186.1446	26.7509
186.2617	26.7550
186.3763	26.7468
186.4915	26.7785
186.6075	26.7302
186.7267	26.7412
186.8472	26.7606
186.9659	26.7633
187.0816	26.7261
187.2000	26.7288
187.3152	26.7399
187.4332	26.7509
187.5484	26.7371
187.6671	26.7440
187.7854	26.7771
187.8992	26.7647
188.0187	26.7274
188.1340	26.7633
188.2533	26.7564
188.3682	26.7426
188.4878	26.7647
188.6055	26.7426
188.7243	26.7509
188.8434	26.7619
188.9589	26.7371
189.0784	26.7330
189.1919	26.7330
189.3085	26.7509
189.4286	26.7316
189.5481	26.7302
189.6645	26.7426
189.7842	26.7537
189.9037	26.7592
190.0182	26.7647
190.1369	26.7412
190.2504	26.7661
190.3644	26.7688
190.4855	26.7647
190.6031	26.7647
190.7209	26.7440
190.8395	26.7357
190.9528	26.7578
191.0727	26.7509
191.1910	26.7495
191.3049	26.7675
191.4233	26.7440
191.5444	26.7330
191.6631	26.7702
191.7813	26.7744
191.8991	26.7495
192.0191	26.7771
192.1376	26.7537
192.2550	26.7564
192.3701	26.7606
192.4923	26.7592
192.6109	26.7592
192.7296	26.7564
192.8483	26.7688
192.9673	26.7675
193.0820	26.7440
193.2016	26.7523
193.3143	26.7192
193.4305	26.7481
193.5513	26.7316
193.6720	26.7426
193.7931	26.7523
193.9110	26.7675
194.0298	26.7826
194.1455	26.7330
194.2621	26.7495
194.3769	26.7578
194.4923	26.7785
194.6106	26.7592
194.7298	26.7537
194.8505	26.7688
194.9698	26.7399
195.0886	26.7592
195.2030	26.7799
195.3180	26.7647
195.4359	26.7702
195.5526	26.7730
195.6715	26.7481
195.7922	26.7578
195.9108	26.7564
196.0303	26.7399
196.1475	26.7661
196.2659	26.7426
196.3817	26.7385
196.4990	26.7744
196.6141	26.7771
196.7342	26.7537
196.8557	26.7578
196.9780	26.7495
197.0965	26.7688
197.2153	26.7785
197.3299	26.7633
197.4503	26.7813
197.5698	26.7509
197.6849	26.7606
197.8040	26.7661
197.9220	26.7688
198.0397	26.7757
198.1562	26.7813
198.2749	26.8075
198.3937	26.7909
198.5137	26.7854
198.6316	26.7633
198.7463	26.7785
198.8646	26.7606
198.9788	26.7702
199.0986	26.7495
199.2186	26.7951
199.3339	26.7771
199.4534	26.7647
199.5738	26.7909
199.6873	26.7550
199.8009	26.7716
199.9202	26.7771
200.0412	26.7978
200.1617	26.7468
200.2793	26.7840
200.3977	26.7702
200.5143	26.7716
200.6335	26.7826
200.7533	26.7895
200.8679	26.7647
200.9878	26.7868
201.1062	26.7909
201.2252	26.7716
201.3391	26.7909
201.4580	26.7606
201.5772	26.7675
201.6978	26.7550
201.8169	26.7854
201.9325	26.7619
202.0525	26.7619
202.1703	26.7923
202.2880	26.7909
202.4085	26.7813
202.5255	26.7992
202.6454	26.7868
202.7648	26.8116
202.8847	26.7619
202.9976	26.7895
203.1112	26.7785
203.2290	26.7757
203.3436	26.7702
203.4605	26.7909
203.5809	26.7619
203.7002	26.7702
203.8212	26.7495
203.9396	26.7619
204.0562	26.7661
204.1768	26.7702
204.2966	26.7868
204.4153	26.7509
204.5329	26.7854
204.6508	26.7964
204.7712	26.7895
204.8903	26.7550
205.0090	26.7771
205.1235	26.7799
205.2420	26.7468
205.3560	26.7813
205.4770	26.7978
205.5971	26.8130
205.7159	26.7661
205.8357	26.7744
205.9537	26.7840
206.0698	26.7509
206.1847	26.7771
206.3022	26.7771
206.4199	26.8047
206.5344	26.7785
206.6539	26.7675
206.7733	26.7826
206.8926	26.7882
207.0116	26.7937
207.1293	26.7757
207.2436	26.7923
207.3583	26.7550
207.4794	26.7826
207.5971	26.8033
207.7158	26.7923
207.8347	26.7978
207.9553	26.7647
208.0724	26.7537
208.1822	26.7923
208.2952	26.7882
208.4133	26.7578
208.5269	26.7730
208.6422	26.7909
208.7601	26.8020
208.8772	26.7978
208.9968	26.7882
209.1171	26.7937
209.2366	26.7882
209.3505	26.7716
209.4712	26.8075
209.5917	26.7799
209.7085	26.7937
209.8278	26.7909
209.9475	26.7868
210.0666	26.7675
210.1870	26.7868
210.3039	26.7826
210.4202	26.7868
210.5414	26.7702
210.6616	26.7744
210.7819	26.7868
210.8994	26.7854
211.0204	26.7937
211.1398	26.7785
211.2568	26.7730
211.3693	26.8116
211.4825	26.7771
211.6032	26.7854
211.7235	26.7868
211.8440	26.7840
211.9636	26.7813
212.0832	26.7785
212.1988	26.7951
212.3138	26.7785
212.4338	26.7882
212.5485	26.7826
212.6682	26.7895
212.7886	26.7937
212.9075	26.7826
213.0260	26.7716
213.1455	26.7895
213.2633	26.7826
213.3818	26.7895
213.5008	26.7813
213.6167	26.7757
213.7365	26.7757
213.8556	26.8061
213.9762	26.7702
214.0941	26.7826
214.2111	26.7716
214.3248	26.8020
214.4426	26.8199
214.5616	26.7882
214.6769	26.7633
214.7948	26.8020
214.9119	26.7813
215.0311	26.7854
215.1494	26.7992
215.2691	26.7744
215.3871	26.8158
215.5068	26.7992
215.6256	26.8047
215.7409	26.7923
215.8609	26.7951
215.9801	26.7923
216.1006	26.8102
216.2145	26.8006
216.3279	26.7854
216.4421	26.7937
216.5563	26.8282
216.6691	26.7785
216.7856	26.8130
216.9053	26.8102
217.0248	26.7785
217.1434	26.8047
217.2591	26.8116
217.3771	26.7992
217.4955	26.7716
217.6164	26.8102
217.7332	26.7868
217.8473	26.8020
217.9656	26.8102
218.0840	26.7909
218.2022	26.7964
218.3192	26.8240
218.4387	26.8075
218.5563	26.7882
218.6767	26.7854
218.7946	26.8185
218.9095	26.7978
219.0305	26.7826
219.1503	26.8047
219.2708	26.8116
219.3911	26.8268
219.5115	26.8379
219.6303	26.8047
219.7443	26.8171
219.8632	26.8061
219.9775	26.8102
220.0982	26.7951
220.2186	26.7964
220.3333	26.8268
220.4529	26.8185
220.5686	26.7951
220.6881	26.8047
220.8083	26.8116
220.9278	26.8185
221.0414	26.8158
221.1606	26.8199
221.2787	26.7923
221.3994	26.8116
221.5190	26.7937
221.6399	26.8323
221.7601	26.7951
221.8787	26.8144
221.9977	26.7978
222.1129	26.7992
222.2313	26.8102
222.3472	26.7978
222.4674	26.7978
222.5859	26.8254
222.7051	26.8171
222.8233	26.8185
222.9429	26.8047
223.0589	26.7813
223.1743	26.8365
223.2927	26.8323
223.4117	26.8171
223.5261	26.8061
223.6465	26.8171
223.7682	26.8268
223.8883	26.8116
224.0073	26.8199
224.1259	26.8268
224.2397	26.8144
224.3565	26.8199
224.4772	26.8282
224.5971	26.8199
224.7151	26.8006
224.8348	26.8075
224.9543	26.8047
225.0723	26.7964
225.1845	26.8337
225.2979	26.8517
225.4184	26.8420
225.5375	26.8227
225.6571	26.8116
225.7744	26.8213
225.8895	26.8075
226.0106	26.8116
226.1320	26.8199
226.2509	26.8254
226.3649	26.8310
226.4846	26.8130
226.6033	26.7923
226.7223	26.8199
226.8401	26.8130
226.9605	26.8199
227.0785	26.7840
227.1963	26.8489
227.3081	26.8296
227.4245	26.8144
227.5440	26.8296
227.6638	26.7951
227.7830	26.8323
227.9012	26.7978
228.0226	26.8185
228.1425	26.8310
228.2599	26.8075
228.3732	26.8268
228.4882	26.8199
228.6083	26.8351
228.7282	26.8020
228.8480	26.8075
228.9661	26.7868
229.0877	26.8047
229.2067	26.8075
229.3227	26.8047
229.4394	26.8047
229.5549	26.8420
229.6744	26.8033
229.7915	26.7730
229.9109	26.7909
230.0280	26.7978
230.1458	26.8365
230.2630	26.7909
230.3769	26.8254
230.4950	26.7978
230.6081	26.8158
230.7275	26.8075
230.8457	26.8130
230.9645	26.8033
231.0834	26.8033
231.2019	26.8061
231.3177	26.8020
231.4360	26.8006
231.5537	26.8365
231.6684	26.8296
231.7874	26.7964
231.9064	26.7785
232.0256	26.8240
232.1447	26.7840
232.2635	26.8158
232.3847	26.7909
232.5044	26.7882
232.6221	26.7826
232.7373	26.8047
232.8567	26.7964
232.9767	26.8199
233.0959	26.8033
233.2150	26.8144
233.3290	26.7978
233.4505	26.7854
233.5711	26.8254
233.6852	26.8130
233.7993	26.7813
233.9133	26.7909
234.0284	26.7978
234.1481	26.8296
234.2655	26.7909
234.3803	26.8144
234.4994	26.8199
234.6213	26.7951
234.7413	26.7799
234.8530	26.8020
234.9631	26.7964
235.0775	26.7771
235.1969	26.7992
235.3111	26.7744
235.4279	26.8089
235.5448	26.7992
235.6672	26.7757
235.7897	26.8089
235.9100	26.7868
236.0322	26.7964
236.1537	26.8020
236.2730	26.7895
236.3864	26.7716
236.4971	26.7744
236.6104	26.7840
236.7299	26.7868
236.8515	26.7495
236.9687	26.7744
237.0850	26.7964
237.2018	26.7964
237.3151	26.8075
237.4355	26.7799
237.5507	26.7813
237.6730	26.8033
237.7962	26.8489
237.9180	26.7895
238.0365	26.7978
238.1515	26.8061
238.2738	26.7854
238.3964	26.7923
238.5157	26.7826
238.6304	26.8006
238.7539	26.8006
238.8753	26.8047
238.9954	26.7909
239.1125	26.7716
239.2307	26.7964
239.3454	26.7757
239.4646	26.7909
239.5819	26.7813
239.6960	26.7730
239.8154	26.7550
239.9280	26.7923
240.0477	26.7744
240.1644	26.7785
240.2839	26.7716
240.4040	26.7840
240.5263	26.7785
240.6454	26.7757
240.7607	26.7978
240.8787	26.7895
240.9997	26.7702
241.1185	26.7688
241.2355	26.7964
241.3499	26.7702
241.4675	26.7702
241.5822	26.7509
241.6976	26.7964
241.8119	26.7771
241.9314	26.7826
242.0523	26.8033
242.1707	26.7785
242.2823	26.7771
242.3944	26.7854
242.5099	26.7854
242.6197	26.7785
242.7305	26.7826
242.8433	26.7702
242.9586	26.8158
243.0757	26.7951
243.1878	26.7813
243.3006	26.7481
243.4135	26.7826
243.5272	26.7992
243.6430	26.7882
243.7567	26.7592
243.8686	26.7992
243.9840	26.7688
244.0941	26.7606
244.2032	26.7909
244.3141	26.7854
244.4271	26.7771
244.5443	26.7619
244.6616	26.7813
244.7785	26.7978
244.8925	26.7578
245.0022	26.7730
245.1163	26.7688
245.2288	26.7550
245.3453	26.7716
245.4555	26.7468
245.5668	26.8020
245.6760	26.7606
245.7861	26.7964
245.8967	26.7619
246.0049	26.7578
246.1137	26.7813
246.2225	26.7909
246.3317	26.7523
246.4422	26.7964
246.5539	26.7730
246.6692	26.7854
246.7832	26.7840
246.9018	26.7909
247.0212	26.7716
247.1346	26.7716
247.2483	26.7840
247.3608	26.7661
247.4736	26.7688
247.5840	26.7537
247.6940	26.7909
247.8036	26.8020
247.9147	26.7661
248.0253	26.7702
248.1359	26.7813
248.2452	26.7675
248.3540	26.8020
248.4627	26.7785
248.5732	26.7895
248.6816	26.8033
248.7903	26.7813
248.8990	26.7523
249.0079	26.7840
249.1189	26.7702
249.2295	26.7633
249.3402	26.7882
249.4486	26.7578
249.5573	26.7509
249.6672	26.7895
249.7776	26.7799
249.8892	26.7868
249.9982	26.7647
250.1083	26.7744
250.2190	26.7826
250.3297	26.7675
250.4394	26.7813
250.5486	26.7661
250.6574	26.7647
250.7661	26.7578
250.8747	26.7909
250.9835	26.7813
251.0937	26.8254
251.2054	26.7592
251.3146	26.7592
251.4257	26.7799
251.5350	26.8033
251.6451	26.7702
251.7559	26.7578
251.8641	26.7757
251.9742	26.7592
252.0846	26.7882
252.1943	26.7633
252.3053	26.7688
252.4157	26.7826
252.5243	26.7785
252.6356	26.7771
252.7447	26.7909
252.8550	26.7840
252.9658	26.7647
253.0767	26.7523
253.1861	26.7730
253.2968	26.8006
253.4101	26.7840
253.5285	26.7578
253.6459	26.7688
253.7668	26.7578
253.8855	26.7688
254.0057	26.7785
254.1208	26.7619
254.2376	26.7619
254.3509	26.7523
254.4710	26.7785
254.5906	26.7813
254.7086	26.7716
254.8267	26.7647
254.9435	26.7550
255.0549	26.7619
255.1673	26.7619
255.2822	26.7702
255.3967	26.8006
255.5125	26.7454
255.6270	26.7854
255.7442	26.7771
255.8606	26.7757
255.9752	26.7854
256.0921	26.8116
256.2093	26.7702
256.3239	26.7813
256.4445	26.7357
256.5635	26.7647
256.6784	26.7675
256.7979	26.7550
256.9152	26.7813
257.0344	26.7757
257.1520	26.7730
257.2709	26.7509
257.3875	26.7744
257.4998	26.7799
257.6163	26.7481
257.7315	26.7854
257.8530	26.7702
257.9729	26.7647
258.0934	26.7688
258.2105	26.7578
258.3253	26.7481
258.4453	26.7840
258.5649	26.7757
258.6843	26.7688
258.7994	26.7675
258.9202	26.8020
259.0412	26.7564
259.1599	26.7744
259.2760	26.7826
259.3961	26.7371
259.5093	26.7661
259.6289	26.7619
259.7477	26.7771
259.8598	26.7523
259.9725	26.7633
260.0879	26.7882
260.2001	26.7854
260.3155	26.7688
260.4356	26.7523
260.5578	26.7688
260.6761	26.7495
260.7866	26.7550
260.8999	26.7633
261.0181	26.7647
261.1288	26.7840
261.2392	26.7454
261.3518	26.7661
261.4652	26.7813
261.5791	26.7509
261.6886	26.7675
261.8037	26.7633
261.9253	26.7882
262.0445	26.7799
262.1604	26.7661
262.2812	26.7468
262.3941	26.7813
262.5079	26.7633
262.6299	26.7840
262.7514	26.7826
262.8723	26.7799
262.9912	26.7909
263.1103	26.7647
263.2230	26.7619
263.3388	26.7426
263.4585	26.7509
263.5730	26.7826
263.6920	26.7826
263.8105	26.7895
263.9307	26.7619
264.0513	26.7550
264.1713	26.7882
264.2892	26.7661
264.4090	26.7909
264.5274	26.7799
264.6408	26.7675
264.7595	26.7675
264.8786	26.7661
264.9972	26.7909
265.1175	26.7785
265.2360	26.7537
265.3521	26.7606
265.4729	26.7440
265.5913	26.7854
265.7057	26.7716
265.8273	26.7633
265.9472	26.7813
266.0669	26.7537
266.1797	26.7813
266.2963	26.7495
266.4096	26.7468
266.5297	26.7702
266.6501	26.7647
266.7632	26.7854
266.8772	26.7426
266.9882	26.7150
267.1004	26.7647
267.2174	26.7799
267.3308	26.7592
267.4414	26.7564
267.5544	26.7785
267.6745	26.7757
267.7904	26.7771
267.9121	26.7509
268.0323	26.7826
268.1511	26.7702
268.2694	26.7964
268.3873	26.7523
268.5062	26.8075
268.6275	26.7675
268.7459	26.7661
268.8591	26.7550
268.9777	26.7744
269.0953	26.7523
269.2095	26.7412
269.3218	26.7343
269.4347	26.7564
269.5543	26.7550
269.6739	26.8047
269.7925	26.7923
269.9061	26.7606
270.0187	26.7633
270.1368	26.7523
270.2469	26.7688
270.3567	26.7675
270.4671	26.7744
270.5764	26.7744
270.6852	26.7343
270.7948	26.7688
270.9060	26.7799
271.0167	26.7509
271.1269	26.7702
271.2367	26.7785
271.3477	26.7702
271.4573	26.7495
271.5683	26.7771
271.6855	26.7550
271.8024	26.7550
271.9142	26.7675
272.0249	26.7951
272.1370	26.7716
272.2510	26.7578
272.3631	26.7578
272.4771	26.7606
272.5951	26.7564
272.7058	26.7716
272.8192	26.7509
272.9340	26.8020
273.0540	26.7675
273.1739	26.7578
273.2931	26.7371
273.4142	26.7702
273.5351	26.7481
273.6569	26.7633
273.8324	26.7661
274.0589	26.7550
274.1730	26.7523
274.2894	26.7550
274.3990	26.7702
274.5103	26.7495
274.6263	26.7675
274.7440	26.7730
274.8590	26.7523
274.9781	26.7647
275.0953	26.7316
275.2130	26.7647
275.3267	26.7675
275.4405	26.7371
275.5523	26.7716
275.6651	26.7661
275.7774	26.7426
275.8910	26.7619
276.0065	26.7744
276.1267	26.7564
276.2375	26.7813
276.3584	26.7688
276.4700	26.7675
276.5908	26.7509
276.6992	26.7592
276.8091	26.7716
276.9191	26.7854
277.0315	26.7371
277.1436	26.7647
277.2569	26.7633
277.3774	26.7495
277.4872	26.7951
277.5974	26.7771
277.7093	26.7868
277.8203	26.7826
277.9302	26.7895
278.0404	26.7606
278.1510	26.7481
278.2611	26.7495
278.3733	26.7592
278.4946	26.7882
278.6125	26.7647
278.7255	26.7564
278.8424	26.7564
278.9581	26.7592
279.0709	26.7799
279.1817	26.7716
279.2934	26.7633
279.4047	26.7895
279.5159	26.7785
279.6278	26.7578
279.7397	26.7371
279.8564	26.7550
279.9703	26.7675
280.0900	26.7675
280.2102	26.7647
280.3235	26.7619
280.4350	26.7702
280.5506	26.7813
280.6695	26.7730
280.7812	26.7702
280.8924	26.7247
281.0062	26.7592
281.1311	26.7619
281.2449	26.7550
281.3574	26.7937
281.4773	26.8033
281.5980	26.7647
281.7132	26.7840
281.8252	26.7730
281.9426	26.8020
282.0529	26.7495
282.1760	26.7868
282.2898	26.7895
282.4011	26.7633
282.5114	26.7606
282.6237	26.7854
282.7399	26.7592
282.8576	26.7385
282.9755	26.7923
283.0922	26.7426
283.2044	26.7716
283.3155	26.7688
283.4265	26.7730
283.5396	26.7785
283.6558	26.7509
283.7668	26.7757
283.8772	26.7909
283.9906	26.7785
284.1162	26.7744
284.2285	26.7633
284.3380	26.7509
284.4481	26.7675
284.5596	26.7909
284.6717	26.7757
284.7808	26.7937
284.8899	26.7882
285.0010	26.7868
285.1164	26.7537
285.2406	26.7854
285.3517	26.7606
285.4618	26.7923
285.5714	26.7813
285.6838	26.7744
285.8035	26.7923
285.9195	26.8061
286.0320	26.7619
286.1459	26.7675
286.2636	26.7564
286.3769	26.7509
286.4927	26.7895
286.6088	26.7730
286.7302	26.7730
286.8522	26.7813
286.9742	26.7744
287.0963	26.7854
287.2181	26.7854
287.3332	26.7716
287.4464	26.8130
287.5616	26.7785
287.6827	26.8020
287.7979	26.7854
287.9200	26.7578
288.0433	26.7909
288.1655	26.7771
288.2840	26.7675
288.3993	26.7978
288.5191	26.7951
288.6406	26.7840
288.7608	26.7771
288.8839	26.7854
289.0046	26.7951
289.1241	26.8020
289.2414	26.7785
289.3558	26.7785
289.4744	26.8144
289.5924	26.7978
289.7104	26.7757
289.8284	26.7592
289.9469	26.7799
290.0605	26.7771
290.1731	26.7799
290.2866	26.8075
290.4034	26.7964
290.5183	26.8006
290.6354	26.8006
290.7562	26.7840
290.8761	26.8006
290.9889	26.7826
291.1023	26.7426
291.2168	26.7895
291.3321	26.7633
291.4501	26.8089
291.5628	26.7868
291.6751	26.7992
291.7897	26.7978
291.9085	26.7854
292.0278	26.7744
292.1458	26.7716
292.2576	26.7702
292.3695	26.7661
292.4834	26.7730
292.5966	26.7868
292.7089	26.7923
292.8214	26.8199
292.9345	26.7813
293.0462	26.7757
293.1578	26.8116
293.2747	26.7757
293.3938	26.8337
293.5085	26.7923
293.6314	26.7840
293.7535	26.7868
293.8715	26.8171
293.9849	26.8130
294.0979	26.7909
294.2111	26.7978
294.3228	26.8144
294.4338	26.8075
294.5471	26.7702
294.6684	26.7799
294.7869	26.8047
294.9040	26.7826
295.0164	26.8213
295.1316	26.7619
295.2500	26.8227
295.3650	26.7771
295.4858	26.8130
295.5998	26.7840
295.7225	26.8006
295.8430	26.7978
295.9626	26.8006
296.0784	26.7992
296.1984	26.8144
296.3117	26.7702
296.4326	26.7771
296.5510	26.8033
296.6667	26.7813
296.7869	26.8144
296.9058	26.8033
297.0253	26.7813
297.1393	26.8102
297.2533	26.8227
297.3700	26.8075
297.4888	26.8448
297.6023	26.7978
297.7147	26.8185
297.8302	26.8158
297.9523	26.7633
298.0710	26.7992
298.1887	26.8199
298.3041	26.7854
298.4254	26.8116
298.5440	26.8020
298.6629	26.8061
298.7753	26.7895
298.8959	26.7937
299.0163	26.8296
299.1356	26.7909
299.2509	26.7923
299.3681	26.8047
299.4886	26.8033
299.6095	26.8199
299.7275	26.7909
299.8401	26.8130
299.9509	26.7882
