0.0000	26.2991
0.1113	26.2267
0.2273	26.2629
0.3379	26.2749
0.4494	26.2508
0.5581	26.2870
0.6732	26.3594
0.7877	26.4198
0.9003	26.2749
1.0081	26.3715
1.1179	26.2629
1.2323	26.2870
1.3461	26.3594
1.4580	26.3715
1.5690	26.3715
1.6851	26.3715
1.7998	26.2749
1.9104	26.3715
2.0247	26.2146
2.1364	26.2629
2.2518	26.3353
2.3633	26.2508
2.4724	26.2870
2.5814	26.2870
2.6953	26.2267
2.8030	26.2870
2.9143	26.2387
3.0278	26.2629
3.1360	26.2508
3.2491	26.2387
3.3649	26.2991
3.4773	26.2991
3.5892	26.3353
3.7029	26.2991
3.8173	26.3956
3.9282	26.1905
4.0442	26.3112
4.1599	26.1422
4.2747	26.3232
4.3881	26.3594
4.4989	26.3232
4.6112	26.3232
4.7234	26.2025
4.8364	26.3594
4.9476	26.1543
5.0631	26.2629
5.1763	26.2870
5.2915	26.3715
5.4055	26.2629
5.5206	26.3232
5.6356	26.2387
5.7505	26.3836
5.8620	26.2146
5.9688	26.2991
6.0810	26.2991
6.1954	26.3353
6.3108	26.3112
6.4253	26.3594
6.5358	26.2267
6.6508	26.2387
6.7658	26.2991
6.8772	26.3353
6.9861	26.2267
7.0951	26.2991
7.2047	26.3715
7.3180	26.3353
7.4318	26.2870
7.5432	26.3715
7.6531	26.2508
7.7667	26.1301
7.8809	26.2146
7.9911	26.3353
8.0999	26.3232
8.2076	26.3594
8.3145	26.4439
8.4600	26.2267
8.5781	26.1784
8.6830	26.3836
8.7877	26.4077
8.8939	26.1663
9.0014	26.2870
9.1085	26.3232
9.2172	26.2749
9.3266	26.2267
9.4415	26.1905
9.5581	26.2870
9.6718	26.2991
9.7770	26.3112
9.8830	26.2025
9.9922	26.2749
10.0989	26.3474
10.2066	26.3594
10.3143	26.2508
10.4245	26.4318
10.5314	26.3112
10.6368	26.3232
10.7445	26.3353
10.8493	26.4439
10.9613	26.2870
11.0786	26.3232
11.1944	26.3112
11.3012	26.3353
11.4083	26.3353
11.5142	26.2991
11.6206	26.3715
11.7380	26.2146
11.8523	26.2629
11.9587	26.3112
12.0644	26.2870
12.1759	26.3715
12.2836	26.3474
12.3899	26.3594
12.4962	26.3353
12.6029	26.3353
12.7157	26.3594
12.8253	26.3956
12.9308	26.3112
13.0385	26.3112
13.1503	26.3112
13.2674	26.3353
13.3840	26.4077
13.4997	26.2629
13.6101	26.2870
13.7269	26.2629
13.8426	26.2508
13.9532	26.3232
14.0722	26.3112
14.1902	26.3232
14.3063	26.2749
14.4234	26.4560
14.5416	26.2749
14.6555	26.3474
14.7656	26.3353
14.8798	26.3112
14.9956	26.3956
15.1098	26.3232
15.2256	26.3112
15.3406	26.3474
15.4497	26.4077
15.5665	26.2870
15.6832	26.5163
15.7961	26.4439
15.9070	26.2387
16.0232	26.4439
16.1388	26.2267
16.2545	26.3715
16.3708	26.1784
16.4863	26.2629
16.5993	26.4198
16.7093	26.3715
16.8237	26.1784
16.9341	26.1422
17.0494	26.2991
17.1629	26.3112
17.2760	26.3836
17.3910	26.4198
17.5063	26.1301
17.6187	26.2267
17.7269	26.1543
17.8399	26.3715
17.9505	26.2749
18.0635	26.2387
18.1706	26.3353
18.2858	26.2870
18.4013	26.3836
18.5153	26.3353
18.6308	26.4077
18.7464	26.2387
18.8610	26.2870
18.9761	26.3232
19.0907	26.2870
19.2056	26.3594
19.3206	26.3594
19.4352	26.3594
19.5503	26.4077
19.6640	26.3353
19.7752	26.3594
19.8874	26.2025
20.0025	26.2991
20.1189	26.2629
20.2344	26.2870
20.3521	26.1543
20.4674	26.2870
20.5829	26.2629
20.6977	26.3474
20.8085	26.4077
20.9180	26.2629
21.0321	26.3836
21.1454	26.2146
21.2598	26.2870
21.3737	26.4077
21.4895	26.4077
21.6037	26.2870
21.7182	26.3956
21.8322	26.2749
21.9410	26.4560
22.0553	26.2991
22.1686	26.2387
22.2797	26.3836
22.3924	26.3232
22.5057	26.2991
22.6205	26.1905
22.7351	26.2508
22.8481	26.3836
22.9582	26.5767
23.0724	26.2991
23.1834	26.3232
23.2934	26.2991
23.4076	26.2267
23.5231	26.2508
23.6391	26.2146
23.7555	26.3836
23.8689	26.2387
23.9807	26.2508
24.0951	26.2025
24.2096	26.2870
24.3221	26.3594
24.4378	26.3353
24.5517	26.2025
24.6658	26.4439
24.7766	26.2387
24.8890	26.3353
25.0001	26.2629
25.1134	26.2991
25.2267	26.2749
25.3417	26.2991
25.4560	26.2749
25.5703	26.3112
25.6848	26.2387
25.7973	26.2629
25.9076	26.2749
26.0227	26.3715
26.1385	26.3353
26.2566	26.1784
26.3730	26.3474
26.4892	26.2267
26.6053	26.3474
26.7198	26.2387
26.8356	26.3956
26.9465	26.3353
27.0598	26.2146
27.1727	26.3594
27.2871	26.1905
27.4024	26.3594
27.5174	26.3474
27.6260	26.2025
27.7350	26.4198
27.8465	26.3112
27.9538	26.2267
28.0623	26.2267
28.1760	26.2629
28.2834	26.3956
28.3901	26.3715
28.4988	26.3956
28.6083	26.2749
28.7230	26.2749
28.8369	26.4198
28.9453	26.3836
29.0523	26.3474
29.1594	26.3715
29.2674	26.2629
29.3778	26.2870
29.4873	26.3715
29.5986	26.2991
29.7056	26.2267
29.8126	26.2508
29.9213	26.3474
30.0335	26.1905
30.1472	26.4439
30.2608	26.3232
30.3759	26.2991
30.4936	26.2991
30.6095	26.2749
30.7234	26.2387
30.8303	26.3594
30.9396	26.2749
31.0536	26.3715
31.1688	26.1784
31.2860	26.2749
31.4010	26.2749
31.5159	26.1905
31.6307	26.2267
31.7451	26.2991
31.8595	26.2025
31.9705	26.2870
32.0873	26.3353
32.2031	26.3836
32.3163	26.1784
32.4320	26.3232
32.5483	26.2267
32.6638	26.2267
32.7784	26.3715
32.8924	26.3232
33.0059	26.3594
33.1154	26.3836
33.2304	26.2508
33.3425	26.2991
33.4576	26.3474
33.5724	26.4439
33.6883	26.3112
33.8003	26.2387
33.9091	26.2387
34.0265	26.2629
34.1421	26.3594
34.2592	26.3232
34.3736	26.1784
34.4875	26.2991
34.6019	26.2025
34.7183	26.3956
34.8319	26.2870
34.9405	26.3353
35.0552	26.1663
35.1685	26.2146
35.2758	26.3836
35.3845	26.2508
35.4993	26.3594
35.6149	26.1663
35.7286	26.3956
35.8408	26.2749
35.9496	26.1543
36.0626	26.4077
36.1726	26.3836
36.2812	26.3474
36.3905	26.2508
36.5057	26.2991
36.6209	26.3232
36.7311	26.1905
36.8383	26.1905
36.9477	26.2629
37.0646	26.2991
37.1774	26.2749
37.2926	26.2749
37.4016	26.2267
37.5138	26.2508
37.6309	26.3112
37.7461	26.2146
37.8597	26.3112
37.9671	26.2870
38.0836	26.3956
38.1996	26.2629
38.3151	26.3715
38.4308	26.2749
38.5395	26.3112
38.6519	26.2508
38.7666	26.2629
38.8810	26.2508
38.9947	26.2991
39.1052	26.2749
39.2209	26.4560
39.3374	26.2025
39.4520	26.1060
39.5651	26.2870
39.6808	26.2991
39.7921	26.3112
39.9021	26.1422
40.0158	26.2387
40.1249	26.3232
40.2411	26.4077
40.3498	26.1784
40.4656	26.2870
40.5780	26.3112
40.6899	26.3956
40.8037	26.2749
40.9135	26.2629
41.0263	26.1905
41.1337	26.2870
41.2504	26.2870
41.3655	26.2870
41.4818	26.4198
41.5953	26.3594
41.7072	26.2267
41.8215	26.1905
41.9319	26.1784
42.0476	26.2991
42.1607	26.3956
42.2715	26.3715
42.3871	26.3474
42.5013	26.2387
42.6183	26.2267
42.7343	26.2267
42.8475	26.2508
42.9579	26.1663
43.0728	26.3836
43.1852	26.4318
43.2934	26.3715
43.4051	26.3594
43.5179	26.2870
43.6320	26.2870
43.7420	26.3594
43.8505	26.2870
43.9601	26.2025
44.0761	26.3594
44.1888	26.3474
44.3019	26.3474
44.4119	26.3112
44.5257	26.2749
44.6397	26.3715
44.7516	26.2267
44.8608	26.3112
44.9700	26.3112
45.0857	26.1663
45.1993	26.2749
45.3114	26.2387
45.4258	26.2146
45.5408	26.2991
45.6503	26.2629
45.7651	26.2749
45.8779	26.2749
45.9877	26.3836
46.1037	26.2629
46.2183	26.2870
46.3358	26.1784
46.4507	26.2749
46.5633	26.3594
46.6782	26.2870
46.7895	26.3232
46.8959	26.2508
47.0097	26.2749
47.1283	26.2749
47.2439	26.2025
47.3585	26.4318
47.4676	26.2629
47.5787	26.2870
47.6933	26.1905
47.8063	26.3232
47.9146	26.0940
48.0266	26.2629
48.1355	26.2146
48.2498	26.2387
48.3622	26.2025
48.4750	26.1905
48.5888	26.2870
48.7029	26.4077
48.8151	26.3836
48.9249	26.3956
49.0379	26.3715
49.1497	26.3232
49.2653	26.1784
49.3807	26.3836
49.4967	26.1301
49.6098	26.2387
49.7215	26.3836
49.8353	26.3715
49.9447	26.2749
50.0598	26.1663
50.1763	26.3112
50.2914	26.1543
50.4072	26.2387
50.5230	26.2508
50.6372	26.3232
50.7469	26.2267
50.8613	26.3715
50.9756	26.3715
51.0894	26.0940
51.2020	26.1905
51.3138	26.3232
51.4281	26.3112
51.5422	26.2749
51.6574	26.3232
51.7715	26.2387
51.8868	26.3956
52.0019	26.4077
52.1151	26.2146
52.2280	26.2870
52.3383	26.2870
52.4495	26.2629
52.5631	26.3956
52.6769	26.4198
52.7889	26.4560
52.8968	26.1905
53.0106	26.1905
53.1259	26.2991
53.2418	26.2991
53.3541	26.1905
53.4681	26.2267
53.5840	26.1905
53.6990	26.3112
53.8117	26.1301
53.9227	26.2387
54.0364	26.1422
54.1521	26.3232
54.2667	26.2508
54.3802	26.2991
54.4906	26.3353
54.6036	26.3232
54.7176	26.2749
54.8310	26.3353
54.9410	26.3232
55.0551	26.1905
55.1697	26.2991
55.2856	26.2508
55.4001	26.2991
55.5120	26.5043
55.6274	26.3353
55.7424	26.2146
55.8565	26.3112
55.9700	26.3474
56.0813	26.2991
56.1944	26.3715
56.3073	26.2025
56.4224	26.1060
56.5362	26.4198
56.6494	26.3112
56.7649	26.3715
56.8780	26.3112
56.9873	26.1784
57.0996	26.2025
57.2108	26.3232
57.3227	26.0940
57.4342	26.3594
57.5471	26.3353
57.6559	26.1784
57.7707	26.2387
57.8851	26.3474
57.9968	26.3353
58.1096	26.3956
58.2186	26.2870
58.3301	26.3353
58.4439	26.2508
58.5580	26.3112
58.6724	26.3594
58.7853	26.2870
58.9003	26.3112
59.0163	26.2146
59.1301	26.4318
59.2441	26.4318
59.3577	26.3594
59.4719	26.1905
59.5864	26.3353
59.7009	26.3956
59.8105	26.3594
59.9200	26.1060
60.0350	26.3836
60.1500	26.1905
60.2645	26.3353
60.3792	26.3836
60.4930	26.3715
60.6049	26.3474
60.7179	26.2991
60.8299	26.2991
60.9407	26.2629
61.0547	26.2146
61.1687	26.3715
61.2819	26.3715
61.3904	26.3715
61.5026	26.2146
61.6127	26.4318
61.7277	26.2749
61.8406	26.3474
61.9494	26.2146
62.0658	26.2146
62.1815	26.3353
62.2956	26.4198
62.4077	26.1543
62.5196	26.3232
62.6348	26.2870
62.7506	26.2629
62.8630	26.1905
62.9730	26.3353
63.0864	26.4077
63.1975	26.3715
63.3098	26.3715
63.4187	26.2991
63.5309	26.2025
63.6464	26.2629
63.7608	26.2749
63.8739	26.2991
63.9876	26.2991
64.1028	26.2508
64.2185	26.1422
64.3334	26.2146
64.4468	26.2267
64.5583	26.2991
64.6724	26.1543
64.7855	26.1905
64.8936	26.2629
65.0054	26.2870
65.1157	26.3474
65.2295	26.4077
65.3426	26.1663
65.4577	26.3594
65.5716	26.2025
65.6852	26.3232
65.7995	26.2991
65.9090	26.2870
66.0224	26.2025
66.1349	26.2991
66.2508	26.3353
66.3669	26.2146
66.4821	26.4198
66.5908	26.2749
66.7011	26.2629
66.8147	26.2870
66.9251	26.3956
67.0380	26.2387
67.1496	26.0940
67.2600	26.3112
67.3720	26.2508
67.4818	26.2991
67.5877	26.3474
67.6963	26.2749
67.8064	26.3474
67.9161	26.2870
68.0285	26.1663
68.1376	26.3474
68.2523	26.2870
68.3673	26.3474
68.4783	26.2629
68.5929	26.3715
68.7087	26.2749
68.8170	26.2387
68.9273	26.3956
69.0431	26.2749
69.1575	26.2870
69.2683	26.3112
69.3780	26.3715
69.4917	26.3232
69.6077	26.2387
69.7242	26.2749
69.8395	26.3715
69.9489	26.3474
70.0563	26.2749
70.1663	26.4077
70.2805	26.3232
70.3927	26.3112
70.5049	26.1784
70.6143	26.2387
70.7252	26.2870
70.8408	26.2629
70.9500	26.2870
71.0591	26.4681
71.1754	26.3474
71.2919	26.4077
71.4073	26.2508
71.5179	26.2749
71.6353	26.2267
71.7513	26.4198
71.8668	26.3353
71.9786	26.2387
72.0944	26.3836
72.2116	26.4439
72.3286	26.3474
72.4445	26.2629
72.5542	26.2508
72.6722	26.5163
72.7881	26.3594
72.9027	26.3353
73.0182	26.3474
73.1293	26.4198
73.2440	26.2508
73.3597	26.1784
73.4747	26.3715
73.5863	26.2508
73.7016	26.1422
73.8151	26.2629
73.9257	26.4077
74.0402	26.4318
74.1484	26.1422
74.2540	26.4801
74.3596	26.3715
74.4681	26.2870
74.5842	26.2025
74.7006	26.4077
74.8078	26.3232
74.9199	26.1663
75.0322	26.2629
75.1425	26.2508
75.2574	26.2146
75.3730	26.4077
75.4863	26.3474
75.5940	26.2991
75.7038	26.3232
75.8105	26.2749
75.9215	26.2870
76.0378	26.2991
76.1532	26.3836
76.2673	26.4198
76.3819	26.2267
76.4973	26.2870
76.6120	26.3474
76.7264	26.1663
76.8405	26.4560
76.9520	26.3594
77.0678	26.1301
77.1828	26.2749
77.3073	26.2870
77.4241	26.4077
77.5394	26.3232
77.6543	26.3112
77.7691	26.2629
77.8854	26.2991
78.0014	26.4439
78.1163	26.2629
78.2308	26.2629
78.3417	26.1784
78.4569	26.2749
78.5728	26.4077
78.6885	26.4077
78.8021	26.3353
78.9117	26.3353
79.0262	26.2387
79.1397	26.2387
79.2549	26.3956
79.3704	26.1543
79.4853	26.3232
79.5975	26.3353
79.7124	26.1784
79.8254	26.2629
79.9349	26.5043
80.0517	26.3715
80.1653	26.1422
80.2812	26.3353
80.3972	26.3112
80.5121	26.3353
80.6269	26.1663
80.7419	26.2025
80.8562	26.2267
80.9692	26.4801
81.0852	26.2991
81.2011	26.2146
81.3165	26.4439
81.4332	26.3956
81.5489	26.2749
81.6634	26.3594
81.7790	26.2749
81.8899	26.3956
82.0040	26.2387
82.1167	26.2387
82.2306	26.2146
82.3430	26.3353
82.4577	26.4681
82.5680	26.3836
82.6837	26.3232
82.7971	26.4077
82.9069	26.3474
83.0200	26.1905
83.1355	26.2146
83.2521	26.2267
83.3674	26.2025
83.4832	26.3112
83.5950	26.2991
83.7064	26.4077
83.8214	26.3715
83.9309	26.3836
84.0463	26.2387
84.1591	26.2991
84.2732	26.4077
84.3893	26.3353
84.5027	26.4198
84.6174	26.2025
84.7318	26.2387
84.8453	26.2508
84.9546	26.1301
85.0649	26.4318
85.1745	26.2387
85.2833	26.3956
85.3905	26.3353
85.5010	26.3836
85.6158	26.1784
85.7308	26.3232
85.8517	26.3232
85.9979	26.3715
86.1093	26.3474
86.2169	26.2749
86.3230	26.2267
86.4312	26.3474
86.5441	26.2387
86.6531	26.3353
86.7677	26.2267
86.8782	26.3232
86.9832	26.2508
87.0885	26.3353
87.1937	26.2629
87.3002	26.3474
87.4060	26.3232
87.5117	26.3474
87.6210	26.3956
87.7429	26.3715
87.8585	26.3474
87.9657	26.3353
88.0737	26.4560
88.1799	26.3232
88.2895	26.2870
88.4066	26.3956
88.5158	26.1543
88.6225	26.1905
88.7291	26.5526
88.8340	26.3474
88.9417	26.2870
89.0494	26.2870
89.1559	26.2749
89.2618	26.3353
89.3685	26.1060
89.4857	26.3594
89.6015	26.3232
89.7179	26.1543
89.8327	26.3594
89.9409	26.3474
90.0501	26.2991
90.1593	26.3594
90.2759	26.2629
90.3929	26.3594
90.5086	26.3715
90.6173	26.3353
90.7259	26.2025
90.8305	26.2629
90.9384	26.3715
91.0588	26.1663
91.1639	26.4318
91.2752	26.2025
91.3802	26.1301
91.4879	26.1784
91.6051	26.1784
91.7168	26.2508
91.8270	26.3232
91.9357	26.2267
92.0472	26.2025
92.1596	26.3956
92.2741	26.2025
92.3877	26.4077
92.5028	26.3112
92.6165	26.3715
92.7318	26.2025
92.8395	26.3715
92.9483	26.3112
93.0585	26.2629
93.1687	26.2991
93.2795	26.3112
93.3951	26.4077
93.5095	26.4077
93.6203	26.2991
93.7310	26.2991
93.8396	26.2991
93.9488	26.2870
94.0640	26.2387
94.1798	26.2508
94.2898	26.2870
94.4078	26.2508
94.5251	26.2387
94.6374	26.2025
94.7507	26.3112
94.8597	26.3474
94.9718	26.4560
95.0862	26.2991
95.1964	26.1181
95.3107	26.3715
95.4263	26.4077
95.5413	26.4681
95.6558	26.2629
95.7723	26.4077
95.8867	26.3956
96.0009	26.2991
96.1154	26.3232
96.2306	26.2870
96.3454	26.3594
96.4604	26.2991
96.5753	26.3715
96.6922	26.4077
96.8054	26.2749
96.9153	26.3112
97.0321	26.3836
97.1465	26.2508
97.2627	26.3594
97.3773	26.3232
97.4934	26.2749
97.6070	26.3353
97.7182	26.0940
97.8322	26.3715
97.9429	26.2629
98.0567	26.2508
98.1641	26.2749
98.2742	26.3836
98.3839	26.4801
98.4941	26.1543
98.6051	26.2870
98.7212	26.3232
98.8309	26.3353
98.9412	26.3112
99.0560	26.3232
99.1704	26.4922
99.2848	26.3353
99.3972	26.2991
99.5121	26.2749
99.6275	26.2749
99.7426	26.3836
99.8571	26.3715
99.9681	26.3836
100.0825	26.2387
100.1925	26.2870
100.3055	26.2870
100.4156	26.3715
100.5328	26.2870
100.6484	26.4077
100.7642	26.2991
100.8790	26.5767
100.9929	26.2749
101.1084	26.4439
101.2227	26.3353
101.3385	26.4560
101.4525	26.2508
101.5690	26.2387
101.6844	26.4681
101.8005	26.2267
101.9108	26.2387
102.0239	26.4077
102.1381	26.3715
102.2537	26.4077
102.3693	26.1301
102.4856	26.1181
102.5999	26.4439
102.7110	26.2629
102.8238	26.4318
102.9328	26.2267
103.0475	26.2870
103.1625	26.2749
103.2779	26.4922
103.3905	26.2387
103.5034	26.2629
103.6145	26.3353
103.7245	26.1663
103.8327	26.5163
103.9416	26.2991
104.0582	26.3715
104.1627	26.2870
104.2673	26.3836
104.3738	26.3956
104.4799	26.2146
104.5861	26.2629
104.6938	26.0940
104.8050	26.2870
104.9139	26.3836
105.0200	26.1422
105.1266	26.3474
105.2340	26.3715
105.3402	26.2991
105.4472	26.3474
105.5577	26.2508
105.6710	26.2146
105.7772	26.2146
105.8898	26.2508
105.9956	26.2870
106.1012	26.2508
106.2072	26.4198
106.3128	26.3353
106.4217	26.4439
106.5291	26.2025
106.6339	26.1422
106.7410	26.2749
106.8485	26.2387
106.9580	26.4318
107.0657	26.3956
107.1746	26.2387
107.2811	26.3956
107.3873	26.4439
107.4964	26.2749
107.6094	26.3353
107.7252	26.3594
107.8403	26.3594
107.9505	26.2870
108.0629	26.2629
108.1714	26.3474
108.2857	26.1784
108.3980	26.2267
108.5063	26.1905
108.6148	26.3474
108.7232	26.2387
108.8379	26.3715
108.9492	26.2991
109.0647	26.3715
109.1810	26.1663
109.2994	26.4439
109.4168	26.2025
109.5345	26.3956
109.6519	26.6854
109.7683	26.2991
109.8831	26.1181
109.9969	26.2267
110.1123	26.2870
110.2276	26.2508
110.3426	26.2387
110.4581	26.2749
110.5726	26.3353
110.6882	26.2387
110.8041	26.3474
110.9150	26.3353
111.0315	26.2146
111.1449	26.2629
111.2501	26.4318
111.3571	26.3715
111.4644	26.3715
111.5744	26.3836
111.6811	26.1905
111.7904	26.3474
111.8992	26.2025
112.0071	26.1784
112.1155	26.5163
112.2303	26.1181
112.3397	26.2025
112.4450	26.3474
112.5502	26.2508
112.6567	26.2267
112.7637	26.2508
112.8681	26.2146
112.9738	26.2749
113.0787	26.2508
113.1855	26.3715
113.2963	26.1663
113.4090	26.3353
113.5199	26.3715
113.6332	26.2267
113.7460	26.2749
113.8569	26.2629
113.9631	26.2146
114.0691	26.2991
114.1751	26.5767
114.2824	26.2508
114.3972	26.4077
114.5117	26.3112
114.6254	26.1784
114.7383	26.4560
114.8511	26.4801
114.9608	26.2749
115.0764	26.3715
115.1908	26.3956
115.3017	26.2387
115.4176	26.3594
115.5320	26.2508
115.6412	26.2025
115.7478	26.3715
115.8563	26.2870
115.9644	26.2387
116.0731	26.3112
116.1811	26.2749
116.2920	26.2508
116.3981	26.4198
116.5048	26.6008
116.6124	26.1784
116.7189	26.1422
116.8279	26.4801
116.9349	26.2991
117.0435	26.3474
117.1551	26.2387
117.2627	26.3715
117.3682	26.1905
117.4764	26.2870
117.5830	26.2991
117.6983	26.4077
117.8047	26.3353
117.9131	26.3715
118.0216	26.4198
118.1279	26.1543
118.2347	26.3594
118.3501	26.2146
118.4651	26.2267
118.5799	26.2991
118.6908	26.3112
118.7997	26.2991
118.9117	26.4318
119.0201	26.2146
119.1262	26.4439
119.2325	26.1784
119.3401	26.2387
119.4501	26.4560
119.5581	26.2267
119.6739	26.2629
119.7870	26.5043
119.8950	26.2267
120.0034	26.4077
120.1108	26.4077
120.2252	26.4801
120.3325	26.3353
120.4381	26.3232
120.5428	26.4198
120.6472	26.0940
120.7527	26.2025
120.8624	26.3715
120.9760	26.2267
121.0847	26.3353
121.2020	26.2991
121.3199	26.4198
121.4379	26.2387
121.5506	26.3956
121.6675	26.3353
121.7798	26.4198
121.8947	26.2267
122.0123	26.4077
122.1302	26.1543
122.2474	26.3836
122.3627	26.2749
122.4713	26.2629
122.5814	26.2508
122.6978	26.2749
122.8102	26.4077
122.9210	26.1543
123.0332	26.2508
123.1409	26.2749
123.2531	26.2991
123.3600	26.4681
123.4745	26.3715
123.5872	26.5646
123.7037	26.1543
123.8178	26.3353
123.9257	26.2991
124.0348	26.3112
124.1456	26.4801
124.2629	26.4318
124.3823	26.2267
124.5001	26.3353
124.6176	26.2991
124.7357	26.2387
124.8512	26.3836
124.9611	26.3232
125.0735	26.4439
125.1813	26.4198
125.2899	26.3594
125.3992	26.3594
125.5098	26.4439
125.6151	26.4077
125.7223	26.2629
125.8286	26.3112
125.9346	26.4681
126.0422	26.2267
126.1492	26.3112
126.2563	26.4318
126.3688	26.3474
126.4883	26.3112
126.5964	26.2629
126.7066	26.3836
126.8128	26.3353
126.9234	26.3474
127.0302	26.2508
127.1382	26.3353
127.2436	26.2749
127.3508	26.4318
127.4583	26.2629
127.5673	26.2991
127.6881	26.4077
127.7967	26.4318
127.9079	26.2749
128.0154	26.1301
128.1214	26.4801
128.2306	26.4681
128.3359	26.2629
128.4469	26.3594
128.5571	26.2025
128.6642	26.3112
128.7735	26.2749
128.8799	26.1905
128.9854	26.2991
129.0922	26.3232
129.1980	26.3715
129.3077	26.1422
129.4154	26.3232
129.5236	26.3353
129.6318	26.5646
129.7409	26.3715
129.8464	25.9733
129.9551	26.3715
130.0626	26.6612
130.1745	26.2508
130.2797	26.2025
130.3889	26.5284
130.4961	26.1905
130.6072	26.3956
130.7220	26.3353
130.8372	26.4318
130.9496	26.3353
131.0725	26.2749
131.1883	26.3353
131.3044	26.2508
131.4196	26.2991
131.5361	26.3353
131.6517	26.2025
131.7668	26.4439
131.8805	26.4198
131.9910	26.3112
132.1062	26.3353
132.2199	26.5043
132.3352	26.2267
132.4493	26.4439
132.5658	26.4198
132.6816	26.3715
132.7945	26.3836
132.9049	26.4801
133.0203	26.2508
133.1351	26.3836
133.2514	26.3836
133.3669	26.3956
133.4828	26.2387
133.5975	26.3232
133.7131	26.2387
133.8275	26.3956
133.9375	26.2870
134.0532	26.2025
134.1690	26.3836
134.2845	26.3836
134.3996	26.3956
134.5142	26.2991
134.6267	26.2749
134.7410	26.3353
134.8545	26.2629
134.9650	26.2387
135.0806	26.1663
135.1954	26.3474
135.3098	26.4077
135.4196	26.2870
135.5328	26.3232
135.6481	26.2991
135.7628	26.2870
135.8725	26.3474
135.9870	26.1543
136.1026	26.3594
136.2188	26.2749
136.3344	26.2991
136.4507	26.3956
136.5633	26.2025
136.6784	26.2387
136.7905	26.3474
136.8978	26.2387
137.0124	26.3715
137.1284	26.2629
137.2429	26.3232
137.3580	26.4681
137.4729	26.2991
137.5865	26.2629
137.7015	26.4681
137.8142	26.0819
137.9227	26.2991
138.0343	26.4922
138.1402	26.1301
138.2493	26.1543
138.3635	26.5284
138.4791	25.9492
138.5928	26.2749
138.7086	26.3474
138.8214	26.2146
138.9314	26.1422
139.0452	26.3353
139.1541	26.2267
139.2647	26.3715
139.3725	26.4922
139.4821	26.3474
139.5922	26.2629
139.7052	26.2749
139.8153	26.4077
139.9227	26.1663
140.0301	26.4560
140.1368	26.1422
140.2482	26.2146
140.3630	26.1663
140.4777	26.3474
140.6001	26.2025
140.7085	26.4318
140.8169	26.3594
140.9276	26.1663
141.0409	26.1663
141.1534	26.4077
141.2703	26.3112
141.3819	26.3353
141.4921	26.2870
141.6017	26.5284
141.7134	26.5526
141.8235	26.2267
141.9327	26.5284
142.0395	26.4922
142.1468	26.3715
142.2539	26.5646
142.3631	26.4922
142.4797	26.4077
142.5980	26.4198
142.7154	26.2991
142.8321	26.1543
142.9393	26.1301
143.0484	26.4439
143.1597	26.4318
143.2713	26.4801
143.3846	26.3232
143.4971	26.3594
143.6106	26.4318
143.7240	26.3474
143.8391	26.3836
143.9484	26.2870
144.0658	26.3474
144.1821	26.2749
144.2990	26.5888
144.4172	26.2267
144.5314	26.1060
144.6406	26.5767
144.7489	26.2146
144.8573	26.2629
144.9676	26.3594
145.0779	26.1422
145.1933	26.2629
145.3083	26.2870
145.4228	26.0698
145.5382	26.1784
145.6528	26.4439
145.7681	26.4922
145.8834	26.2991
145.9994	26.2025
146.1143	26.2629
146.2298	26.2749
146.3420	26.5043
146.4587	26.1905
146.5745	26.3956
146.6854	26.1543
146.7909	26.2025
146.8980	26.3353
147.0086	26.0819
147.1219	26.2508
147.2347	26.1060
147.3433	26.5284
147.4535	26.2870
147.5654	26.3232
147.6778	26.1663
147.7913	26.1301
147.9000	26.4318
148.0105	26.2870
148.1261	26.2508
148.2414	26.3474
148.3544	26.4560
148.4644	26.3956
148.5820	26.2508
148.6962	26.3353
148.8019	26.2508
148.9093	26.2870
149.0167	26.2025
149.1251	26.3594
149.2325	26.2749
149.3407	26.2870
149.4481	26.3112
149.5567	26.3112
149.6701	26.3112
149.7793	26.4318
149.8862	26.3353
149.9952	26.2870
150.1031	26.3232
150.2221	26.2508
150.3372	26.4198
150.4457	26.3232
150.5538	26.2749
150.6694	26.3956
150.7760	26.0698
150.8851	26.2146
151.0001	26.4439
151.1080	26.3594
151.2171	26.2387
151.3289	26.4198
151.4348	26.3594
151.5425	26.3112
151.6526	26.4801
151.7610	26.0578
151.8687	26.3232
151.9793	26.2387
152.0949	26.2508
152.2100	26.3956
152.3185	26.3715
152.4285	26.3715
152.5443	26.2629
152.6537	26.2387
152.7715	26.2629
152.8843	26.3836
152.9986	26.2870
153.1143	26.2749
153.2254	26.3232
153.3418	26.3474
153.4579	26.3715
153.5748	26.4198
153.6924	26.2991
153.8073	26.2146
153.9174	26.4681
154.0355	26.2870
154.1511	26.3474
154.2620	26.3232
154.3766	26.2146
154.4871	26.2387
154.5961	26.3956
154.7070	26.2749
154.8162	26.3353
154.9233	26.4318
155.0327	26.5405
155.1478	26.4439
155.2546	26.3594
155.3632	26.3232
155.4746	26.3956
155.5828	26.2629
155.6989	26.2991
155.8152	26.3474
155.9244	26.3232
156.0407	26.2870
156.1576	26.3715
156.2706	26.4922
156.3804	26.2508
156.4919	26.5284
156.6002	26.3112
156.7080	26.2387
156.8209	26.2629
156.9304	26.2870
157.0457	26.4318
157.1611	26.3112
157.2757	26.5767
157.3890	26.1181
157.4972	26.6491
157.6040	26.3353
157.7187	26.3112
157.8257	26.3956
157.9345	26.1663
158.0411	26.1663
158.1532	26.4318
158.2609	26.3112
158.3679	26.3112
158.4759	26.4681
158.5854	26.5526
158.6993	26.1422
158.8062	26.4198
158.9157	26.2146
159.0271	26.4681
159.1430	26.2749
159.2599	26.3474
159.3784	26.2870
159.4928	26.2629
159.6034	26.3112
159.7183	26.4318
159.8271	26.1543
159.9361	26.2870
160.0479	26.4681
160.1596	26.2870
160.2759	26.2146
160.3914	26.3112
160.5066	26.2749
160.6184	26.2870
160.7355	26.2146
160.8495	26.2387
160.9649	26.3353
161.0807	26.3594
161.1906	26.3594
161.3076	26.3594
161.4230	26.3474
161.5386	26.2870
161.6544	26.2991
161.7671	26.2387
161.8766	26.3594
161.9912	26.6008
162.1064	26.3474
162.2164	26.4198
162.3328	26.3112
162.4484	26.3956
162.5632	26.3353
162.6776	26.3594
162.7860	26.1422
162.8961	26.3353
163.0106	26.1784
163.1235	26.2991
163.2405	26.2991
163.3535	26.2749
163.4682	26.2749
163.5837	26.4198
163.6984	26.4318
163.8061	26.1784
163.9159	26.4318
164.0308	26.2749
164.1409	26.2146
164.2536	26.2508
164.3626	26.2267
164.4781	26.3474
164.5925	26.2629
164.7084	26.5526
164.8222	26.2870
164.9324	26.3956
165.0480	26.2749
165.1628	26.1181
165.2770	26.3715
165.3919	26.3353
165.5061	26.3232
165.6164	26.4198
165.7286	26.2508
165.8363	26.3715
165.9437	26.1905
166.0591	26.2991
166.1635	26.3594
166.2680	26.2870
166.3739	26.3112
166.4849	26.3474
166.6008	26.2991
166.7165	26.3112
166.8307	26.4318
166.9397	26.2991
167.0536	26.3353
167.1659	26.4318
167.2719	26.3112
167.3800	26.3112
167.4882	26.4801
167.5987	26.1663
167.7056	26.2749
167.8142	26.3715
167.9237	26.2146
168.0371	26.4077
168.1420	26.3836
168.2478	26.2991
168.3549	26.2749
168.4605	26.3956
168.5682	26.1060
168.6847	26.2991
168.8011	26.5163
168.9108	26.1301
169.0241	26.6491
169.1295	26.4439
169.2385	26.3112
169.3485	26.2508
169.4561	26.6854
169.5654	26.2025
169.6767	26.3353
169.7806	26.3232
169.8889	26.3715
169.9955	26.1784
170.1042	26.3353
170.2129	26.4439
170.3226	26.4077
170.4307	26.2991
170.5435	26.2267
170.6529	26.3353
170.7631	26.4922
170.8705	26.3474
170.9787	26.3836
171.0913	26.3112
171.1997	26.2629
171.3081	26.2870
171.4187	26.2749
171.5342	26.1905
171.6490	26.4439
171.7624	26.1784
171.8699	26.3474
171.9780	26.4077
172.0892	26.3715
172.2064	26.3353
172.3229	26.2749
172.4394	26.2629
172.5573	26.2629
172.6744	26.0336
172.7825	26.1422
172.8903	26.1422
172.9953	26.4560
173.1018	26.3474
173.2107	26.4681
173.3245	26.4318
173.4347	26.2870
173.5435	26.2267
173.6512	26.2025
173.7580	26.4439
173.8644	26.4198
173.9745	26.5284
174.0808	26.2749
174.1891	26.2387
174.3054	26.4801
174.4164	26.2991
174.5244	26.4198
174.6300	26.3474
174.7389	26.1905
174.8542	26.2146
174.9620	26.2749
175.0703	26.3112
175.1797	26.3112
175.2961	26.1905
175.4132	26.2629
175.5294	26.4922
175.6384	26.3836
175.7517	26.2991
175.8648	26.3474
175.9758	26.4318
176.0886	26.4560
176.1939	26.3956
176.2998	26.3112
176.4076	26.3474
176.5158	26.2267
176.6240	26.4077
176.7426	26.5284
176.8542	26.2267
176.9632	26.2749
177.0785	26.2991
177.1923	26.2991
177.3093	26.3353
177.4259	26.5163
177.5404	26.3836
177.6560	26.4681
177.7699	26.4318
177.8860	26.2870
178.0016	26.2870
178.1162	26.3112
178.2333	26.2629
178.3486	26.3715
178.4656	26.1784
178.5753	26.3474
178.6829	26.1301
178.7937	26.4318
178.9000	26.3112
179.0069	26.1905
179.1117	26.4318
179.2203	26.1060
179.3263	26.3353
179.4317	26.3112
179.5412	26.4198
179.6471	26.3112
179.7558	26.3474
179.8617	26.3956
179.9681	26.3715
180.0739	26.4318
180.1819	26.1301
180.2967	26.1905
180.4120	26.3112
180.5233	26.2508
180.6315	26.2991
180.7424	26.4439
180.8490	26.3353
180.9577	26.2629
181.0635	26.2508
181.1722	26.3956
181.2798	26.4198
181.3873	26.2870
181.4933	26.3112
181.6006	26.2146
181.7109	26.4077
181.8166	26.1784
181.9236	26.4560
182.0299	26.4681
182.1388	26.3353
182.2453	26.3594
182.3529	26.2870
182.4690	26.1543
182.5806	26.3353
182.6989	26.2267
182.8116	26.4198
182.9199	26.1422
183.0267	26.3232
183.1339	26.0819
183.2421	26.3715
183.3505	26.2991
183.4656	26.2267
183.5756	26.2387
183.6818	26.3956
183.7878	26.4681
183.8964	26.2508
184.0058	26.3715
184.1127	26.3594
184.2225	26.2749
184.3394	26.3594
184.4452	26.1060
184.5564	26.3474
184.6694	26.4439
184.7833	26.3594
184.8893	26.2991
184.9946	26.3112
185.1044	26.2146
185.2101	26.5284
185.3175	26.2025
185.4301	26.3836
185.5471	26.3715
185.6656	26.1905
185.7819	26.4198
185.8983	26.5405
186.0113	26.2629
186.1159	26.4560
186.2240	26.3594
186.3302	26.3112
186.4380	26.4439
186.5549	26.0819
186.6728	26.2870
186.7874	26.5043
186.9030	26.1301
187.0198	26.3353
187.1347	26.2991
187.2520	26.4560
187.3682	26.3594
187.4855	26.3474
187.6029	26.3594
187.7201	26.2508
187.8350	26.4077
187.9457	26.3232
188.0647	26.0336
188.1789	26.1905
188.2883	26.2629
188.4036	26.2870
188.5216	26.4560
188.6386	26.2267
188.7553	26.5767
188.8703	26.2387
188.9800	26.2508
189.0940	26.3232
189.2080	26.4922
189.3244	26.3232
189.4399	26.2508
189.5572	26.3836
189.6732	26.6612
189.7889	26.0940
189.9019	26.4439
190.0166	26.3353
190.1311	26.4560
190.2462	26.4198
190.3606	26.4560
190.4733	26.3956
190.5835	26.2146
190.6963	26.2749
190.8097	26.3474
190.9204	26.4198
191.0352	26.4560
191.1506	26.2629
191.2665	26.1663
191.3818	26.4922
191.4978	26.4681
191.6145	26.4077
191.7306	26.3112
191.8445	26.4681
191.9542	26.3594
192.0689	26.3836
192.1835	26.3232
192.2960	26.3112
192.4047	26.2749
192.5320	26.1543
192.6387	26.2629
192.7461	26.2508
192.8534	26.3474
192.9624	26.2629
193.0771	26.3836
193.1903	26.3474
193.2992	26.3956
193.4091	26.3836
193.5184	26.1905
193.6282	26.2749
193.7436	26.0698
193.8568	26.1663
193.9662	26.2870
194.0805	26.3956
194.1890	26.3232
194.3044	26.2991
194.4181	26.4077
194.5323	26.3112
194.6463	26.3956
194.7585	26.3474
194.8720	26.6008
194.9838	26.2146
195.0960	26.3594
195.2040	26.4077
195.3192	26.4318
195.4306	26.4077
195.5397	26.3232
195.6546	26.3594
195.7634	26.6129
195.8708	26.3715
195.9793	26.5526
196.0932	26.4318
196.2014	26.0819
196.3109	26.1784
196.4231	26.6974
196.5323	26.3353
196.6449	26.3112
196.7526	26.2870
196.8631	26.4922
196.9776	26.3594
197.0842	26.3715
197.1919	26.4439
197.3088	26.3956
197.4228	26.3474
197.5305	26.2629
197.6462	26.3353
197.7536	26.1060
197.8598	26.3956
197.9677	26.2991
198.0835	26.3232
198.1916	26.5405
198.2997	26.2267
198.4092	26.2629
198.5222	26.3353
198.6403	26.3715
198.7569	26.3715
198.8720	26.3836
198.9807	26.4077
199.0905	26.4922
199.2071	26.1784
199.3209	26.4560
199.4278	26.2749
199.5356	26.3836
199.6470	26.2991
199.7601	26.2991
199.8690	26.3956
199.9771	26.2870
200.0924	26.3594
200.2032	26.1905
200.3170	26.4198
200.4231	26.4439
200.5312	26.2146
200.6394	26.2387
200.7485	26.1301
200.8581	26.1905
200.9699	26.2870
201.0801	26.2025
201.1928	26.0578
201.3035	26.2025
201.4189	26.2870
201.5280	26.2267
201.6389	26.4681
201.7520	26.2267
201.8593	26.1663
201.9683	26.3112
202.0776	26.3715
202.1912	26.3353
202.2981	26.3956
202.4129	26.2146
202.5205	25.8648
202.6312	26.3594
202.7426	26.1905
202.8494	26.3232
202.9596	26.2387
203.0651	26.2025
203.1714	26.3353
203.2803	26.3836
203.3887	26.3836
203.5069	26.2991
203.6227	26.0940
203.7328	26.4318
203.8489	26.2991
203.9618	26.3232
204.0802	26.1422
204.1952	26.2749
204.3045	26.2749
204.4160	26.4560
204.5327	26.2991
204.6482	26.3836
204.7586	26.3112
204.8717	26.3232
204.9788	26.5646
205.0932	26.0336
205.2022	26.1301
205.3128	26.4439
205.4275	26.4439
205.5421	26.3353
205.6558	26.3956
205.7645	26.2991
205.8708	26.2870
205.9815	26.4318
206.0941	26.3956
206.2028	26.2870
206.3178	26.2991
206.4273	26.2991
206.5360	26.2991
206.6457	26.4318
206.7548	26.4439
206.8661	26.4801
206.9831	26.2870
207.1016	26.3353
207.2182	26.2870
207.3331	26.4922
207.4431	26.4318
207.5607	26.4198
207.6773	26.4439
207.7906	26.3836
207.8969	26.0819
208.0070	26.3232
208.1162	26.1301
208.2302	26.4077
208.3382	26.2508
208.4474	26.2387
208.5576	26.2749
208.6653	26.4198
208.7756	26.3594
208.8847	26.3715
208.9947	26.3956
209.1095	26.5163
209.2180	26.1301
209.3252	26.0819
209.4337	26.5888
209.5397	26.2629
209.6475	26.1905
209.7571	26.5888
209.8671	25.9492
209.9798	26.2508
210.0880	26.4439
210.2025	26.3232
210.3189	26.3353
210.4327	26.2508
210.5408	26.2508
210.6513	26.2508
210.7676	26.3715
210.8744	26.2387
210.9861	26.4439
211.0948	26.3112
211.2042	26.4077
211.3216	26.3956
211.4399	26.0336
211.5565	26.6129
211.6712	26.4560
211.7866	26.0819
211.8955	26.3353
212.0129	26.3715
212.1308	26.2870
212.2397	26.0698
212.3563	26.1663
212.4725	26.5163
212.5872	26.4318
212.7015	26.6129
212.8108	26.3956
212.9191	26.4439
213.0362	26.2146
213.1506	26.3353
213.2638	26.3594
213.3801	26.2629
213.4957	26.1422
213.6113	26.3956
213.7245	26.2267
213.8332	26.4439
213.9430	26.3474
214.0567	26.0095
214.1700	26.1422
214.2848	26.1422
214.4002	26.5405
214.5132	26.1905
214.6199	26.3594
214.7358	26.3232
214.8512	26.4681
214.9657	26.4439
215.0808	26.5163
215.1965	26.3112
215.3122	26.5526
215.4214	26.0336
215.5296	26.3715
215.6442	26.3836
215.7596	26.2508
215.8684	26.4077
215.9755	26.2387
216.0830	26.4439
216.1964	26.1181
216.3042	26.2508
216.4123	26.3594
216.5189	26.2749
216.6273	26.2508
216.7392	26.2749
216.8464	26.2629
216.9558	26.1905
217.0649	26.2146
217.1735	26.0819
217.2876	26.4198
217.3973	26.2146
217.5108	26.4681
217.6244	26.3956
217.7329	26.4198
217.8407	26.2629
217.9476	26.3715
218.0591	26.5043
218.1739	26.4077
218.2874	26.4560
218.3985	26.3594
218.5109	26.4439
218.6201	26.3594
218.7337	26.4198
218.8408	26.4439
218.9491	26.2629
219.0576	26.2629
219.1653	26.3956
219.2764	26.2991
219.3907	26.0819
219.4981	26.1422
219.6048	26.2870
219.7125	26.2870
219.8212	26.2749
219.9307	26.2267
220.0379	26.4801
220.1475	26.4077
220.2592	26.3353
220.3682	26.2991
220.4783	26.2629
220.5923	26.3232
220.6987	26.2508
220.8049	26.4198
220.9146	26.2508
221.0291	26.3474
221.1370	26.2508
221.2480	26.4198
221.3581	26.2146
221.4714	26.1905
221.5854	26.2025
221.6940	26.5888
221.8028	26.6612
221.9107	26.6854
222.0217	26.5043
222.1326	26.1784
222.2455	26.3594
222.3515	26.2991
222.4588	26.2991
222.5669	26.5767
222.6835	26.4318
222.7969	26.0940
222.9079	26.3474
223.0213	26.3232
223.1297	26.1543
223.2409	26.3836
223.3530	26.2749
223.4659	26.5163
223.5730	26.2508
223.6871	26.4318
223.7996	26.4439
223.9075	26.2991
224.0160	26.5526
224.1308	26.2146
224.2459	26.4560
224.3603	26.3474
224.4707	26.1905
224.5848	26.2629
224.7002	26.5526
224.8138	26.2267
224.9221	26.4922
225.0352	26.4439
225.1427	26.4077
225.2523	26.3474
225.3660	26.3112
225.4790	26.3112
225.5930	26.2629
225.7076	26.3112
225.8208	26.4077
225.9295	26.2749
226.0391	26.5405
226.1481	26.2025
226.2627	26.2146
226.3791	26.4560
226.4916	26.3112
226.5997	26.2629
226.7071	26.4198
226.8198	26.5043
226.9298	26.4198
227.0443	26.3836
227.1584	26.1181
227.2807	26.1905
227.4054	26.2387
227.5104	26.2870
227.6161	26.2870
227.7255	26.2870
227.8399	26.3594
227.9502	26.2025
228.0648	26.4922
228.1733	26.2991
228.2829	26.1663
228.3945	26.4560
228.4999	26.1905
228.6073	26.4077
228.7203	26.3594
228.8276	26.3112
228.9384	26.4801
229.0438	26.2025
229.1522	26.4198
229.2670	26.2870
229.3842	26.4077
229.5006	26.6250
229.6154	26.3353
229.7308	26.5043
229.8401	26.1181
229.9487	26.3956
230.0557	26.3232
230.1637	26.1060
230.2709	26.2267
230.3786	26.3112
230.4829	26.4439
230.5938	26.3112
230.6995	26.2025
230.8100	26.4439
230.9159	26.4560
231.0279	26.3956
231.1378	26.3956
231.2450	26.1663
231.3551	26.1181
231.4624	26.1784
231.5707	26.3353
231.6779	26.2749
231.7848	26.4681
231.8915	26.2629
232.0043	26.2387
232.1127	26.2387
232.2205	26.3353
232.3259	26.2508
232.4309	26.3474
232.5410	26.5043
232.6471	26.5526
232.7576	26.3232
232.8649	26.1905
232.9707	26.3112
233.0769	26.2870
233.1840	26.1905
233.2995	26.4198
233.4112	26.2146
233.5236	26.5163
233.6361	26.5526
233.7490	26.3474
233.8613	26.3112
233.9709	26.3474
234.0837	26.3232
234.1961	26.3112
234.3062	26.3474
234.4197	26.3836
234.5323	26.2267
234.6443	26.3836
234.7555	26.2749
234.8663	26.2629
234.9767	26.2508
235.0883	26.3474
235.2010	26.2025
235.3145	26.3112
235.4263	26.1663
235.5407	26.2629
235.6554	26.3594
235.7694	26.2629
235.8820	26.2508
235.9930	26.4681
236.1073	26.4077
236.2218	26.4439
236.3359	26.3715
236.4517	26.3836
236.5653	26.4077
236.6760	26.3232
236.7893	26.2267
236.9003	26.4439
237.0153	26.3112
237.1238	26.3112
237.2374	26.5405
237.3523	26.4077
237.4657	26.5888
237.5808	26.3715
237.6968	26.3112
237.8054	26.2387
237.9104	26.2508
238.0161	26.2387
238.1245	26.3112
238.2385	26.3112
238.3509	26.2387
238.4611	26.1422
238.5744	26.6008
238.6821	26.4439
238.7906	26.4801
238.8986	26.3594
239.0050	26.3112
239.1113	26.5163
239.2164	26.2146
239.3244	26.4439
239.4330	26.2629
239.5432	26.1663
239.6489	26.5646
239.7562	26.4439
239.8687	26.2991
239.9829	26.1422
240.1002	26.1422
240.2153	26.4439
240.3328	26.2991
240.4459	26.1905
240.5543	26.3112
240.6660	26.3594
240.7804	26.2991
240.8904	26.3474
240.9974	26.3956
241.1045	26.2629
241.2125	26.4318
241.3208	26.2146
241.4288	26.4681
241.5373	26.4922
241.6516	26.1663
241.7732	26.3232
241.8831	26.3594
241.9950	26.2267
242.1031	26.3594
242.2199	26.3836
242.3332	26.1663
242.4415	26.5405
242.5524	26.3474
242.6680	26.4439
242.7839	26.3594
242.8960	26.3715
243.0115	26.4077
243.1210	26.2870
243.2371	26.3836
243.3528	26.5646
243.4673	26.3594
243.5824	26.4198
243.6984	26.2991
243.8125	26.2991
243.9182	26.3112
244.0302	26.1543
244.1415	26.2146
244.2556	26.0336
244.3713	26.2387
244.4868	26.3956
244.6014	26.1905
244.7120	26.3474
244.8277	26.4077
244.9379	26.3112
245.0528	26.1905
245.1676	26.3594
245.2829	26.1301
245.3995	26.5043
245.5127	26.4198
245.6263	26.3353
245.7330	26.5163
245.8424	26.5526
245.9554	26.2991
246.0649	26.3594
246.1792	26.3594
246.2888	26.4560
246.4032	26.2870
246.5129	26.2146
246.6258	26.3474
246.7326	26.3594
246.8391	26.3594
246.9494	26.3836
247.0599	26.4922
247.1725	26.1905
247.2806	26.3836
247.3940	26.4560
247.5016	26.3836
247.6158	26.2991
247.7268	26.2991
247.8397	26.2267
247.9503	26.3594
248.0684	26.0216
248.1834	26.5767
248.2910	26.3836
248.4002	26.3232
248.5099	26.4318
248.6251	26.3836
248.7350	26.3836
248.8479	26.2267
248.9568	26.3112
249.0655	26.3112
249.1749	26.3112
249.2891	26.4681
249.3957	26.3594
249.5005	26.3474
249.6070	26.2025
249.7138	26.4439
249.8218	26.1543
249.9310	26.6854
250.0449	26.2991
250.1523	26.3112
250.2620	26.5284
250.3754	26.5043
250.4821	26.3474
250.5911	26.1422
250.7056	26.2508
250.8190	26.2991
250.9266	26.1663
251.0348	26.5526
251.1493	26.5284
251.2588	26.1784
251.3716	26.2749
251.4775	26.2387
251.5848	26.2870
251.6993	26.2629
251.8087	26.3715
251.9166	26.2749
252.0260	26.4560
252.1328	26.3353
252.2380	26.2387
252.3472	26.2025
252.4583	26.6008
252.5709	26.4439
252.6781	26.1543
252.7892	26.6612
252.8956	26.2025
253.0051	26.3474
253.1111	26.4318
253.2197	26.4439
253.3371	26.2508
253.4542	26.2749
253.5683	26.3474
253.6839	26.2146
253.7920	26.3594
253.9020	26.1060
254.0181	26.3956
254.1309	26.2387
254.2416	26.3956
254.3569	26.1181
254.4713	26.1784
254.5869	26.4077
254.7005	26.3836
254.8087	26.3474
254.9183	26.2267
255.0343	26.4077
255.1490	26.5284
255.2571	26.2749
255.3668	26.4439
255.4804	26.0336
255.5946	26.2267
255.7008	26.2508
255.8081	26.3112
255.9190	26.2146
256.0314	26.1663
256.1390	26.3232
256.2459	26.4560
256.3562	26.5163
256.4622	26.3956
256.5700	26.3836
256.6856	26.2146
256.8001	26.4681
256.9097	26.2870
257.0235	26.2025
257.1308	26.3474
257.2390	26.4318
257.3523	26.3232
257.4610	26.2146
257.5698	26.2870
257.6858	26.4439
257.7994	26.1905
257.9098	26.3836
258.0239	26.3232
258.1320	26.1905
258.2424	26.3112
258.3564	26.1422
258.4622	26.3232
258.5680	26.3232
258.6789	26.1422
258.7927	26.4439
258.9007	26.3715
259.0068	26.1060
259.1161	26.2870
259.2278	26.2025
259.3359	26.1060
259.4518	26.4560
259.5621	26.3836
259.6807	26.2991
259.7941	26.4801
259.9058	26.3232
260.0215	26.5646
260.1322	26.3836
260.2474	26.2025
260.3561	26.2387
260.4649	26.3956
260.5798	26.5526
260.6960	26.7095
260.8097	26.4801
260.9201	26.3353
261.0340	26.5526
261.1439	26.3715
261.2584	26.3594
261.3740	26.1301
261.4884	26.3232
261.6029	26.3112
261.7140	26.2629
261.8284	26.3474
261.9384	26.3353
262.0550	26.0940
262.1695	26.3836
262.2859	26.1663
262.4010	26.3353
262.5146	26.1422
262.6285	25.9251
262.7378	26.2870
262.8445	26.4318
262.9560	26.3232
263.0659	26.3353
263.1770	26.3353
263.2871	26.2749
263.4037	26.3112
263.5191	26.1543
263.6322	26.4439
263.7464	26.2749
263.8551	26.5284
263.9682	26.5043
264.0767	26.2508
264.1889	26.2267
264.2989	26.4560
264.4128	26.3112
264.5213	26.6612
264.6276	26.4560
264.7345	26.5526
264.8423	26.4439
264.9551	26.2267
265.0627	26.4801
265.1709	26.3594
265.2841	26.2749
265.3932	26.3232
265.5002	26.3232
265.6084	26.2749
265.7169	26.3112
265.8255	26.5405
265.9348	26.4318
266.0505	26.3232
266.1628	26.1181
266.2799	26.3715
266.3958	26.3353
266.5059	26.4560
266.6197	26.3474
266.7283	26.2508
266.8426	26.1663
266.9497	26.1905
267.0597	26.5043
267.1775	26.3112
267.2955	26.1181
267.4091	26.2387
267.5205	26.2146
267.6356	26.4560
267.7511	26.5163
267.8651	26.3112
267.9746	26.4077
268.0838	26.2025
268.1974	26.4318
268.3099	26.4439
268.4206	26.4922
268.5339	26.3353
268.6426	26.3836
268.7556	26.3715
268.8692	26.4439
268.9802	26.4198
269.0910	26.5526
269.2003	26.2749
269.3142	26.3112
269.4247	26.3836
269.5373	26.3956
269.6473	26.2749
269.7584	26.2629
269.8695	26.2629
269.9797	26.5526
270.0922	26.4198
270.1995	26.2387
270.3133	26.2387
270.4230	26.3594
270.5321	26.2629
270.6461	26.0940
270.7559	26.2629
270.8697	26.2025
270.9801	26.2749
271.0925	26.3474
271.2043	26.3594
271.3151	26.4439
271.4294	26.2629
271.5452	26.2991
271.6595	26.3956
271.7708	26.2146
271.8779	26.6250
271.9866	26.3232
272.1015	26.2991
272.2159	26.3836
272.3253	26.4439
272.4352	26.2629
272.5523	26.6371
272.6675	26.2146
272.7818	26.3715
272.8909	26.4560
273.0059	26.4922
273.1221	26.2387
273.2373	26.4077
273.3516	26.3112
273.4666	26.3112
273.5816	26.3232
273.6943	26.3956
273.8081	26.3353
273.9184	26.3353
274.0337	26.4439
274.1464	26.2508
274.2572	26.3232
274.3688	26.0698
274.4774	26.3232
274.5895	26.3594
274.7005	26.3112
274.8094	26.2387
274.9178	26.4922
275.0282	26.1663
275.1403	26.3474
275.2521	26.2870
275.3651	26.2508
275.4752	26.3594
275.5876	26.1663
275.6999	26.3474
275.8128	26.2870
275.9242	26.4318
276.0339	26.4077
276.1468	26.3353
276.2634	26.4198
276.3793	26.3715
276.4936	26.3594
276.6027	26.2629
276.7181	26.3836
276.8323	26.3353
276.9422	26.2267
277.0571	26.3836
277.1698	26.3715
277.2855	26.4318
277.4002	26.0940
277.5140	26.2387
277.6235	26.2508
277.7373	26.2629
277.8518	26.4560
277.9628	26.1784
278.0774	26.3232
278.1869	25.9733
278.3030	26.3232
278.4177	26.3715
278.5319	26.2267
278.6427	26.1905
278.7583	26.4198
278.8731	26.3112
278.9845	26.1181
279.0996	26.3715
279.2154	26.2991
279.3309	26.1905
279.4461	26.3112
279.5608	26.2146
279.6708	26.5043
279.7799	26.5767
279.8925	26.2991
280.0073	26.4318
280.1213	26.3956
280.2354	26.7820
280.3504	26.3353
280.4674	26.3836
280.5816	26.2749
280.6931	26.3836
280.8008	26.4560
280.9094	26.3956
281.0233	26.3956
281.1326	26.4801
281.2413	26.3474
281.3505	26.4077
281.4588	26.3474
281.5710	26.1784
281.6856	26.2749
281.7970	26.1905
281.9035	26.3594
282.0105	26.1784
282.1172	26.4801
282.2219	26.3956
282.3271	26.3232
282.4385	26.1060
282.5517	26.2508
282.6634	26.2146
282.7741	26.2870
282.8908	26.3112
282.9991	26.3474
283.1108	26.3474
283.2265	26.3353
283.3418	26.2870
283.4533	26.3956
283.5584	26.2508
283.6650	26.3715
283.7778	26.3836
283.8886	26.5405
283.9961	26.3956
284.1045	26.3956
284.2193	26.3836
284.3369	26.4318
284.4549	26.4198
284.5691	26.4198
284.6738	26.4077
284.7810	26.5043
284.8877	26.2629
284.9945	26.2629
285.1043	26.4681
285.2221	26.3836
285.3389	26.2387
285.4540	26.5163
285.5728	26.3112
285.6880	26.3594
285.8042	26.3232
285.9143	26.3715
286.0311	26.3232
286.1454	26.4198
286.2633	26.3232
286.3813	26.1060
286.4988	26.3112
286.6154	26.3715
286.7327	26.2508
286.8489	26.3112
286.9590	26.3232
287.0765	26.2870
287.1932	26.2629
287.3079	26.3474
287.4178	26.3232
287.5240	26.3353
287.6300	26.2991
287.7366	26.1784
287.8422	26.3474
287.9471	26.1543
288.0567	26.2991
288.1720	26.3956
288.2872	26.3112
288.4013	26.3232
288.5173	26.3353
288.6317	26.3956
288.7423	26.3956
288.8573	26.2749
288.9669	26.1784
289.0837	26.2267
289.2005	26.4318
289.3169	26.3715
289.4316	26.4801
289.5480	26.2025
289.6607	26.2267
289.7751	26.3474
289.8899	26.4198
290.0042	26.4077
290.1173	26.4077
290.2340	26.2749
290.3477	26.3836
290.4624	26.4681
290.5780	26.2387
290.6940	26.2749
290.8077	26.3715
290.9172	26.3836
291.0315	26.4198
291.1460	26.3836
291.2563	26.3232
291.3705	26.3594
291.4849	26.5043
291.6005	26.2870
291.7173	26.1663
291.8321	26.2508
291.9420	26.5646
292.0562	26.3836
292.1710	26.3715
292.2863	26.3353
292.4005	26.2146
292.5134	26.3594
292.6283	26.3474
292.7417	26.3474
292.8541	26.1784
292.9637	26.3353
293.0785	26.3112
293.1929	26.2267
293.3069	26.2870
293.4219	26.3474
293.5372	26.3353
293.6509	26.2991
293.7627	26.2387
293.8780	26.3715
293.9897	26.4077
294.1052	26.4198
294.2197	26.3112
294.3332	26.4439
294.4483	26.2870
294.5627	26.4560
294.6769	26.3474
294.7886	26.4560
294.8971	26.3353
295.0131	26.2508
295.1289	26.3112
295.2436	26.5284
295.3560	26.2267
295.4672	26.4560
295.5804	26.4077
295.6961	26.3353
295.8098	26.4198
295.9187	26.2146
296.0339	26.2508
296.1483	26.3594
296.2607	26.5526
296.3727	26.3474
296.4865	26.1784
296.6005	26.2991
296.7146	26.2146
296.8279	26.1060
296.9381	26.4318
297.0514	26.3715
297.1610	26.1663
297.2747	26.2749
297.3884	26.3836
297.5030	26.4198
297.6167	26.5284
297.7303	26.3353
297.8432	26.3232
297.9540	26.2387
298.0669	26.4801
298.1819	26.4077
298.2966	26.3474
298.4125	26.2991
298.5273	26.3956
298.6421	26.3474
298.7566	26.3956
298.8708	26.5526
298.9823	26.5284
299.0965	26.3112
299.2119	26.6974
299.3279	26.4198
299.4430	26.1663
299.5586	26.3474
299.6731	26.3112
299.7879	26.3594
299.8981	26.4439
