0.0000	26.6644
0.1122	26.6854
0.2258	26.6435
0.3421	26.6516
0.4596	26.6596
0.5776	26.6709
0.6955	26.6483
0.8112	26.6757
0.9310	26.6821
1.0464	26.6290
1.1620	26.6548
1.2763	26.6516
1.3913	26.6580
1.5112	26.6564
1.6277	26.6612
1.7470	26.6821
1.8629	26.6483
1.9810	26.6435
2.0931	26.6596
2.2097	26.6516
2.3298	26.6837
2.4395	26.6757
2.5523	26.6483
2.6679	26.6483
2.7775	26.6387
2.8886	26.6612
2.9979	26.6338
3.1075	26.6725
3.2189	26.6532
3.3381	26.6725
3.4538	26.6821
3.5778	26.6693
3.6954	26.6612
3.8105	26.6467
3.9282	26.6854
4.0483	26.6628
4.1676	26.6499
4.2799	26.6660
4.3924	26.6902
4.5084	26.6725
4.6287	26.6419
4.7409	26.6596
4.8614	26.6210
4.9783	26.6628
5.0988	26.6499
5.2175	26.6499
5.3362	26.6693
5.4546	26.6403
5.5686	26.6870
5.6862	26.6516
5.8072	26.6435
5.9274	26.6580
6.0457	26.6564
6.1613	26.6548
6.2775	26.6564
6.3934	26.6676
6.5121	26.6612
6.6257	26.6371
6.7456	26.6580
6.8659	26.6306
6.9868	26.6709
7.1073	26.6676
7.2241	26.6483
7.3417	26.6837
7.4614	26.6644
7.5781	26.6290
7.6937	26.6532
7.8130	26.6660
7.9329	26.6693
8.0522	26.6483
8.1710	26.6709
8.2876	26.6564
8.4016	26.6966
8.5209	26.6564
8.6324	26.6371
8.7459	26.6725
8.8650	26.6676
8.9835	26.6290
9.1027	26.6821
9.2191	26.6757
9.3349	26.6274
9.4466	26.5952
9.5580	26.6451
9.6678	26.6516
9.7791	26.6451
9.8882	26.6532
9.9979	26.6580
10.1095	26.6516
10.2224	26.6194
10.3341	26.6499
10.4474	26.6419
10.5596	26.6564
10.6729	26.6580
10.7854	26.6676
10.9057	26.6435
11.0253	26.6355
11.1455	26.6161
11.2639	26.6242
11.3763	26.6596
11.4954	26.6773
11.6154	26.6355
11.7362	26.6451
11.8543	26.6419
11.9684	26.6966
12.0887	26.6693
12.2085	26.6612
12.3269	26.6757
12.4423	26.6564
12.5557	26.6693
12.6738	26.6499
12.7883	26.6725
12.9073	26.6210
13.0229	26.6516
13.1443	26.6516
13.2611	26.6725
13.3711	26.6902
13.4837	26.6306
13.6045	26.6950
13.7237	26.6660
13.8410	26.6676
13.9532	26.7015
14.0744	26.6532
14.1923	26.6628
14.3031	26.6709
14.4206	26.6773
14.5323	26.6451
14.6490	26.6548
14.7663	26.6548
14.8843	26.6950
15.0016	26.6789
15.1149	26.6757
15.2275	26.6644
15.3392	26.6676
15.4571	26.6741
15.5711	26.6950
15.6876	26.6612
15.8087	26.6693
15.9274	26.6322
16.0475	26.6870
16.1629	26.6966
16.2813	26.6564
16.3963	26.6612
16.5159	26.6854
16.6361	26.6918
16.7516	26.6709
16.8704	26.6548
16.9901	26.6950
17.1088	26.6934
17.2233	26.6998
17.3333	26.7111
17.4439	26.6773
17.5565	26.6580
17.6755	26.6612
17.7887	26.6918
17.9063	26.6387
18.0177	26.6886
18.1320	26.6644
18.2497	26.6757
18.3640	26.6837
18.4841	26.6403
18.6029	26.6934
18.7158	26.6741
18.8291	26.6676
18.9471	26.6741
19.0610	26.6934
19.1800	26.6516
19.2930	26.6644
19.4072	26.6644
19.5264	26.6821
19.6450	26.6435
19.7550	26.6628
19.8675	26.6676
19.9801	26.6709
20.0911	26.6516
20.2037	26.6773
20.3184	26.6226
20.4299	26.6387
20.5449	26.6757
20.6594	26.6870
20.7742	26.6805
20.8885	26.6387
21.0097	26.6660
21.1323	26.6934
21.2542	26.7047
21.3677	26.6854
21.4795	26.6676
21.5912	26.6499
21.7016	26.6741
21.8163	26.7015
21.9319	26.6676
22.0444	26.6532
22.1636	26.6982
22.2759	26.6580
22.3896	26.6403
22.5033	26.6741
22.6208	26.6854
22.7326	26.6660
22.8454	26.6821
22.9647	26.6580
23.0800	26.6837
23.1982	26.7240
23.3176	26.6773
23.4342	26.6741
23.5478	26.7047
23.6640	26.7079
23.7827	26.6290
23.9002	26.7031
24.0206	26.6741
24.1355	26.6805
24.2478	26.6548
24.3609	26.6789
24.4730	26.7047
24.5869	26.7159
24.7031	26.6483
24.8171	26.6805
24.9366	26.6548
25.0549	26.6596
25.1742	26.6950
25.2933	26.6854
25.4107	26.6982
25.5311	26.6789
25.6482	26.6612
25.7630	26.6483
25.8813	26.6870
26.0013	26.6580
26.1206	26.7031
26.2387	26.7031
26.3528	26.6676
26.4732	26.7063
26.5921	26.6837
26.7114	26.6548
26.8259	26.6966
26.9425	26.6870
27.0574	26.6837
27.1778	26.7031
27.2926	26.6693
27.4113	26.7111
27.5292	26.6757
27.6414	26.6902
27.7531	26.6886
27.8645	26.6773
27.9740	26.6918
28.0834	26.6854
28.1944	26.7047
28.3055	26.6644
28.4168	26.6387
28.5260	26.6998
28.6377	26.6596
28.7554	26.6773
28.8727	26.7208
28.9939	26.6950
29.1153	26.6821
29.2356	26.6837
29.3488	26.6837
29.4635	26.7063
29.5800	26.6709
29.7025	26.7095
29.8220	26.7192
29.9444	26.6870
30.0647	26.6274
30.1861	26.6644
30.3054	26.6805
30.4192	26.6854
30.5332	26.6596
30.6548	26.7143
30.7728	26.6660
30.8830	26.6483
30.9981	26.6870
31.1166	26.7079
31.2374	26.6548
31.3537	26.6886
31.4726	26.6950
31.5875	26.7192
31.7088	26.6628
31.8292	26.6854
31.9486	26.6837
32.0675	26.7095
32.1866	26.6757
32.3068	26.6902
32.4262	26.6805
32.5454	26.6918
32.6605	26.6644
32.7818	26.6805
32.9006	26.6902
33.0206	26.6870
33.1354	26.6934
33.2528	26.6403
33.3674	26.6934
33.4863	26.6998
33.6045	26.7095
33.7199	26.6805
33.8326	26.6741
33.9464	26.6483
34.0557	26.6596
34.1646	26.6564
34.2744	26.6596
34.3842	26.6644
34.4951	26.6725
34.6127	26.6789
34.7302	26.6854
34.8458	26.6821
34.9641	26.6870
35.0773	26.6644
35.1947	26.6757
35.3095	26.6950
35.4276	26.6709
35.5431	26.7079
35.6635	26.6998
35.7833	26.6821
35.9060	26.7047
36.0254	26.6564
36.1404	26.6741
36.2599	26.7143
36.3742	26.7015
36.4959	26.7015
36.6135	26.6612
36.7264	26.6886
36.8461	26.6612
36.9624	26.7079
37.0837	26.6789
37.2039	26.6628
37.3209	26.6709
37.4345	26.6612
37.5529	26.6757
37.6641	26.6693
37.7773	26.6837
37.8869	26.7079
37.9960	26.6821
38.1069	26.6886
38.2212	26.7127
38.3409	26.7079
38.4607	26.6982
38.5817	26.6564
38.7011	26.6902
38.8224	26.6693
38.9421	26.6982
39.0545	26.6950
39.1848	26.6902
39.2991	26.7063
39.4109	26.6918
39.5197	26.7095
39.6327	26.7240
39.7539	26.6886
39.8756	26.6805
39.9977	26.6837
40.1299	26.6870
40.2403	26.6773
40.3548	26.6580
40.4741	26.7095
40.5942	26.6982
40.7147	26.7063
40.8360	26.7369
40.9547	26.7015
41.0746	26.7079
41.1955	26.6805
41.3153	26.6741
41.4347	26.6886
41.5560	26.6773
41.6755	26.6998
41.7964	26.7465
41.9162	26.7224
42.0310	26.6982
42.1497	26.6789
42.2699	26.7047
42.3838	26.6821
42.5049	26.6998
42.6264	26.6676
42.7480	26.6854
42.8666	26.6998
42.9860	26.6854
43.1070	26.7095
43.2273	26.7031
43.3457	26.6950
43.4645	26.7272
43.5841	26.7337
43.7056	26.6934
43.8252	26.6918
43.9457	26.6837
44.0661	26.6950
44.1858	26.6660
44.3002	26.6950
44.4194	26.6950
44.5402	26.6773
44.6592	26.6934
44.7780	26.6886
44.8929	26.6998
45.0139	26.6950
45.1332	26.6966
45.2498	26.7240
45.3644	26.6886
45.4840	26.7224
45.6047	26.6725
45.7238	26.6789
45.8425	26.7143
45.9618	26.6757
46.0796	26.6966
46.2069	26.7304
46.3318	26.6805
46.4513	26.6950
46.5749	26.7176
46.6960	26.6902
46.8164	26.7240
46.9345	26.6741
47.0541	26.7015
47.1743	26.6644
47.2947	26.6870
47.4098	26.6902
47.5287	26.6982
47.6478	26.7015
47.7667	26.7272
47.8848	26.6757
48.0046	26.7031
48.1272	26.6902
48.2459	26.7015
48.3585	26.6403
48.4724	26.6918
48.5912	26.6854
48.7049	26.6870
48.8242	26.7256
48.9335	26.7127
49.0446	26.7208
49.1537	26.6982
49.2650	26.7176
49.3743	26.7176
49.4853	26.6982
49.5962	26.7031
49.7073	26.7256
49.8160	26.7079
49.9261	26.6982
50.0389	26.7288
50.1556	26.6982
50.2738	26.6950
50.3865	26.6982
50.4986	26.7047
50.6128	26.6934
50.7337	26.7095
50.8459	26.7079
50.9594	26.6966
51.0733	26.7208
51.1916	26.6934
51.3088	26.7047
51.4286	26.7111
51.5469	26.7047
51.6578	26.7224
51.7670	26.7063
51.8781	26.7095
51.9878	26.7047
52.0998	26.7079
52.2116	26.6725
52.3277	26.6741
52.4423	26.7176
52.5618	26.7159
52.6792	26.7143
52.7996	26.6998
52.9184	26.6950
53.0287	26.7192
53.1393	26.7127
53.2517	26.7047
53.3650	26.7063
53.4875	26.6773
53.6093	26.6950
53.7291	26.7143
53.8484	26.6918
53.9674	26.6757
54.0880	26.7159
54.2065	26.7127
54.3210	26.6998
54.4429	26.7240
54.5611	26.6837
54.6821	26.7159
54.7998	26.6934
54.9196	26.7304
55.0408	26.6982
55.1604	26.6709
55.2780	26.6918
55.3919	26.6966
55.5107	26.7079
55.6280	26.7192
55.7420	26.6741
55.8588	26.6998
55.9780	26.6934
56.0961	26.7079
56.2063	26.7047
56.3174	26.7047
56.4257	26.6950
56.5344	26.7304
56.6431	26.7015
56.7544	26.6757
56.8653	26.6918
56.9756	26.7449
57.0864	26.6499
57.1956	26.7047
57.3057	26.6435
57.4164	26.7063
57.5270	26.7320
57.6354	26.6934
57.7466	26.7208
57.8574	26.6950
57.9666	26.7047
58.0752	26.7079
58.1840	26.7047
58.2927	26.7320
58.4013	26.6934
58.5120	26.6950
58.6228	26.6934
58.7340	26.7111
58.8426	26.6870
58.9515	26.6773
59.0627	26.7111
59.1733	26.7256
59.2846	26.6837
59.4006	26.6805
59.5195	26.7127
59.6335	26.7095
59.7470	26.6870
59.8612	26.7288
59.9733	26.6966
60.0916	26.7047
60.2064	26.7015
60.3264	26.6966
60.4419	26.7031
60.5545	26.7111
60.6704	26.7079
60.7901	26.6854
60.9037	26.6902
61.0235	26.6886
61.1394	26.7015
61.2594	26.7288
61.3730	26.7095
61.4857	26.6998
61.5995	26.6805
61.7129	26.6982
61.8244	26.6805
61.9395	26.6644
62.0539	26.6902
62.1673	26.6773
62.2807	26.6982
62.3931	26.7240
62.5093	26.6870
62.6269	26.7127
62.7394	26.7272
62.8600	26.7159
62.9821	26.7176
63.1043	26.6870
63.2219	26.6596
63.3355	26.7095
63.4576	26.6532
63.5774	26.6805
63.6992	26.7224
63.8195	26.7111
63.9408	26.7031
64.0608	26.7015
64.1820	26.7143
64.3014	26.6773
64.4165	26.6918
64.5361	26.6982
64.6575	26.6966
64.7770	26.7176
64.8941	26.6870
65.0099	26.7063
65.1308	26.6982
65.2482	26.7159
65.3625	26.7337
65.4786	26.6998
65.5991	26.7063
65.7208	26.7063
65.8415	26.7015
65.9591	26.6660
66.0737	26.6982
66.1940	26.6870
66.3114	26.7337
66.4271	26.7433
66.5423	26.6966
66.6600	26.7079
66.7740	26.6870
66.8891	26.7015
67.0070	26.7176
67.1274	26.7031
67.2454	26.6918
67.3594	26.7481
67.4782	26.6499
67.5925	26.7127
67.7122	26.7079
67.8298	26.7015
67.9459	26.7047
68.0643	26.7031
68.1835	26.6693
68.3004	26.6886
68.4156	26.7192
68.5337	26.6789
68.6482	26.6998
68.7695	26.6725
68.8889	26.7063
69.0080	26.7176
69.1259	26.6982
69.2407	26.6821
69.3550	26.6821
69.4747	26.7063
69.5915	26.7015
69.7062	26.7095
69.8266	26.7465
69.9434	26.7079
70.0573	26.6854
70.1747	26.6789
70.2880	26.7256
70.4021	26.6934
70.5225	26.7304
70.6420	26.7320
70.7548	26.6837
70.8750	26.6870
70.9933	26.7224
71.1078	26.6564
71.2239	26.6998
71.3359	26.6902
71.4559	26.7111
71.5745	26.6854
71.6935	26.6950
71.8082	26.6854
71.9236	26.7159
72.0387	26.7272
72.1541	26.6709
72.2693	26.7240
72.3847	26.7481
72.5046	26.6854
72.6196	26.6886
72.7373	26.6773
72.8545	26.7031
72.9721	26.7272
73.0873	26.7224
73.2043	26.6918
73.3211	26.6902
73.4357	26.7143
73.5547	26.6757
73.6740	26.6612
73.7934	26.7256
73.9105	26.6934
74.0255	26.7111
74.1407	26.6854
74.2597	26.7031
74.3717	26.6870
74.4857	26.7143
74.6073	26.7079
74.7266	26.6644
74.8409	26.6660
74.9541	26.6982
75.0656	26.6870
75.1764	26.7047
75.2894	26.7079
75.4046	26.6886
75.5217	26.6773
75.6388	26.6837
75.7501	26.6854
75.8624	26.6612
75.9808	26.6789
76.0933	26.6902
76.2117	26.7127
76.3323	26.6982
76.4497	26.6821
76.5650	26.6628
76.6855	26.6773
76.8049	26.7320
76.9237	26.6837
77.0417	26.7111
77.1569	26.6741
77.2753	26.6741
77.3907	26.7256
77.5059	26.7127
77.6211	26.6982
77.7396	26.6966
77.8527	26.6902
77.9671	26.6982
78.0839	26.7159
78.1953	26.6966
78.3078	26.7031
78.4270	26.6532
78.5407	26.6950
78.6557	26.6982
78.7690	26.6805
78.8886	26.6773
79.0013	26.6773
79.1380	26.6676
79.2491	26.6854
79.3604	26.6837
79.4721	26.6773
79.5901	26.6998
79.7087	26.6821
79.8205	26.6902
79.9367	26.6886
80.0553	26.6709
80.1737	26.6918
80.2894	26.6982
80.4018	26.6934
80.5207	26.6902
80.6410	26.6854
80.7608	26.7095
80.8800	26.7127
80.9985	26.6837
81.1188	26.6660
81.2375	26.7063
81.3502	26.6628
81.4695	26.6934
81.5885	26.6564
81.7000	26.7159
81.8152	26.6934
81.9338	26.6837
82.0552	26.7031
82.1771	26.6934
82.2957	26.6741
82.4107	26.6741
82.5298	26.6741
82.6445	26.6596
82.7648	26.6837
82.8828	26.6854
83.0030	26.6757
83.1220	26.7031
83.2358	26.6982
83.3513	26.6660
83.4644	26.6998
83.5829	26.6789
83.6967	26.7208
83.8113	26.6693
83.9310	26.6773
84.0476	26.6644
84.1662	26.6934
84.2824	26.7015
84.3966	26.6982
84.5166	26.6870
84.6369	26.6998
84.7569	26.6757
84.8773	26.6837
84.9957	26.6870
85.1156	26.6693
85.2361	26.6467
85.3528	26.6725
85.4741	26.6741
85.5949	26.6902
85.7145	26.6596
85.8348	26.6886
85.9572	26.6837
86.0778	26.6548
86.1986	26.6725
86.3190	26.6950
86.4388	26.6548
86.5577	26.6644
86.6779	26.6693
86.7950	26.7111
86.9156	26.6757
87.0366	26.7111
87.1584	26.6709
87.2784	26.6660
87.3911	26.6676
87.5101	26.6918
87.6291	26.6854
87.7470	26.6355
87.8655	26.6564
87.9831	26.6709
88.1021	26.6660
88.2207	26.6709
88.3365	26.6870
88.4508	26.6660
88.5730	26.6805
88.6918	26.6644
88.8076	26.6274
88.9262	26.6693
89.0463	26.6338
89.1655	26.6676
89.2826	26.6918
89.3948	26.6596
89.5140	26.6773
89.6310	26.6773
89.7442	26.6435
89.8578	26.6516
89.9711	26.6580
90.0863	26.6805
90.2108	26.6580
90.3212	26.6161
90.4351	26.6451
90.5519	26.6693
90.6725	26.6451
90.7907	26.6757
90.9099	26.6548
91.0280	26.6548
91.1383	26.6676
91.2500	26.6870
91.3633	26.6854
91.4831	26.6532
91.5974	26.6564
91.7172	26.6258
91.8367	26.6403
91.9508	26.6628
92.0695	26.6516
92.1832	26.6837
92.3008	26.6693
92.4145	26.6258
92.5367	26.6660
92.6601	26.6419
92.7808	26.6676
92.9019	26.6258
93.0157	26.6564
93.1349	26.6451
93.2538	26.6483
93.3674	26.6564
93.4833	26.6612
93.6024	26.6499
93.7243	26.6226
93.8441	26.6789
93.9645	26.6483
94.0813	26.6548
94.2009	26.6403
94.3221	26.6805
94.4396	26.6483
94.5525	26.6564
94.6693	26.6435
94.7899	26.6483
94.9089	26.6628
95.0276	26.6918
95.1416	26.6290
95.2561	26.6387
95.3715	26.6419
95.4918	26.6548
95.6066	26.6580
95.7277	26.6660
95.8476	26.6725
95.9665	26.6387
96.0869	26.6628
96.2048	26.6451
96.3243	26.6596
96.4442	26.6837
96.5605	26.6177
96.6738	26.6403
96.7951	26.6371
96.9137	26.6322
97.0341	26.6387
97.1538	26.6194
97.2720	26.6644
97.3869	26.6338
97.5047	26.6676
97.6237	26.6854
97.7389	26.6548
97.8594	26.6113
97.9794	26.6580
98.0990	26.6435
98.2179	26.6612
98.3350	26.6628
98.4553	26.6483
98.5756	26.6387
98.6933	26.6516
98.8075	26.6870
98.9264	26.6355
99.0441	26.6194
99.1639	26.6548
99.2826	26.6660
99.3993	26.6467
99.5184	26.6757
99.6325	26.6129
99.7515	26.6741
99.8650	26.6644
99.9809	26.6403
100.0996	26.6306
100.2171	26.6387
100.3308	26.6210
100.4502	26.6805
100.5659	26.6532
100.6864	26.6902
100.8081	26.6612
100.9252	26.6773
101.0454	26.6773
101.1637	26.6483
101.2833	26.6226
101.3986	26.6564
101.5139	26.6451
101.6343	26.6709
101.7549	26.6242
101.8699	26.6709
101.9869	26.6226
102.1071	26.6532
102.2266	26.6161
102.3458	26.6644
102.4635	26.6628
102.5768	26.6516
102.6957	26.6709
102.8100	26.6516
102.9251	26.6612
103.0437	26.6403
103.1631	26.6532
103.2807	26.6725
103.3956	26.6435
103.5124	26.6451
103.6272	26.6644
103.7479	26.6451
103.8663	26.6274
103.9801	26.6499
104.0985	26.6757
104.2164	26.6403
104.3326	26.6532
104.4537	26.6644
104.5700	26.6628
104.6862	26.6242
104.8050	26.6580
104.9252	26.6306
105.0451	26.6757
105.1620	26.6145
105.2764	26.6564
105.3911	26.6516
105.5119	26.6322
105.6316	26.6483
105.7459	26.6467
105.8629	26.6467
105.9830	26.6580
106.1043	26.6355
106.2236	26.6596
106.3364	26.6419
106.4570	26.6387
106.5767	26.6580
106.6959	26.6548
106.8095	26.6564
106.9301	26.6516
107.0447	26.6306
107.1639	26.6499
107.2846	26.6403
107.4020	26.6612
107.5160	26.6789
107.6362	26.6451
107.7546	26.6194
107.8699	26.6950
107.9893	26.6194
108.1080	26.6483
108.2278	26.6580
108.3461	26.6338
108.4662	26.6274
108.5864	26.6612
108.7061	26.6258
108.8242	26.7015
108.9388	26.6467
109.0590	26.6548
109.1778	26.6483
109.2957	26.6451
109.4089	26.6660
109.5283	26.6049
109.6471	26.6805
109.7669	26.6950
109.8856	26.6644
109.9995	26.6194
110.1188	26.6902
110.2369	26.6451
110.3525	26.6532
110.4723	26.6564
110.5910	26.6322
110.7113	26.6596
110.8308	26.6596
110.9503	26.6773
111.0637	26.6355
111.1838	26.6226
111.3037	26.6612
111.4252	26.6516
111.5441	26.6419
111.6624	26.6532
111.7788	26.6548
111.8975	26.6644
112.0145	26.6499
112.1274	26.6387
112.2446	26.6870
112.3598	26.6854
112.4803	26.6355
112.5974	26.6918
112.7087	26.6805
112.8242	26.6757
112.9431	26.6129
113.0609	26.6741
113.1746	26.6709
113.2951	26.6612
113.4147	26.6451
113.5352	26.6660
113.6560	26.6532
113.7761	26.6676
113.8947	26.6387
114.0143	26.7079
114.1310	26.6338
114.2421	26.6483
114.3560	26.6612
114.4769	26.6789
114.5956	26.6145
114.7145	26.6676
114.8336	26.6709
114.9527	26.6741
115.0724	26.6371
115.1875	26.6451
115.3039	26.6580
115.4250	26.6532
115.5452	26.6693
115.6663	26.6596
115.7871	26.6161
115.9068	26.6419
116.0242	26.6612
116.1412	26.6628
116.2536	26.6129
116.3664	26.6435
116.4861	26.6532
116.6063	26.6564
116.7244	26.6483
116.8453	26.6805
116.9638	26.7015
117.0825	26.6403
117.1999	26.6499
117.3140	26.6709
117.4289	26.6773
117.5473	26.6757
117.6660	26.6516
117.7842	26.6194
117.9036	26.6725
118.0216	26.6693
118.1397	26.6644
118.2584	26.6628
118.3721	26.6451
118.4857	26.6741
118.5998	26.6757
118.7192	26.6564
118.8391	26.6451
118.9588	26.6290
119.0784	26.6451
119.1974	26.6660
119.3145	26.6371
119.4315	26.6773
119.5457	26.6516
119.6647	26.6805
119.7849	26.7015
119.9017	26.6403
120.0164	26.6290
120.1366	26.6322
120.2566	26.6902
120.3722	26.6483
120.4903	26.6274
120.6052	26.6789
120.7256	26.6532
120.8445	26.6644
120.9600	26.6741
121.0798	26.6805
121.1998	26.6451
121.3198	26.6644
121.4401	26.6676
121.5554	26.6628
121.6698	26.6612
121.7882	26.6821
121.9081	26.6741
122.0283	26.6918
122.1459	26.6709
122.2565	26.6483
122.3709	26.6902
122.4925	26.6725
122.6097	26.6499
122.7249	26.6725
122.8464	26.6596
122.9661	26.6322
123.0852	26.6483
123.2060	26.6934
123.3241	26.6773
123.4437	26.6483
123.5616	26.6693
123.6803	26.6789
123.7954	26.6564
123.9139	26.6467
124.0333	26.6612
124.1533	26.6709
124.2724	26.6902
124.3861	26.6548
124.5072	26.6773
124.6282	26.6548
124.7462	26.6789
124.8609	26.6564
124.9798	26.6644
125.1009	26.6709
125.2214	26.6371
125.3370	26.6789
125.4573	26.6467
125.5790	26.6837
125.6977	26.6870
125.8179	26.6725
125.9316	26.6628
126.0532	26.6612
126.1735	26.6870
126.2950	26.6693
126.4142	26.6757
126.5340	26.6676
126.6544	26.6596
126.7692	26.6660
126.8877	26.6693
127.0027	26.6821
127.1235	26.6612
127.2430	26.6612
127.3563	26.6564
127.4741	26.6805
127.5922	26.6371
127.7131	26.6821
127.8335	26.6387
127.9507	26.6451
128.0663	26.6660
128.1863	26.6516
128.3074	26.6371
128.4281	26.6532
128.5464	26.6628
128.6668	26.6870
128.7868	26.6660
128.9082	26.6451
129.0264	26.6773
129.1414	26.6676
129.2608	26.6467
129.3752	26.6757
129.4922	26.6660
129.6112	26.6709
129.7298	26.6548
129.8490	26.6741
129.9683	26.6644
130.0810	26.6870
130.1965	26.6870
130.3162	26.6387
130.4316	26.6467
130.5520	26.6451
130.6699	26.6612
130.7902	26.6564
130.9097	26.6854
131.0297	26.6676
131.1486	26.6371
131.2655	26.6628
131.3804	26.6564
131.5002	26.6467
131.6190	26.6467
131.7318	26.6516
131.8511	26.6628
131.9705	26.6516
132.0894	26.6580
132.2079	26.6628
132.3240	26.6676
132.4437	26.6322
132.5628	26.6644
132.6818	26.6419
132.7969	26.6886
132.9143	26.6483
133.0350	26.6177
133.1538	26.6532
133.2710	26.6451
133.3842	26.6483
133.5045	26.6902
133.6254	26.6886
133.7443	26.6725
133.8602	26.6435
133.9794	26.6467
134.0983	26.6499
134.2164	26.6548
134.3310	26.6837
134.4467	26.6065
134.5676	26.6966
134.6878	26.6837
134.8077	26.6741
134.9242	26.6306
135.0441	26.6532
135.1642	26.6403
135.2759	26.6564
135.3886	26.6499
135.5049	26.6612
135.6216	26.6580
135.7399	26.6532
135.8592	26.6451
135.9773	26.6870
136.0960	26.6532
136.2150	26.6612
136.3330	26.6612
136.4528	26.6950
136.5672	26.6644
136.6887	26.6580
136.8061	26.6741
136.9258	26.6371
137.0438	26.6709
137.1637	26.6854
137.2819	26.6773
137.3941	26.6854
137.5111	26.6532
137.6245	26.6274
137.7441	26.6805
137.8581	26.6548
137.9747	26.7031
138.0936	26.6403
138.2131	26.6435
138.3304	26.6789
138.4500	26.6499
138.5650	26.6580
138.6795	26.6805
138.7967	26.7079
138.9155	26.6821
139.0317	26.6676
139.1504	26.6805
139.2688	26.6676
139.3839	26.6709
139.5042	26.6982
139.6210	26.6676
139.7366	26.6998
139.8574	26.6564
139.9775	26.6580
140.0954	26.6612
140.2146	26.6789
140.3308	26.6532
140.4442	26.6821
140.5632	26.6322
140.6824	26.6854
140.7957	26.6789
140.9091	26.6805
141.0288	26.6628
141.1474	26.6805
141.2665	26.6789
141.3819	26.6934
141.5031	26.6934
141.6221	26.6757
141.7322	26.6725
141.8463	26.6789
141.9666	26.6483
142.0882	26.6998
142.2080	26.6644
142.3277	26.6918
142.4454	26.6725
142.5652	26.7015
142.6861	26.6934
142.8065	26.6870
142.9200	26.6982
143.0387	26.6886
143.1558	26.6741
143.2744	26.7031
143.3871	26.6902
143.5056	26.6789
143.6242	26.7385
143.7439	26.6548
143.8622	26.6886
143.9766	26.7079
144.0941	26.7192
144.2132	26.7192
144.3309	26.6854
144.4510	26.6741
144.5718	26.7498
144.6902	26.7079
144.8092	26.6612
144.9262	26.6918
145.0412	26.7288
145.1607	26.6628
145.2779	26.7063
145.3910	26.6886
145.5063	26.6837
145.6208	26.6741
145.7392	26.6870
145.8551	26.6499
145.9753	26.6725
146.0922	26.6950
146.2092	26.7111
146.3281	26.7031
146.4462	26.7304
146.5666	26.7079
146.6810	26.6805
146.8001	26.6693
146.9208	26.6693
147.0366	26.7063
147.1547	26.7176
147.2746	26.7240
147.3895	26.7095
147.5089	26.6918
147.6279	26.7015
147.7415	26.6934
147.8599	26.7063
147.9756	26.7159
148.0957	26.6886
148.2138	26.7079
148.3327	26.7127
148.4521	26.6709
148.5672	26.7369
148.6859	26.7192
148.8010	26.6741
148.9218	26.7176
149.0398	26.6773
149.1562	26.6934
149.2750	26.6837
149.3912	26.6982
149.5116	26.7127
149.6292	26.6982
149.7493	26.7015
149.8639	26.7353
149.9838	26.6854
150.1031	26.6966
150.2204	26.7192
150.3358	26.7353
150.4560	26.7047
150.5768	26.7015
150.6958	26.6950
150.8151	26.6870
150.9289	26.6821
151.0469	26.7224
151.1664	26.6982
151.2843	26.6773
151.3973	26.6757
151.5168	26.6757
151.6354	26.6918
151.7552	26.7111
151.8711	26.7353
151.9835	26.6805
152.0997	26.6821
152.2178	26.7176
152.3369	26.7224
152.4557	26.6644
152.5729	26.7079
152.6901	26.7063
152.8087	26.7015
152.9267	26.6837
153.0402	26.7192
153.1555	26.6950
153.2735	26.6998
153.3870	26.6854
153.5048	26.6870
153.6200	26.7192
153.7412	26.7143
153.8600	26.7224
153.9790	26.6998
154.0910	26.7031
154.2068	26.6966
154.3253	26.7272
154.4459	26.6918
154.5661	26.7047
154.6835	26.6934
154.8014	26.7143
154.9191	26.6886
155.0380	26.6854
155.1532	26.6741
155.2701	26.6902
155.3828	26.6998
155.4979	26.7015
155.6109	26.6966
155.7252	26.7015
155.8454	26.6870
155.9623	26.7159
156.0788	26.6886
156.1935	26.6854
156.3104	26.6918
156.4249	26.6725
156.5388	26.6870
156.6536	26.6966
156.7669	26.6580
156.8856	26.6773
157.0031	26.6612
157.1212	26.6741
157.2388	26.7320
157.3538	26.7031
157.4740	26.7031
157.5929	26.7514
157.7117	26.7095
157.8263	26.7127
157.9448	26.7176
158.0605	26.7095
158.1788	26.6966
158.2930	26.6451
158.4122	26.6950
158.5319	26.6805
158.6523	26.6934
158.7707	26.7047
158.8841	26.7208
159.0060	26.6660
159.1269	26.7095
159.2440	26.6805
159.3571	26.6532
159.4751	26.7063
159.5947	26.7047
159.7134	26.6998
159.8296	26.6741
159.9425	26.6950
160.0607	26.7015
160.1803	26.6403
160.2990	26.6950
160.4145	26.6805
160.5298	26.6693
160.6476	26.7320
160.7632	26.6998
160.8834	26.7079
160.9967	26.7143
161.1177	26.7192
161.2389	26.6693
161.3547	26.6966
161.4754	26.6773
161.5949	26.7240
161.7136	26.6934
161.8342	26.6773
161.9523	26.6821
162.0679	26.6982
162.1881	26.7192
162.3049	26.7031
162.4234	26.7079
162.5408	26.7111
162.6615	26.6934
162.7806	26.6741
162.8962	26.6837
163.0143	26.6950
163.1301	26.6757
163.2491	26.6998
163.3621	26.6950
163.4814	26.6934
163.6019	26.6789
163.7204	26.6934
163.8405	26.6693
163.9594	26.7288
164.0761	26.6982
164.1898	26.7143
164.3078	26.6982
164.4241	26.7111
164.5452	26.6870
164.6659	26.6580
164.7833	26.7192
164.9026	26.6612
165.0235	26.6902
165.1421	26.7111
165.2554	26.7224
165.3695	26.7015
165.4818	26.7015
165.5996	26.6709
165.7186	26.6821
165.8377	26.6854
165.9567	26.7015
166.0758	26.6982
166.1882	26.7047
166.3025	26.6805
166.4220	26.6757
166.5411	26.6950
166.6595	26.6902
166.7789	26.7192
166.8940	26.6934
167.0116	26.7031
167.1251	26.6676
167.2433	26.6757
167.3582	26.7127
167.4777	26.6548
167.5966	26.6998
167.7096	26.6741
167.8254	26.7224
167.9400	26.6821
168.0607	26.6854
168.1787	26.7385
168.2900	26.6580
168.4051	26.6725
168.5247	26.6805
168.6382	26.7385
168.7539	26.6918
168.8665	26.6725
168.9799	26.6644
169.0987	26.6902
169.2180	26.6982
169.3364	26.7063
169.4547	26.7111
169.5746	26.7111
169.6916	26.6854
169.8068	26.6886
169.9269	26.6982
170.0420	26.6918
170.1598	26.7015
170.2770	26.6902
170.3925	26.6982
170.5098	26.7272
170.6243	26.6982
170.7435	26.6966
170.8586	26.6998
170.9715	26.6998
171.0853	26.6918
171.2024	26.7127
171.3200	26.6741
171.4384	26.7015
171.5568	26.6660
171.6747	26.6709
171.7919	26.6725
171.9055	26.6886
172.0258	26.6725
172.1411	26.6950
172.2582	26.6934
172.3732	26.6532
172.4912	26.6854
172.6086	26.6950
172.7235	26.6789
172.8436	26.6757
172.9618	26.6966
173.0808	26.6854
173.1963	26.6805
173.3151	26.6709
173.4316	26.6821
173.5519	26.6773
173.6702	26.7192
173.7870	26.6644
173.9046	26.6564
174.0200	26.6725
174.1396	26.6821
174.2523	26.6966
174.3668	26.6934
174.4870	26.6837
174.6071	26.6966
174.7251	26.7031
174.8389	26.7143
174.9577	26.6773
175.0778	26.7143
175.1952	26.6773
175.3119	26.7063
175.4295	26.7047
175.5478	26.6676
175.6652	26.6966
175.7851	26.7224
175.9001	26.6773
176.0186	26.7111
176.1324	26.7111
176.2502	26.7015
176.3620	26.6918
176.4726	26.6805
176.5864	26.6918
176.7041	26.6773
176.8209	26.7031
176.9336	26.6870
177.0547	26.6950
177.1739	26.6966
177.2934	26.7047
177.4080	26.7079
177.5260	26.7031
177.6392	26.6870
177.7594	26.6966
177.8703	26.7192
177.9831	26.6773
178.1008	26.6918
178.2134	26.6918
178.3310	26.6805
178.4446	26.6709
178.5629	26.6837
178.6750	26.7353
178.7905	26.7047
178.9066	26.7047
179.0181	26.7208
179.1325	26.7498
179.2505	26.6837
179.3645	26.6709
179.4785	26.7127
179.5937	26.7031
179.7162	26.6821
179.8483	26.7031
179.9644	26.6950
180.0834	26.6805
180.2049	26.7272
180.3271	26.6821
180.4449	26.7192
180.5597	26.7111
180.6760	26.6773
180.7969	26.7159
180.9150	26.6934
181.0271	26.6805
181.1422	26.6966
181.2613	26.6870
181.3767	26.7143
181.4961	26.7015
181.6147	26.7192
181.7293	26.6516
181.8441	26.6982
181.9636	26.6805
182.0827	26.7031
182.1984	26.6918
182.3185	26.6886
182.4365	26.6934
182.5505	26.6709
182.6680	26.7015
182.7810	26.6934
182.9004	26.6725
183.0192	26.7224
183.1404	26.7063
183.2575	26.6870
183.3724	26.6837
183.4914	26.6902
183.6111	26.6516
183.7293	26.7111
183.8437	26.7031
183.9636	26.7063
184.0834	26.7111
184.2036	26.6854
184.3221	26.6950
184.4438	26.6725
184.5640	26.6934
184.6767	26.6532
184.7958	26.6532
184.9092	26.7224
185.0297	26.7079
185.1502	26.6612
185.2673	26.6934
185.3820	26.6596
185.5029	26.7192
185.6164	26.6950
185.7350	26.6693
185.8484	26.6837
185.9609	26.7192
186.0756	26.6918
186.1842	26.6934
186.2934	26.7208
186.4052	26.6644
186.5154	26.6966
186.6267	26.6483
186.7375	26.7224
186.8480	26.7449
186.9619	26.6966
187.0815	26.6998
187.2017	26.6918
187.3177	26.7353
187.4360	26.6854
187.5496	26.7143
187.6625	26.7111
187.7798	26.7047
187.8943	26.6902
188.0125	26.6789
188.1278	26.6854
188.2419	26.6709
188.3564	26.6902
188.4766	26.7401
188.5906	26.6998
188.7092	26.6805
188.8236	26.7111
188.9421	26.7176
189.0548	26.6773
189.1690	26.7159
189.2885	26.6886
189.4046	26.6612
189.5232	26.6660
189.6388	26.6966
189.7537	26.6741
189.8724	26.7063
189.9868	26.6886
190.1015	26.6837
190.2170	26.7111
190.3343	26.6902
190.4560	26.7272
190.5747	26.7224
190.6899	26.7176
190.8100	26.6854
190.9251	26.6934
191.0460	26.6934
191.1647	26.7111
191.2765	26.6854
191.3901	26.7047
191.5062	26.6902
191.6259	26.7143
191.7462	26.6693
191.8658	26.6918
191.9871	26.7095
192.1045	26.6982
192.2244	26.7095
192.3381	26.6886
192.4571	26.6757
192.5769	26.6886
192.6954	26.6870
192.8140	26.6998
192.9277	26.7111
193.0479	26.7256
193.1685	26.6902
193.2869	26.7127
193.4001	26.7256
193.5128	26.6837
193.6312	26.7063
193.7511	26.6854
193.8688	26.7337
193.9839	26.6693
194.1042	26.7159
194.2208	26.6934
194.3316	26.6982
194.4462	26.6757
194.5654	26.7143
194.6866	26.7015
194.8068	26.6854
194.9235	26.6854
195.0440	26.7111
195.1626	26.6805
195.2816	26.7111
195.3959	26.7079
195.5117	26.7127
195.6314	26.6805
195.7475	26.7079
195.8675	26.6709
195.9869	26.6998
196.1032	26.6644
196.2220	26.6854
196.3360	26.6902
196.4547	26.6998
196.5698	26.6950
196.6910	26.6773
196.8115	26.6789
196.9306	26.6387
197.0481	26.6805
197.1690	26.6870
197.2875	26.7095
197.4029	26.6998
197.5231	26.7063
197.6397	26.6966
197.7576	26.6499
197.8782	26.7143
197.9977	26.7031
198.1159	26.7111
198.2304	26.7208
198.3462	26.6854
198.4661	26.7047
198.5842	26.6886
198.7031	26.6982
198.8237	26.6998
198.9437	26.6837
199.0641	26.6966
199.1859	26.6676
199.3022	26.7304
199.4156	26.7127
199.5271	26.7063
199.6383	26.7111
199.7550	26.7143
199.8746	26.7578
199.9958	26.7353
200.1141	26.7192
200.2274	26.6757
200.3474	26.6934
200.4685	26.6982
200.5876	26.6870
200.7071	26.7208
200.8206	26.7385
200.9392	26.6467
201.0540	26.7272
201.1743	26.7224
201.2938	26.7481
201.4083	26.7047
201.5272	26.6870
201.6454	26.6982
201.7652	26.7224
201.8827	26.6934
202.0028	26.7465
202.1242	26.6757
202.2415	26.7079
202.3546	26.6741
202.4691	26.7111
202.5901	26.7143
202.7105	26.6998
202.8293	26.6773
202.9476	26.7256
203.0669	26.7063
203.1861	26.7240
203.3018	26.6805
203.4201	26.7063
203.5351	26.6757
203.6539	26.6483
203.7747	26.6982
203.8949	26.7143
204.0110	26.7272
204.1306	26.6821
204.2448	26.7159
204.3601	26.7224
204.4781	26.7063
204.5938	26.7015
204.7121	26.7192
204.8330	26.7159
204.9532	26.7063
205.0692	26.7047
205.1904	26.6998
205.3079	26.6982
205.4224	26.6918
205.5353	26.6886
205.6509	26.6789
205.7706	26.7159
205.8879	26.6709
206.0019	26.6998
206.1136	26.6886
206.2290	26.7272
206.3433	26.6998
206.4593	26.6693
206.5742	26.6998
206.6900	26.7337
206.8108	26.7224
206.9307	26.7079
207.0432	26.6773
207.1571	26.7192
207.2691	26.7176
207.3812	26.7143
207.4936	26.7015
207.6064	26.6870
207.7210	26.7127
207.8410	26.7079
207.9578	26.6934
208.0764	26.7224
208.1942	26.7015
208.3094	26.7047
208.4288	26.6870
208.5479	26.6902
208.6616	26.7031
208.7807	26.7192
208.8977	26.6644
209.0112	26.7433
209.1305	26.6628
209.2489	26.6854
209.3618	26.6950
209.4768	26.7063
209.5953	26.6966
209.7127	26.7208
209.8225	26.7015
209.9337	26.7272
210.0504	26.6709
210.1697	26.7079
210.2823	26.7401
210.3936	26.7111
210.5035	26.7240
210.6181	26.7272
210.7377	26.6902
210.8522	26.7031
210.9668	26.7176
211.0805	26.7111
211.2018	26.7127
211.3227	26.6725
211.4426	26.6886
211.5591	26.7063
211.6742	26.7143
211.7943	26.6918
211.9119	26.7095
212.0259	26.7256
212.1421	26.6870
212.2592	26.7079
212.3686	26.6693
212.4845	26.6886
212.6026	26.6934
212.7169	26.7015
212.8375	26.7176
212.9517	26.6950
213.0649	26.6854
213.1850	26.7079
213.3021	26.6870
213.4192	26.7063
213.5363	26.7240
213.6580	26.7385
213.7780	26.7240
213.8992	26.7015
214.0179	26.6854
214.1318	26.6966
214.2525	26.7208
214.3674	26.6902
214.4874	26.7272
214.6071	26.7208
214.7279	26.7272
214.8443	26.7015
214.9535	26.7015
215.0654	26.6998
215.1763	26.7111
215.2881	26.6886
215.4011	26.7433
215.5224	26.7176
215.6418	26.7015
215.7540	26.6886
215.8701	26.7111
215.9919	26.7031
216.1047	26.6950
216.2162	26.6950
216.3362	26.6870
216.4548	26.6789
216.5703	26.6886
216.6889	26.6854
216.8042	26.7079
216.9155	26.6950
217.0297	26.7224
217.1493	26.6709
217.2633	26.7079
217.3767	26.6612
217.4893	26.7337
217.6029	26.7095
217.7201	26.6966
217.8336	26.6854
217.9491	26.7079
218.0710	26.7224
218.1892	26.6870
218.3022	26.7079
218.4184	26.7095
218.5367	26.7224
218.6503	26.7143
218.7710	26.7159
218.8843	26.6805
218.9980	26.6982
219.1147	26.7272
219.2278	26.7095
219.3449	26.6934
219.4571	26.7401
219.5720	26.7176
219.6923	26.7304
219.8054	26.7095
219.9186	26.6966
220.0311	26.7015
220.1542	26.6934
220.2757	26.6918
220.3884	26.6934
220.5043	26.7143
220.6254	26.7208
220.7389	26.7063
220.8513	26.7127
220.9650	26.6966
221.0883	26.7353
221.2102	26.6934
221.3265	26.7063
221.4465	26.6693
221.5565	26.7031
221.6699	26.6773
221.7903	26.7127
221.9035	26.7079
222.0207	26.7240
222.1342	26.7143
222.2547	26.7143
222.3690	26.7079
222.4900	26.7240
222.6039	26.7063
222.7247	26.6966
222.8441	26.7127
222.9632	26.7159
223.0840	26.6644
223.1989	26.6950
223.3180	26.7095
223.4333	26.7224
223.5538	26.7176
223.6718	26.7143
223.7931	26.6966
223.9090	26.6709
224.0223	26.7240
224.1374	26.6660
224.2512	26.7320
224.3643	26.6998
224.4815	26.6982
224.6014	26.7176
224.7203	26.6660
224.8412	26.7192
224.9607	26.7127
225.0803	26.7401
225.1948	26.7272
225.3072	26.7272
225.4206	26.6902
225.5391	26.6998
225.6579	26.7063
225.7769	26.6982
225.8924	26.7224
226.0095	26.6918
226.1272	26.6934
226.2458	26.7240
226.3598	26.7369
226.4766	26.7530
226.5894	26.6789
226.7069	26.7079
226.8250	26.6886
226.9433	26.7015
227.0600	26.7353
227.1786	26.6982
227.2937	26.7079
227.4073	26.7224
227.5264	26.7256
227.6445	26.6902
227.7582	26.7015
227.8770	26.6757
227.9908	26.7143
228.1101	26.7272
228.2275	26.7578
228.3421	26.7224
228.4572	26.7063
228.5760	26.7385
228.6938	26.7111
228.8132	26.6886
228.9323	26.6886
229.0494	26.6950
229.1692	26.7079
229.2882	26.6902
229.4006	26.7337
229.5144	26.7272
229.6334	26.7047
229.7529	26.7063
229.8675	26.7111
229.9806	26.6870
230.0962	26.6934
230.2174	26.7337
230.3352	26.6837
230.4533	26.7143
230.5660	26.7079
230.6812	26.6950
230.8009	26.7095
230.9161	26.6918
231.0351	26.7224
231.1505	26.6966
231.2684	26.7465
231.3838	26.6854
231.5018	26.7208
231.6201	26.7095
231.7364	26.6773
231.8574	26.7063
231.9772	26.6854
232.0961	26.7401
232.2107	26.7143
232.3297	26.6805
232.4496	26.6950
232.5725	26.7498
232.6919	26.7449
232.8106	26.6854
232.9290	26.6870
233.0497	26.7111
233.1681	26.6886
233.2813	26.7111
233.3949	26.6709
233.5139	26.6837
233.6305	26.7079
233.7483	26.6918
233.8678	26.6870
233.9893	26.7063
234.1111	26.6998
234.2277	26.7224
234.3401	26.6902
234.4599	26.7079
234.5782	26.7272
234.6921	26.7401
234.8100	26.7095
234.9277	26.7063
235.0454	26.6886
235.1596	26.7127
235.2774	26.6918
235.3887	26.7127
235.5036	26.7192
235.6210	26.7337
235.7377	26.7353
235.8565	26.6998
235.9701	26.7159
236.0817	26.7304
236.1923	26.7192
236.3011	26.7079
236.4125	26.7465
236.5255	26.7337
236.6449	26.7015
236.7611	26.7031
236.8809	26.6998
236.9949	26.7015
237.1127	26.7320
237.2287	26.7272
237.3490	26.6886
237.4678	26.7127
237.5835	26.7176
237.7023	26.7192
237.8160	26.7192
237.9361	26.7272
238.0497	26.6918
238.1690	26.7015
238.2870	26.6934
238.4018	26.7192
238.5223	26.6998
238.6424	26.7337
238.7612	26.7063
238.8759	26.7256
238.9931	26.6966
239.1084	26.7401
239.2262	26.7176
239.3439	26.7578
239.4644	26.6837
239.5858	26.7208
239.7056	26.7192
239.8256	26.7240
239.9500	26.7143
240.0677	26.7159
240.1839	26.7369
240.3023	26.7465
240.4207	26.7127
240.5417	26.6805
240.6607	26.6902
240.7802	26.7031
240.8995	26.7353
241.0186	26.6950
241.1388	26.6918
241.2525	26.7031
241.3675	26.7498
241.4889	26.7143
241.6094	26.7079
241.7274	26.6950
241.8460	26.6950
241.9659	26.7095
242.0850	26.7272
242.1956	26.7079
242.3090	26.6982
242.4278	26.7095
242.5450	26.7015
242.6653	26.7063
242.7842	26.7047
242.9034	26.7159
243.0224	26.7111
243.1429	26.7063
243.2604	26.7015
243.3735	26.6902
243.4912	26.7095
243.6111	26.7127
243.7297	26.7111
243.8472	26.7127
243.9675	26.6950
244.0869	26.7256
244.2077	26.6982
244.3245	26.7015
244.4368	26.7047
244.5535	26.6837
244.6657	26.6966
244.7774	26.7320
244.8919	26.6805
245.0116	26.7079
245.1310	26.7433
245.2497	26.7079
245.3628	26.7111
245.4756	26.6982
245.5930	26.7385
245.7072	26.7192
245.8193	26.7353
245.9330	26.7031
246.0476	26.7079
246.1676	26.6870
246.2876	26.6837
246.4029	26.7272
246.5184	26.7095
246.6365	26.6982
246.7561	26.7047
246.8678	26.6870
246.9802	26.6757
247.0939	26.6870
247.2103	26.7047
247.3277	26.7031
247.4408	26.7176
247.5524	26.7176
247.6679	26.6966
247.7804	26.7192
247.8992	26.6934
248.0124	26.6773
248.1250	26.6950
248.2431	26.7465
248.3573	26.6998
248.4736	26.7079
248.5868	26.7063
248.7017	26.7063
248.8150	26.7079
248.9286	26.6934
249.0507	26.7530
249.1648	26.6934
249.2843	26.7095
249.3985	26.7176
249.5150	26.6950
249.6305	26.7095
249.7423	26.7272
249.8594	26.7143
249.9774	26.7079
250.0920	26.7337
250.2080	26.7143
250.3219	26.7256
250.4353	26.7079
250.5471	26.7272
250.6673	26.6950
250.7812	26.7481
250.8955	26.6821
251.0112	26.7079
251.1322	26.7031
251.2466	26.7272
251.3585	26.7015
251.4741	26.7111
251.5942	26.7192
251.7117	26.6918
251.8288	26.6757
251.9500	26.7063
252.0683	26.6837
252.1908	26.6805
252.3077	26.7095
252.4227	26.6950
252.5453	26.7047
252.6672	26.6902
252.7864	26.7079
252.9019	26.6870
253.0216	26.7111
253.1336	26.6870
253.2534	26.7224
253.3670	26.6998
253.4781	26.7176
253.5920	26.6676
253.7108	26.6934
253.8305	26.7111
253.9432	26.6934
254.0614	26.6854
254.1748	26.6902
254.2867	26.6805
254.3998	26.7465
254.5117	26.7304
254.6310	26.7127
254.7453	26.7143
254.8686	26.7240
254.9889	26.7079
255.1101	26.7385
255.2264	26.6966
255.3354	26.7047
255.4479	26.6950
255.5620	26.7047
255.6747	26.7288
255.7927	26.7111
255.9043	26.6902
256.0205	26.7224
256.1417	26.7192
256.2600	26.7176
256.3730	26.6870
256.4854	26.7449
256.6025	26.6950
256.7174	26.7240
256.8306	26.7272
256.9498	26.7224
257.0657	26.7192
257.1806	26.7192
257.3008	26.7272
257.4140	26.7256
257.5270	26.6918
257.6389	26.6821
257.7568	26.7111
257.8709	26.7208
257.9889	26.7272
258.1055	26.7224
258.2152	26.6709
258.3266	26.6934
258.4415	26.7337
258.5561	26.7127
258.6710	26.7240
258.7873	26.7079
258.9052	26.7095
259.0200	26.7031
259.1361	26.7143
259.2479	26.7176
259.3596	26.7594
259.4750	26.7095
259.5933	26.7127
259.7058	26.7256
259.8197	26.7095
259.9352	26.7530
260.0539	26.7095
260.1738	26.7159
260.2917	26.7015
260.4074	26.7143
260.5221	26.6886
260.6352	26.6757
260.7548	26.7337
260.8707	26.6998
260.9836	26.7288
261.0957	26.7256
261.2149	26.7208
261.3269	26.7449
261.4418	26.7208
261.5539	26.6982
261.6683	26.7111
261.7843	26.7320
261.9031	26.7063
262.0236	26.7159
262.1473	26.6998
262.2663	26.7224
262.3793	26.6886
262.4922	26.7578
262.6099	26.6950
262.7278	26.6870
262.8479	26.6998
262.9675	26.7304
263.0849	26.7176
263.2061	26.7159
263.3264	26.7192
263.4451	26.7369
263.5592	26.7401
263.6781	26.7353
263.7989	26.7320
263.9185	26.7594
264.0375	26.7385
264.1561	26.7353
264.2741	26.7465
264.3889	26.7385
264.5067	26.7578
264.6221	26.7304
264.7420	26.7337
264.8610	26.7449
264.9819	26.7095
265.1008	26.7272
265.2191	26.7208
265.3357	26.7063
265.4560	26.7240
265.5737	26.7240
265.6890	26.7079
265.8077	26.7176
265.9279	26.7272
266.0448	26.7095
266.1639	26.7015
266.2753	26.7417
266.3886	26.7224
266.5021	26.7417
266.6222	26.6982
266.7358	26.7159
266.8549	26.7208
266.9674	26.7095
267.0813	26.6966
267.1933	26.7159
267.3075	26.7159
267.4262	26.7385
267.5398	26.6854
267.6566	26.7143
267.7752	26.7514
267.8877	26.7337
268.0063	26.7288
268.1195	26.7111
268.2337	26.7417
268.3467	26.7159
268.4660	26.7288
268.5783	26.7256
268.6908	26.7063
268.8038	26.6934
268.9174	26.7385
269.0359	26.7498
269.1484	26.7256
269.2606	26.7353
269.3740	26.7320
269.4922	26.7063
269.6109	26.7208
269.7255	26.7256
269.8454	26.7143
269.9600	26.7079
270.0793	26.6837
270.2009	26.7079
270.3207	26.7385
270.4370	26.6982
270.5578	26.7159
270.6755	26.6886
270.7873	26.7304
270.9006	26.7127
271.0177	26.7143
271.1330	26.7063
271.2547	26.6998
271.3694	26.7208
271.4841	26.7031
271.6048	26.7224
271.7240	26.7143
271.8434	26.7111
271.9622	26.7465
272.0777	26.7240
272.1983	26.7417
272.3169	26.7385
272.4313	26.6821
272.5418	26.7143
272.6552	26.7256
272.7671	26.7192
272.8811	26.7369
272.9947	26.7337
273.1083	26.7514
273.2211	26.7240
273.3333	26.7385
273.4517	26.7514
273.5680	26.7353
273.6816	26.7369
273.7972	26.7159
273.9166	26.7417
274.0303	26.7143
274.1454	26.7449
274.2613	26.7224
274.3756	26.7642
274.4890	26.7498
274.6036	26.7514
274.7168	26.7256
274.8382	26.7095
274.9526	26.7224
275.0734	26.7803
275.1888	26.7514
275.3075	26.7642
275.4214	26.7385
275.5441	26.7143
275.6606	26.7192
275.7741	26.7320
275.8898	26.7111
276.0073	26.7143
276.1208	26.7642
276.2318	26.7385
276.3446	26.7578
276.4615	26.7288
276.5748	26.7353
276.6866	26.7449
276.7977	26.7111
276.9149	26.7385
277.0379	26.7031
277.1600	26.7433
277.2799	26.7272
277.3949	26.7353
277.5153	26.7562
277.6303	26.7433
277.7520	26.7465
277.8650	26.7256
277.9857	26.7288
278.1043	26.7353
278.2171	26.7578
278.3281	26.7465
278.4424	26.7562
278.5604	26.7642
278.6737	26.7546
278.7928	26.7530
278.9110	26.7192
279.0305	26.7465
279.1500	26.7546
279.2604	26.7208
279.3733	26.7111
279.4869	26.7320
279.6047	26.7449
279.7185	26.7530
279.8328	26.7256
279.9487	26.7578
280.0658	26.7514
280.1806	26.7530
280.2992	26.7047
280.4127	26.7047
280.5277	26.7433
280.6470	26.7594
280.7659	26.7369
280.8796	26.7659
280.9931	26.7337
281.1072	26.7385
281.2242	26.7675
281.3376	26.7320
281.4584	26.7659
281.5780	26.7546
281.6971	26.7675
281.8101	26.7465
281.9297	26.7707
282.0482	26.7997
282.1606	26.7465
282.2722	26.7433
282.3878	26.7353
282.5072	26.7514
282.6262	26.7626
282.7459	26.7256
282.8669	26.7449
282.9856	26.7900
283.1057	26.7240
283.2199	26.7176
283.3374	26.7385
283.4584	26.7739
283.5785	26.7369
283.6968	26.7449
283.8167	26.7337
283.9353	26.7610
284.0491	26.7884
284.1664	26.7498
284.2806	26.7498
284.3954	26.7208
284.5152	26.7369
284.6332	26.7337
284.7456	26.7981
284.8630	26.7642
284.9838	26.7465
285.0993	26.7417
285.2176	26.7594
285.3345	26.7481
285.4609	26.7498
285.5707	26.7385
285.6793	26.7449
285.7881	26.7546
285.8992	26.7385
286.0100	26.7514
286.1206	26.7578
286.2314	26.7562
286.3406	26.7417
286.4513	26.7433
286.5625	26.7417
286.6733	26.7498
286.7826	26.7723
286.8936	26.7610
287.0043	26.7594
287.1134	26.7337
287.2246	26.7803
287.3353	26.7465
287.4444	26.7369
287.5534	26.7449
287.6621	26.7304
287.7757	26.7256
287.8879	26.7401
287.9986	26.7884
288.1092	26.7723
288.2199	26.7900
288.3301	26.7739
288.4629	26.7562
288.5735	26.7723
288.6908	26.7610
288.8096	26.7530
288.9278	26.7208
289.0411	26.7610
289.1537	26.7498
289.2681	26.7159
289.3831	26.7272
289.4996	26.7433
289.6133	26.7546
289.7305	26.7498
289.8522	26.7562
289.9729	26.7514
290.0877	26.7610
290.1998	26.7723
290.3129	26.7932
290.4244	26.7449
290.5392	26.7304
290.6538	26.7272
290.7665	26.7691
290.8783	26.7481
290.9908	26.7465
291.1029	26.7449
291.2154	26.7401
291.3262	26.7610
291.4395	26.7465
291.5553	26.7546
291.6710	26.7626
291.7849	26.7176
291.9006	26.7626
292.0231	26.7433
292.1420	26.7304
292.2559	26.7272
292.3712	26.7353
292.4900	26.7288
292.6050	26.7304
292.7233	26.7562
292.8395	26.7820
292.9585	26.7916
293.0773	26.7707
293.1886	26.7578
293.3017	26.7433
293.4181	26.7208
293.5340	26.7272
293.6506	26.7433
293.7696	26.7417
293.8826	26.7610
293.9919	26.7256
294.1010	26.7642
294.2145	26.7240
294.3313	26.7304
294.4491	26.7353
294.5695	26.7385
294.6921	26.7836
294.8113	26.7417
294.9247	26.7610
295.0462	26.7337
295.1674	26.7481
295.2848	26.7337
295.3975	26.7047
295.5206	26.7820
295.6408	26.7562
295.7592	26.7353
295.8791	26.7578
295.9927	26.7626
296.1107	26.7498
296.2255	26.7288
296.3448	26.8013
296.4642	26.7675
296.5852	26.7417
296.7059	26.7562
296.8271	26.7192
296.9462	26.7481
297.0605	26.7530
297.1817	26.7288
297.2994	26.7530
297.4154	26.7594
297.5313	26.7610
297.6521	26.7369
297.7715	26.7562
297.8906	26.7884
298.0110	26.7256
298.1311	26.7771
298.2499	26.7723
298.3652	26.6998
298.4856	26.7562
298.6021	26.7449
298.7170	26.7578
298.8356	26.7320
298.9540	26.7546
299.0727	26.7401
299.1860	26.7707
299.3036	26.7176
299.4178	26.7691
299.5368	26.7417
299.6545	26.7304
299.7746	26.7192
299.8922	26.7192
