0.0000	26.8206
0.1122	26.7856
0.2243	26.7844
0.3400	26.8291
0.4554	26.7494
0.5684	26.7699
0.6867	26.7759
0.8009	26.7590
0.9220	26.7614
1.0424	26.7675
1.1597	26.7856
1.2722	26.7868
1.3867	26.7832
1.5013	26.7868
1.6161	26.8025
1.7276	26.7989
1.8415	26.8109
1.9567	26.7820
2.0754	26.7771
2.1903	26.7723
2.3085	26.7735
2.4200	26.8242
2.5344	26.7385
2.6496	26.8073
2.7609	26.7675
2.8720	26.8109
2.9813	26.7832
3.0912	26.7687
3.2041	26.8073
3.3226	26.7602
3.4366	26.7952
3.5488	26.7904
3.6616	26.7506
3.7756	26.7904
3.8880	26.7602
4.0053	26.7638
4.1173	26.7928
4.2305	26.7747
4.3497	26.7868
4.4703	26.7578
4.5893	26.7880
4.7080	26.7964
4.8261	26.7771
4.9452	26.7892
5.0596	26.8049
5.1796	26.7771
5.2961	26.7820
5.4154	26.7892
5.5290	26.8013
5.6491	26.7783
5.7698	26.8073
5.8884	26.8073
6.0069	26.8206
6.1205	26.7578
6.2355	26.7880
6.3552	26.8315
6.4698	26.7795
6.5898	26.8061
6.7064	26.8037
6.8201	26.8146
6.9380	26.7771
7.0500	26.7916
7.1628	26.7614
7.2769	26.8230
7.3965	26.7759
7.5091	26.8315
7.6187	26.8134
7.7338	26.7711
7.8537	26.7964
7.9676	26.7964
8.0810	26.8182
8.1926	26.7844
8.3032	26.8025
8.4164	26.7868
8.5367	26.7880
8.6486	26.8001
8.7627	26.7759
8.8765	26.7844
8.9935	26.7807
9.1044	26.7904
9.2144	26.8001
9.3270	26.7880
9.4441	26.8061
9.5655	26.7675
9.6762	26.7578
9.7865	26.8001
9.9025	26.7626
10.0250	26.7940
10.1461	26.7880
10.2607	26.7723
10.3740	26.8025
10.4961	26.8109
10.6160	26.7807
10.7366	26.7614
10.8530	26.7807
10.9720	26.8073
11.0926	26.7759
11.2100	26.7904
11.3299	26.7928
11.4476	26.8242
11.5667	26.8025
11.6875	26.7820
11.8066	26.7904
11.9199	26.7832
12.0386	26.7844
12.1566	26.7880
12.2720	26.8073
12.3907	26.8037
12.5053	26.7952
12.6219	26.7989
12.7413	26.7916
12.8613	26.7892
12.9807	26.7916
13.0989	26.8037
13.2141	26.8085
13.3337	26.7904
13.4507	26.7892
13.5643	26.8254
13.6787	26.8085
13.7969	26.7723
13.9104	26.8315
14.0308	26.8001
14.1443	26.7747
14.2552	26.8266
14.3688	26.8013
14.4888	26.7663
14.6012	26.8121
14.7150	26.7590
14.8333	26.7952
14.9479	26.7952
15.0650	26.7844
15.1810	26.8170
15.3017	26.7783
15.4228	26.7856
15.5421	26.7868
15.6570	26.7699
15.7771	26.7868
15.8968	26.7735
16.0176	26.8049
16.1378	26.7952
16.2505	26.7747
16.3706	26.8121
16.4910	26.7989
16.6101	26.8146
16.7250	26.8073
16.8459	26.7892
16.9661	26.8061
17.0836	26.8037
17.1969	26.8025
17.3120	26.7868
17.4279	26.8013
17.5396	26.7964
17.6536	26.7856
17.7642	26.7977
17.8767	26.8170
17.9964	26.7977
18.1084	26.7868
18.2197	26.7952
18.3343	26.7952
18.4496	26.7759
18.5723	26.8085
18.6930	26.7759
18.8046	26.8001
18.9195	26.8049
19.0304	26.7820
19.1422	26.8049
19.2546	26.8134
19.3678	26.7795
19.4874	26.8049
19.5985	26.7989
19.7122	26.7928
19.8326	26.7904
19.9480	26.7952
20.0648	26.7880
20.1787	26.8049
20.2978	26.7602
20.4098	26.8061
20.5317	26.7783
20.6526	26.7940
20.7700	26.7916
20.8810	26.7856
20.9917	26.7989
21.1009	26.7928
21.2120	26.7735
21.3248	26.7783
21.4386	26.7844
21.5498	26.7989
21.6593	26.7977
21.7710	26.7952
21.8864	26.7783
22.0017	26.7807
22.1161	26.7916
22.2284	26.7844
22.3448	26.8013
22.4609	26.7590
22.5743	26.7844
22.7042	26.8097
22.8146	26.8073
22.9276	26.7832
23.0387	26.8194
23.1528	26.7795
23.2696	26.7904
23.3901	26.7494
23.5109	26.7578
23.6262	26.7940
23.7469	26.7820
23.8691	26.7699
23.9912	26.8134
24.1102	26.7880
24.2221	26.7844
24.3385	26.7699
24.4523	26.8061
24.5667	26.7892
24.6829	26.7807
24.8005	26.7795
24.9155	26.7952
25.0359	26.7977
25.1498	26.7783
25.2651	26.7989
25.3868	26.7795
25.5080	26.7795
25.6287	26.7844
25.7460	26.7759
25.8681	26.7602
25.9876	26.7832
26.1072	26.7735
26.2229	26.7675
26.3430	26.7651
26.4585	26.7928
26.5732	26.7820
26.6941	26.7892
26.8101	26.7759
26.9262	26.7771
27.0542	26.7735
27.1673	26.8025
27.2765	26.7880
27.3882	26.7747
27.5008	26.8109
27.6121	26.8146
27.7246	26.7663
27.8349	26.7832
27.9474	26.8013
28.0614	26.7856
28.1743	26.7626
28.2868	26.8049
28.4007	26.7844
28.5132	26.7880
28.6268	26.7989
28.7374	26.7699
28.8493	26.8061
28.9651	26.8121
29.0868	26.8049
29.1978	26.7940
29.3095	26.7494
29.4204	26.7832
29.5326	26.7820
29.6468	26.8230
29.7618	26.7880
29.8813	26.7820
29.9952	26.7530
30.1065	26.7469
30.2178	26.7542
30.3290	26.7747
30.4426	26.8025
30.5551	26.8266
30.6726	26.7844
30.7968	26.7457
30.9169	26.7856
31.0283	26.7928
31.1392	26.7759
31.2530	26.7771
31.3706	26.7795
31.4858	26.7880
31.6087	26.7494
31.7310	26.7795
31.8533	26.7518
31.9710	26.7663
32.0838	26.7904
32.1956	26.7904
32.3097	26.7723
32.4265	26.7747
32.5427	26.7518
32.6556	26.7783
32.7717	26.7832
32.8873	26.7675
33.0090	26.7868
33.1292	26.7711
33.2447	26.7699
33.3670	26.7880
33.4872	26.7940
33.6086	26.8073
33.7319	26.8001
33.8551	26.7735
33.9749	26.7530
34.0865	26.7759
34.1982	26.8073
34.3112	26.7940
34.4261	26.7952
34.5485	26.7723
34.6627	26.7337
34.7858	26.7735
34.9074	26.8061
35.0314	26.7747
35.1478	26.7820
35.2601	26.7868
35.3729	26.7747
35.4868	26.7904
35.6021	26.7868
35.7206	26.7892
35.8366	26.7868
35.9594	26.7783
36.0821	26.7481
36.2008	26.7735
36.3208	26.7795
36.4415	26.7771
36.5601	26.7868
36.6710	26.7723
36.7831	26.7916
36.8961	26.7868
37.0102	26.7759
37.1292	26.7832
37.2436	26.8037
37.3657	26.7964
37.4896	26.7711
37.6021	26.7409
37.7171	26.7820
37.8392	26.7783
37.9613	26.7735
38.0842	26.7385
38.2028	26.7783
38.3243	26.7844
38.4438	26.7602
38.5554	26.7759
38.6767	26.7807
38.7894	26.7892
38.9000	26.7807
39.0096	26.7481
39.1215	26.7590
39.2323	26.7675
39.3423	26.7977
39.4572	26.7530
39.5788	26.7518
39.6919	26.7844
39.8047	26.8013
39.9190	26.7892
40.0393	26.7699
40.1517	26.7651
40.2701	26.7795
40.4123	26.7397
40.5281	26.7566
40.6395	26.7651
40.7523	26.7747
40.8772	26.7614
40.9997	26.7590
41.1164	26.7542
41.2313	26.7554
41.3512	26.7373
41.4680	26.7759
41.5876	26.7602
41.7008	26.7554
41.8137	26.7518
41.9306	26.7614
42.0437	26.7481
42.1643	26.7663
42.2783	26.7699
42.3989	26.7614
42.5139	26.7868
42.6332	26.7844
42.7453	26.7602
42.8606	26.7904
42.9813	26.8025
43.0963	26.7578
43.2118	26.7916
43.3238	26.7759
43.4398	26.7723
43.5609	26.7820
43.6803	26.7844
43.7933	26.7675
43.9091	26.7832
44.0314	26.7820
44.1511	26.7711
44.2646	26.7964
44.3834	26.7868
44.4961	26.7687
44.6109	26.7747
44.7329	26.7385
44.8490	26.7735
44.9646	26.7554
45.0849	26.7626
45.1988	26.7723
45.3159	26.7940
45.4350	26.7626
45.5513	26.7687
45.6722	26.7699
45.7898	26.7409
45.9043	26.7747
46.0210	26.7723
46.1399	26.7385
46.2550	26.7385
46.3732	26.7711
46.4897	26.7614
46.6046	26.7807
46.7249	26.7566
46.8458	26.7578
46.9655	26.7638
47.0823	26.7699
47.2009	26.7952
47.3194	26.8037
47.4368	26.7832
47.5555	26.8158
47.6678	26.7687
47.7849	26.7820
47.9018	26.7433
48.0200	26.7530
48.1372	26.7373
48.2495	26.7892
48.3650	26.7566
48.4825	26.7880
48.6016	26.7651
48.7165	26.7421
48.8366	26.7723
48.9523	26.7844
49.0679	26.7518
49.1869	26.7494
49.3004	26.7771
49.4191	26.7783
49.5357	26.7795
49.6529	26.7663
49.7681	26.7880
49.8889	26.7820
50.0089	26.7554
50.1252	26.7506
50.2390	26.7687
50.3575	26.7759
50.4758	26.7989
50.5953	26.7494
50.7117	26.7759
50.8236	26.7952
50.9434	26.7916
51.0626	26.7916
51.1800	26.7469
51.2942	26.8085
51.4134	26.7687
51.5352	26.7735
51.6563	26.7506
51.7756	26.7240
51.8887	26.7385
52.0070	26.7964
52.1252	26.7626
52.2410	26.7807
52.3619	26.7699
52.4796	26.7844
52.5973	26.7940
52.7163	26.7868
52.8354	26.7940
52.9471	26.8134
53.0614	26.7675
53.1789	26.7566
53.2959	26.7856
53.4142	26.7977
53.5307	26.7892
53.6499	26.7904
53.7696	26.7856
53.8867	26.7638
54.0003	26.7928
54.1153	26.7711
54.2299	26.7807
54.3487	26.7663
54.4679	26.7602
54.5813	26.7844
54.7009	26.7711
54.8210	26.7626
54.9403	26.7832
55.0558	26.7518
55.1724	26.7723
55.2868	26.7638
55.4058	26.7735
55.5234	26.7771
55.6388	26.7723
55.7566	26.7783
55.8760	26.7711
55.9956	26.7481
56.1092	26.7651
56.2233	26.7723
56.3442	26.7928
56.4648	26.7735
56.5834	26.7832
56.6991	26.7832
56.8190	26.7675
56.9391	26.7759
57.0563	26.7506
57.1730	26.7807
57.2917	26.7807
57.4106	26.7638
57.5307	26.7807
57.6473	26.7723
57.7597	26.7916
57.8766	26.7832
57.9960	26.7518
58.1117	26.7952
58.2251	26.7807
58.3435	26.7880
58.4629	26.7506
58.5830	26.7747
58.6989	26.7723
58.8136	26.7614
58.9257	26.7663
59.0416	26.8170
59.1519	26.7856
59.2626	26.7554
59.3745	26.8085
59.4890	26.7542
59.6069	26.7699
59.7199	26.7832
59.8324	26.8121
59.9526	26.7977
60.0725	26.7795
60.1903	26.7759
60.3021	26.8146
60.4166	26.7711
60.5368	26.7590
60.6566	26.7675
60.7760	26.8194
60.8942	26.7723
61.0139	26.8158
61.1323	26.7916
61.2461	26.7989
61.3657	26.7747
61.4844	26.7820
61.5997	26.7904
61.7178	26.7989
61.8327	26.7952
61.9511	26.7916
62.0701	26.7820
62.1850	26.7880
62.2981	26.7880
62.4130	26.7832
62.5292	26.8037
62.6457	26.7844
62.7648	26.7856
62.8812	26.7820
63.0002	26.8061
63.1145	26.7735
63.2300	26.7626
63.3470	26.7651
63.4618	26.7940
63.5787	26.7892
63.6964	26.7735
63.8155	26.7747
63.9344	26.7747
64.0537	26.7868
64.1706	26.7783
64.2849	26.7554
64.4026	26.7880
64.5177	26.7566
64.6373	26.7663
64.7550	26.7783
64.8738	26.7735
64.9937	26.8218
65.1113	26.7771
65.2251	26.7928
65.3434	26.7856
65.4606	26.7542
65.5752	26.7928
65.6947	26.8097
65.8137	26.7518
65.9348	26.7892
66.0540	26.7820
66.1713	26.7506
66.2859	26.7832
66.4056	26.8013
66.5228	26.7614
66.6376	26.7747
66.7571	26.7795
66.8775	26.7904
66.9970	26.7783
67.1154	26.7723
67.2292	26.7856
67.3437	26.7723
67.4606	26.7506
67.5771	26.7711
67.6900	26.7481
67.8055	26.7880
67.9200	26.7856
68.0395	26.7795
68.1552	26.7735
68.2683	26.7783
68.3862	26.8037
68.5043	26.7783
68.6209	26.7663
68.7340	26.7723
68.8537	26.7795
68.9732	26.7590
69.0940	26.7832
69.2069	26.7759
69.3260	26.7397
69.4458	26.7964
69.5651	26.7699
69.6847	26.7530
69.8049	26.7759
69.9193	26.7771
70.0402	26.7977
70.1585	26.7566
70.2729	26.8061
70.3923	26.7663
70.5122	26.7675
70.6318	26.7614
70.7499	26.7783
70.8658	26.7759
70.9870	26.7820
71.1046	26.7481
71.2225	26.7530
71.3410	26.7977
71.4560	26.7590
71.5710	26.7687
71.6898	26.7844
71.8080	26.7663
71.9236	26.7481
72.0433	26.7832
72.1645	26.7892
72.2832	26.7880
72.4038	26.7445
72.5183	26.7494
72.6375	26.7711
72.7553	26.7783
72.8700	26.7457
72.9852	26.7663
73.1041	26.8013
73.2208	26.7421
73.3398	26.7771
73.4574	26.7542
73.5713	26.7735
73.6902	26.7928
73.8094	26.7832
73.9285	26.7337
74.0446	26.7735
74.1639	26.8073
74.2777	26.7880
74.3980	26.7626
74.5136	26.7518
74.6282	26.7566
74.7432	26.7494
74.8642	26.7723
74.9841	26.7747
75.1013	26.7675
75.2164	26.7771
75.3349	26.7928
75.4524	26.7312
75.5656	26.7904
75.6803	26.7880
75.7986	26.7530
75.9160	26.7542
76.0370	26.7699
76.1529	26.7530
76.2706	26.7445
76.3895	26.7771
76.5082	26.7481
76.6271	26.7771
76.7398	26.7530
76.8592	26.7445
76.9795	26.7940
77.0989	26.7397
77.2134	26.7892
77.3347	26.7723
77.4545	26.7663
77.5734	26.7699
77.6920	26.7663
77.8056	26.7759
77.9240	26.7542
78.0441	26.7590
78.1620	26.7735
78.2749	26.7820
78.3921	26.7771
78.5093	26.7578
78.6280	26.8001
78.7459	26.7783
78.8589	26.7868
78.9779	26.7373
79.0971	26.7626
79.2143	26.7783
79.3346	26.7989
79.4512	26.7771
79.5704	26.7651
79.6896	26.7832
79.8087	26.7759
79.9240	26.7735
80.0430	26.7723
80.1623	26.7711
80.2765	26.7711
80.3911	26.7807
80.5112	26.8121
80.6310	26.7699
80.7506	26.7735
80.8700	26.7566
80.9841	26.7711
81.1003	26.7820
81.2127	26.7723
81.3267	26.7626
81.4419	26.8242
81.5612	26.7711
81.6811	26.7445
81.7988	26.7735
81.9134	26.7759
82.0273	26.7795
82.1455	26.7663
82.2606	26.7566
82.3786	26.7832
82.4929	26.7820
82.6120	26.7361
82.7254	26.7747
82.8398	26.7892
82.9534	26.7626
83.0670	26.7759
83.1870	26.7928
83.3041	26.7795
83.4227	26.7832
83.5367	26.7952
83.6511	26.7651
83.7701	26.7795
83.8891	26.7711
84.0056	26.7554
84.1225	26.7578
84.2327	26.7638
84.3462	26.7904
84.4604	26.7916
84.5773	26.7952
84.6923	26.7626
84.8107	26.7614
84.9308	26.7807
85.0516	26.8194
85.1691	26.7590
85.2863	26.7723
85.4032	26.7699
85.5247	26.7735
85.6434	26.7844
85.7591	26.7989
85.8780	26.7783
85.9986	26.7711
86.1171	26.7783
86.2312	26.7952
86.3477	26.7892
86.4628	26.7964
86.5806	26.7675
86.6920	26.7602
86.8045	26.7759
86.9204	26.7820
87.0400	26.7977
87.1580	26.7795
87.2714	26.7711
87.3855	26.7759
87.5035	26.7928
87.6182	26.7759
87.7381	26.7771
87.8519	26.7952
87.9616	26.8085
88.0711	26.7518
88.1834	26.7457
88.2983	26.7457
88.4120	26.7663
88.5306	26.7542
88.6399	26.7952
88.7510	26.7989
88.8625	26.8037
88.9773	26.7880
89.0971	26.7989
89.2154	26.8025
89.3343	26.7469
89.4474	26.7723
89.5623	26.7795
89.6832	26.7759
89.8045	26.8049
89.9220	26.7868
90.0395	26.8134
90.1567	26.7663
90.2718	26.7602
90.3905	26.7759
90.5042	26.8206
90.6246	26.8061
90.7401	26.7566
90.8570	26.7940
90.9704	26.8109
91.0860	26.7977
91.2013	26.7795
91.3153	26.7928
91.4368	26.7771
91.5546	26.8073
91.6740	26.7916
91.7888	26.7711
91.9097	26.7892
92.0275	26.7820
92.1405	26.8109
92.2538	26.7989
92.3730	26.7940
92.4865	26.7711
92.6001	26.8061
92.7186	26.7663
92.8364	26.8013
92.9490	26.8001
93.0695	26.8049
93.1828	26.8134
93.2968	26.8001
93.4193	26.7904
93.5350	26.8170
93.6493	26.8242
93.7672	26.7638
93.8829	26.8025
94.0035	26.8109
94.1192	26.7844
94.2359	26.8146
94.3569	26.8158
94.4760	26.8327
94.5970	26.7783
94.7150	26.7856
94.8289	26.8399
94.9486	26.7759
95.0687	26.8001
95.1866	26.7602
95.2995	26.8001
95.4138	26.7795
95.5338	26.7844
95.6538	26.7832
95.7695	26.7880
95.8838	26.7952
96.0030	26.8146
96.1196	26.7989
96.2339	26.7723
96.3497	26.7856
96.4668	26.7747
96.5861	26.7928
96.7055	26.7904
96.8224	26.8375
96.9366	26.8121
97.0550	26.7844
97.1723	26.7964
97.2874	26.8327
97.4044	26.8266
97.5237	26.8025
97.6439	26.7892
97.7641	26.7832
97.8838	26.8097
97.9959	26.7771
98.1096	26.7964
98.2216	26.8013
98.3401	26.7928
98.4572	26.7928
98.5767	26.7868
98.6974	26.8134
98.8153	26.8134
98.9335	26.7723
99.0483	26.8291
99.1661	26.8254
99.2788	26.8146
99.3935	26.7771
99.5091	26.8206
99.6274	26.7916
99.7440	26.8013
99.8590	26.7807
99.9765	26.7856
100.0918	26.8158
100.2094	26.8001
100.3274	26.7856
100.4434	26.8266
100.5611	26.7989
100.6761	26.8134
100.7918	26.7832
100.9108	26.8182
101.0292	26.8037
101.1428	26.8025
101.2569	26.8013
101.3707	26.7856
101.4865	26.8266
101.6059	26.7904
101.7200	26.8194
101.8405	26.8049
101.9574	26.8037
102.0725	26.7892
102.1899	26.8001
102.3089	26.8121
102.4282	26.8025
102.5470	26.8001
102.6661	26.8194
102.7816	26.8037
102.8985	26.8001
103.0099	26.7989
103.1236	26.8170
103.2363	26.8085
103.3494	26.8266
103.4623	26.8242
103.5766	26.7783
103.6961	26.8411
103.8102	26.7820
103.9285	26.8266
104.0398	26.8278
104.1513	26.8327
104.2638	26.8230
104.3755	26.8085
104.4874	26.8242
104.6040	26.7892
104.7211	26.8025
104.8374	26.8230
104.9579	26.8170
105.0689	26.8520
105.1819	26.7868
105.2949	26.8363
105.4076	26.8327
105.5238	26.7916
105.6442	26.8218
105.7613	26.8303
105.8828	26.8134
105.9958	26.8327
106.1098	26.8170
106.2226	26.8266
106.3437	26.8061
106.4592	26.8230
106.5730	26.8146
106.6910	26.8025
106.8119	26.8218
106.9298	26.7952
107.0444	26.8206
107.1615	26.8182
107.2774	26.8121
107.3966	26.8085
107.5122	26.8146
107.6349	26.8375
107.7526	26.8061
107.8657	26.8194
107.9861	26.8085
108.1041	26.8303
108.2197	26.8061
108.3384	26.8278
108.4531	26.7940
108.5666	26.8025
108.6874	26.8146
108.8087	26.8363
108.9305	26.8423
109.0480	26.8701
109.1614	26.8073
109.2747	26.8037
109.3948	26.8025
109.5157	26.8170
109.6304	26.8291
109.7494	26.8242
109.8704	26.7916
109.9892	26.8001
110.1078	26.8230
110.2221	26.8146
110.3437	26.8520
110.4636	26.8339
110.5801	26.8170
110.6949	26.8061
110.8141	26.8266
110.9352	26.7977
111.0531	26.8061
111.1712	26.8242
111.2862	26.7952
111.4048	26.8266
111.5258	26.8375
111.6447	26.8037
111.7598	26.8121
111.8799	26.8375
111.9978	26.7952
112.1150	26.7868
112.2292	26.8073
112.3423	26.8158
112.4525	26.8085
112.5651	26.8061
112.6790	26.8303
112.7933	26.8158
112.9085	26.8375
113.0273	26.7989
113.1448	26.8315
113.2565	26.8109
113.3704	26.8001
113.4873	26.8218
113.5989	26.8254
113.7122	26.8230
113.8306	26.8146
113.9406	26.8170
114.0542	26.8580
114.1751	26.8399
114.2913	26.8194
114.4103	26.8121
114.5310	26.8568
114.6504	26.8291
114.7695	26.8194
114.8883	26.8339
115.0016	26.8303
115.1130	26.8351
115.2274	26.8278
115.3478	26.8242
115.4635	26.8327
115.5788	26.8073
115.6924	26.8254
115.8113	26.8049
115.9300	26.8278
116.0444	26.7747
116.1628	26.7880
116.2744	26.7928
116.3929	26.8109
116.5087	26.8182
116.6276	26.8665
116.7467	26.8025
116.8655	26.8146
116.9824	26.8146
117.0961	26.7832
117.2147	26.8448
117.3343	26.8266
117.4551	26.8206
117.5749	26.8387
117.6860	26.7964
117.7978	26.8278
117.9114	26.8351
118.0251	26.8037
118.1397	26.8121
118.2539	26.8351
118.3744	26.8013
118.4963	26.8230
118.6156	26.8327
118.7301	26.8399
118.8512	26.8097
118.9699	26.8629
119.0885	26.8291
119.2039	26.8375
119.3236	26.8182
119.4394	26.8254
119.5592	26.8134
119.6782	26.8206
119.7961	26.8073
119.9123	26.8278
120.0325	26.8134
120.1499	26.8218
120.2647	26.8375
120.3820	26.8375
120.4956	26.8363
120.6154	26.8230
120.7319	26.8327
120.8456	26.8206
120.9636	26.8013
121.0759	26.8315
121.1885	26.8194
121.2986	26.8073
121.4128	26.8230
121.5277	26.8182
121.6491	26.8230
121.7693	26.8387
121.8793	26.8230
121.9931	26.8097
122.1085	26.8266
122.2222	26.8278
122.3406	26.8629
122.4551	26.8315
122.5756	26.8242
122.6965	26.8109
122.8140	26.8278
122.9290	26.8580
123.0468	26.8291
123.1658	26.8242
123.2795	26.7868
123.3999	26.8303
123.5189	26.8097
123.6388	26.8363
123.7528	26.8073
123.8700	26.8303
123.9839	26.8629
124.1007	26.7844
124.2156	26.8665
124.3329	26.8266
124.4501	26.8097
124.5645	26.8375
124.6824	26.8194
124.7986	26.8411
124.9165	26.8242
125.0332	26.8158
125.1489	26.8677
125.2622	26.8387
125.3769	26.8411
125.4950	26.8097
125.6095	26.8230
125.7287	26.8291
125.8456	26.8303
125.9601	26.8568
126.0768	26.8291
126.1915	26.8496
126.3095	26.8194
126.4253	26.8882
126.5416	26.8532
126.6547	26.8097
126.7735	26.8315
126.8907	26.8508
127.0106	26.8411
127.1293	26.8592
127.2445	26.8303
127.3643	26.8170
127.4834	26.8508
127.5950	26.8109
127.7067	26.8146
127.8226	26.8411
127.9445	26.8097
128.0656	26.8508
128.1850	26.8351
128.3000	26.8230
128.4183	26.8266
128.5363	26.8484
128.6530	26.8073
128.7670	26.8351
128.8838	26.8254
129.0033	26.8677
129.1190	26.8508
129.2290	26.8460
129.3433	26.8206
129.4609	26.8508
129.5831	26.8182
129.7033	26.8375
129.8171	26.8025
129.9302	26.8605
130.0500	26.8291
130.1686	26.8423
130.2818	26.8375
130.3959	26.8303
130.5166	26.8568
130.6319	26.8351
130.7512	26.8665
130.8667	26.8448
130.9869	26.8146
131.1063	26.8544
131.2217	26.8725
131.3336	26.7952
131.4500	26.8266
131.5695	26.8218
131.6859	26.8266
131.8026	26.8121
131.9160	26.8303
132.0312	26.8665
132.1423	26.8605
132.2568	26.8448
132.3759	26.8435
132.4886	26.8242
132.6019	26.8266
132.7150	26.8520
132.8346	26.8146
132.9478	26.8568
133.0581	26.8254
133.1742	26.8109
133.2870	26.8206
133.4064	26.8568
133.5184	26.8375
133.6315	26.8580
133.7504	26.8580
133.8617	26.8629
133.9743	26.8182
134.0855	26.8641
134.1985	26.8339
134.3117	26.8568
134.4239	26.8737
134.5344	26.8508
134.6500	26.8520
134.7631	26.8568
134.8843	26.8266
134.9966	26.7989
135.1084	26.8242
135.2211	26.8592
135.3346	26.8291
135.4524	26.8556
135.5646	26.8315
135.6788	26.8363
135.7949	26.8158
135.9067	26.8291
136.0191	26.8617
136.1297	26.8315
136.2460	26.8520
136.3658	26.8713
136.4857	26.8532
136.6060	26.8327
136.7185	26.8351
136.8328	26.8399
136.9480	26.8605
137.0618	26.8291
137.1754	26.8520
137.2879	26.8303
137.4000	26.8291
137.5154	26.8303
137.6355	26.8617
137.7488	26.8351
137.8621	26.8315
137.9814	26.8665
138.0935	26.8194
138.2063	26.8339
138.3199	26.8411
138.4327	26.8291
138.5473	26.8254
138.6708	26.8399
138.7907	26.8278
138.9027	26.8460
139.0242	26.8375
139.1448	26.8508
139.2612	26.8774
139.3794	26.8001
139.4999	26.8472
139.6203	26.8339
139.7400	26.8411
139.8587	26.8109
139.9735	26.8375
140.0946	26.8423
140.2070	26.8303
140.3269	26.8472
140.4447	26.8448
140.5652	26.8411
140.6825	26.8605
140.8032	26.8158
140.9208	26.8339
141.0346	26.8230
141.1517	26.8315
141.2681	26.8448
141.3855	26.8375
141.5013	26.8568
141.6194	26.8399
141.7386	26.8592
141.8592	26.8423
141.9780	26.8194
142.0927	26.8653
142.2057	26.8411
142.3262	26.8387
142.4468	26.8725
142.5649	26.8170
142.6850	26.8291
142.8048	26.8303
142.9210	26.8278
143.0346	26.8206
143.1476	26.8568
143.2621	26.8303
143.3829	26.8568
143.5006	26.8351
143.6188	26.8315
143.7365	26.8266
143.8572	26.8158
143.9759	26.8339
144.0931	26.8206
144.2060	26.8605
144.3253	26.8278
144.4443	26.8266
144.5646	26.8496
144.6816	26.8363
144.8013	26.8435
144.9211	26.8278
145.0414	26.8411
145.1604	26.8399
145.2709	26.8375
145.3880	26.8375
145.4993	26.8399
145.6104	26.8327
145.7236	26.8423
145.8345	26.8266
145.9458	26.8121
146.0639	26.8291
146.1775	26.8375
146.2925	26.8472
146.4139	26.8375
146.5330	26.8121
146.6531	26.8435
146.7713	26.8351
146.8844	26.8339
146.9979	26.8520
147.1101	26.8556
147.2251	26.8146
147.3421	26.8339
147.4553	26.8254
147.5760	26.8363
147.6955	26.7952
147.8083	26.8001
147.9224	26.8278
148.0337	26.8327
148.1489	26.7952
148.2693	26.8061
148.3890	26.8218
148.5068	26.8194
148.6237	26.8423
148.7358	26.8158
148.8467	26.8194
148.9590	26.8194
149.0722	26.8073
149.1895	26.7977
149.3026	26.8291
149.4159	26.8097
149.5323	26.8375
149.6465	26.8158
149.7596	26.8339
149.8791	26.8460
149.9965	26.7856
150.1092	26.7940
150.2199	26.8218
150.3344	26.8411
150.4458	26.8327
150.5563	26.7904
150.6706	26.8423
150.7882	26.8158
150.9026	26.8025
151.0174	26.8303
151.1322	26.8568
151.2479	26.8278
151.3645	26.8351
151.4790	26.8158
151.5948	26.8206
151.7155	26.8206
151.8357	26.8375
151.9531	26.8206
152.0696	26.8327
152.1844	26.8230
152.3044	26.7964
152.4233	26.7940
152.5437	26.8037
152.6625	26.8170
152.7825	26.8399
152.9002	26.8158
153.0187	26.8544
153.1358	26.8182
153.2474	26.8061
153.3589	26.8520
153.4714	26.8423
153.6048	26.8448
153.7209	26.8278
153.8299	26.8182
153.9398	26.8617
154.0488	26.8158
154.1617	26.8375
154.2739	26.8242
154.3850	26.8387
154.4972	26.8061
154.6106	26.8170
154.7237	26.8327
154.8359	26.8303
154.9484	26.8206
155.0612	26.8653
155.1736	26.8182
155.2848	26.8496
155.3981	26.8375
155.5113	26.8520
155.6253	26.8085
155.7392	26.8061
155.8500	26.8037
155.9610	26.8170
156.0709	26.8230
156.1815	26.8194
156.2959	26.8411
156.4108	26.8399
156.5325	26.8291
156.6514	26.8061
156.7717	26.8085
156.8875	26.8194
156.9967	26.8182
157.1090	26.7928
157.2253	26.7820
157.3444	26.8423
157.4571	26.8037
157.5726	26.8315
157.6869	26.8097
157.8032	26.8375
157.9188	26.8266
158.0391	26.8303
158.1514	26.8254
158.2652	26.8134
158.3783	26.8097
158.4961	26.8061
158.6141	26.8363
158.7324	26.8605
158.8549	26.8327
158.9778	26.8266
159.1000	26.8109
159.2193	26.8242
159.3400	26.8182
159.4545	26.8013
159.5776	26.8218
159.6981	26.8472
159.8171	26.8435
159.9400	26.8146
160.0615	26.8085
160.1775	26.8194
160.2979	26.8303
160.4136	26.8121
160.5296	26.8242
160.6468	26.8423
160.7619	26.8206
160.8807	26.8484
160.9955	26.8242
161.1096	26.8170
161.2216	26.8170
161.3328	26.8242
161.4505	26.8218
161.5648	26.8242
161.6838	26.8206
161.7954	26.8254
161.9071	26.7880
162.0218	26.8266
162.1324	26.8460
162.2413	26.8146
162.3519	26.8182
162.4642	26.8665
162.5744	26.8121
162.6851	26.8448
162.7984	26.8242
162.9160	26.8266
163.0355	26.7735
163.1481	26.8121
163.2649	26.8194
163.4028	26.8206
163.5170	26.8375
163.6385	26.8520
163.7527	26.8049
163.8755	26.8411
163.9975	26.8496
164.1132	26.8170
164.2243	26.8134
164.3397	26.8411
164.4566	26.8230
164.5732	26.8339
164.6865	26.8351
164.7978	26.8580
164.9119	26.8315
165.0350	26.8097
165.1551	26.8423
165.2681	26.8182
165.3817	26.8170
165.4957	26.8375
165.6098	26.8375
165.7262	26.8206
165.8436	26.8134
165.9659	26.8206
166.0825	26.8073
166.1960	26.8291
166.3069	26.8073
166.4180	26.8218
166.5342	26.8327
166.6458	26.8242
166.7561	26.8387
166.8656	26.7964
166.9766	26.8158
167.0877	26.8266
167.1971	26.8158
167.3119	26.8278
167.4289	26.8327
167.5437	26.8399
167.6639	26.8363
167.7792	26.8375
167.8985	26.8121
168.0138	26.8484
168.1329	26.8230
168.2468	26.8315
168.3654	26.8303
168.4770	26.8363
168.5915	26.8194
168.7110	26.8423
168.8262	26.8242
168.9467	26.8472
169.0595	26.8508
169.1796	26.8230
169.2931	26.8049
169.4147	26.8121
169.5268	26.8049
169.6402	26.8303
169.7558	26.8254
169.8738	26.8266
169.9854	26.8339
170.0980	26.8351
170.2131	26.8242
170.3342	26.8206
170.4529	26.8303
170.5679	26.8435
170.6802	26.8218
170.7923	26.8677
170.9068	26.8532
171.0275	26.8605
171.1478	26.8303
171.2641	26.8641
171.3753	26.8291
171.4882	26.8303
171.6066	26.8315
171.7186	26.8061
171.8321	26.8641
171.9516	26.8387
172.0635	26.8339
172.1782	26.8532
172.2918	26.8327
172.4051	26.8472
172.5229	26.8387
172.6342	26.8592
172.7455	26.8182
172.8619	26.8327
172.9780	26.8266
173.0929	26.8278
173.2115	26.8339
173.3266	26.8254
173.4477	26.8556
173.5693	26.8725
173.6859	26.8315
173.7978	26.8411
173.9136	26.8218
174.0341	26.8327
174.1529	26.8327
174.2661	26.8339
174.3821	26.8532
174.5021	26.8315
174.6228	26.8327
174.7436	26.7892
174.8638	26.8158
174.9804	26.8544
175.0989	26.8097
175.2153	26.8387
175.3321	26.8423
175.4463	26.8448
175.5675	26.8218
175.6879	26.8375
175.8059	26.8677
175.9253	26.8508
176.0438	26.8315
176.1574	26.8194
176.2768	26.8278
176.3961	26.8134
176.5102	26.8085
176.6238	26.8399
176.7441	26.8170
176.8656	26.8737
176.9829	26.8448
177.0945	26.8363
177.2044	26.8411
177.3198	26.8158
177.4351	26.8448
177.5460	26.8230
177.6589	26.8435
177.7749	26.8411
177.8863	26.8121
177.9982	26.8387
178.1122	26.8218
178.2223	26.8411
178.3348	26.8230
178.4478	26.8291
178.5594	26.8158
178.6720	26.8303
178.7843	26.8774
178.8964	26.8278
179.0069	26.8351
179.1181	26.8242
179.2312	26.8049
179.3514	26.8121
179.4718	26.8399
179.5925	26.8496
179.7111	26.8218
179.8219	26.8230
179.9340	26.8411
180.0527	26.8194
180.1717	26.8109
180.2865	26.8460
180.3992	26.8254
180.5081	26.8073
180.6176	26.8351
180.7279	26.8134
180.8426	26.8230
180.9569	26.8303
181.0749	26.8532
181.1885	26.8472
181.3012	26.8351
181.4203	26.8218
181.5331	26.8170
181.6538	26.8520
181.7727	26.8448
181.8870	26.8448
181.9990	26.8242
182.1128	26.8182
182.2247	26.8315
182.3407	26.8158
182.4590	26.8435
182.5725	26.8363
182.6863	26.8278
182.8045	26.8170
182.9181	26.8242
183.0316	26.8085
183.1460	26.8170
183.2598	26.8170
183.3732	26.8001
183.4858	26.8194
183.5996	26.8496
183.7195	26.8339
183.8328	26.8254
183.9445	26.8266
184.0575	26.8025
184.1762	26.8037
184.2911	26.8230
184.4028	26.8448
184.5167	26.8544
184.6377	26.8206
184.7610	26.8278
184.8810	26.8170
184.9953	26.8242
185.1097	26.8109
185.2220	26.8327
185.3331	26.8435
185.4436	26.8278
185.5568	26.8182
185.6677	26.7928
185.7823	26.8001
185.8999	26.8218
186.0179	26.8242
186.1343	26.8254
186.2500	26.8182
186.3691	26.8339
186.4826	26.8508
186.5989	26.8013
186.7195	26.8013
186.8389	26.8363
186.9589	26.8025
187.0765	26.8291
187.1938	26.8303
187.3138	26.7989
187.4309	26.8194
187.5434	26.8411
187.6554	26.8194
187.7737	26.8254
187.8894	26.8230
188.0105	26.8013
188.1288	26.8448
188.2412	26.8315
188.3562	26.8242
188.4689	26.8568
188.5854	26.8218
188.6981	26.8303
188.8157	26.8508
188.9262	26.8182
189.0396	26.8254
189.1511	26.8278
189.2612	26.8121
189.3733	26.8073
189.4868	26.8291
189.5982	26.8013
189.7106	26.8230
189.8226	26.8254
189.9385	26.8025
190.0590	26.8121
190.1703	26.8399
190.2838	26.8146
190.3971	26.8218
190.5188	26.8218
190.6362	26.8085
190.7470	26.8749
190.8607	26.8109
190.9768	26.7989
191.0953	26.8230
191.2073	26.8351
191.3200	26.8532
191.4347	26.7940
191.5486	26.8351
191.6715	26.8254
191.7905	26.8206
191.9056	26.8001
192.0276	26.8556
192.1465	26.8387
192.2611	26.8435
192.3813	26.8387
192.4960	26.8170
192.6143	26.8399
192.7282	26.8001
192.8479	26.8496
192.9649	26.8291
193.0773	26.8097
193.1925	26.8351
193.3116	26.8085
193.4255	26.8109
193.5431	26.7964
193.6565	26.8194
193.7761	26.7977
193.8899	26.8134
194.0070	26.8206
194.1185	26.8544
194.2343	26.8291
194.3540	26.8182
194.4672	26.8460
194.5779	26.8109
194.6918	26.8568
194.8062	26.8109
194.9187	26.8435
195.0370	26.8037
195.1508	26.8218
195.2657	26.8448
195.3847	26.8556
195.5045	26.8097
195.6193	26.8170
195.7383	26.8278
195.8598	26.8109
195.9808	26.8351
196.0978	26.8025
196.2123	26.8375
196.3337	26.8134
196.4549	26.8182
196.5729	26.8387
196.6877	26.8230
196.8077	26.8508
196.9280	26.8218
197.0461	26.8327
197.1637	26.8194
197.2796	26.8218
197.4010	26.8592
197.5212	26.8206
197.6385	26.8556
197.7525	26.8411
197.8695	26.7977
197.9890	26.8158
198.1060	26.8230
198.2206	26.8073
198.3385	26.8592
198.4539	26.8146
198.5748	26.8460
198.6916	26.8109
198.8064	26.8351
198.9258	26.8061
199.0433	26.7928
199.1618	26.8085
199.2766	26.8520
199.3911	26.8339
199.5107	26.8158
199.6315	26.8254
199.7519	26.8109
199.8678	26.8629
199.9842	26.8085
200.1015	26.8230
200.2177	26.8580
200.3366	26.8351
200.4522	26.8194
200.5717	26.8508
200.6916	26.8291
200.8101	26.8411
200.9259	26.8242
201.0443	26.8146
201.1635	26.8242
201.2784	26.8121
201.3973	26.8592
201.5123	26.8097
201.6302	26.8206
201.7481	26.8073
201.8669	26.8677
201.9837	26.8109
202.1015	26.8460
202.2200	26.8121
202.3386	26.8303
202.4583	26.8049
202.5727	26.8605
202.6934	26.8242
202.8123	26.8230
202.9318	26.8520
203.0469	26.8278
203.1647	26.8472
203.2815	26.8435
203.4014	26.8303
203.5195	26.8242
203.6337	26.8351
203.7538	26.8411
203.8716	26.8387
203.9903	26.8435
204.1064	26.8327
204.2213	26.8254
204.3410	26.8327
204.4615	26.7844
204.5802	26.7977
204.6943	26.8121
204.8152	26.8134
204.9337	26.8315
205.0548	26.8158
205.1719	26.8266
205.2920	26.8375
205.4104	26.8496
205.5289	26.8532
205.6473	26.8073
205.7627	26.8351
205.8822	26.8278
205.9993	26.8629
206.1189	26.8291
206.2321	26.8206
206.3516	26.8532
206.4706	26.8592
206.5902	26.8387
206.7079	26.8556
206.8229	26.8194
206.9424	26.8774
207.0624	26.8206
207.1821	26.8291
207.2984	26.8363
207.4158	26.8472
207.5338	26.8327
207.6513	26.8291
207.7681	26.8472
207.8824	26.8484
208.0009	26.8556
208.1175	26.8170
208.2333	26.8592
208.3524	26.8665
208.4710	26.8653
208.5888	26.8448
208.7090	26.8448
208.8262	26.8327
208.9416	26.7964
209.0585	26.8170
209.1764	26.8496
209.2924	26.8085
209.4122	26.8278
209.5317	26.8303
209.6492	26.8411
209.7696	26.8435
209.8870	26.8423
210.0014	26.8375
210.1205	26.8363
210.2338	26.8387
210.3535	26.8278
210.4698	26.8568
210.5857	26.8254
210.7061	26.8496
210.8247	26.8278
210.9422	26.7940
211.0584	26.8242
211.1779	26.8291
211.2945	26.8218
211.4118	26.8496
211.5312	26.8061
211.6510	26.8701
211.7704	26.8580
211.8884	26.8556
212.0073	26.8448
212.1192	26.8303
212.2340	26.8266
212.3532	26.8254
212.4739	26.8375
212.5947	26.8339
212.7136	26.8013
212.8312	26.8435
212.9499	26.8134
213.0666	26.8653
213.1815	26.8025
213.3011	26.8206
213.4197	26.8303
213.5336	26.8339
213.6512	26.8423
213.7688	26.8544
213.8880	26.8315
214.0072	26.8484
214.1260	26.8134
214.2402	26.8435
214.3613	26.8266
214.4807	26.8351
214.5990	26.8061
214.7176	26.8194
214.8346	26.8278
214.9520	26.8435
215.0706	26.8315
215.1875	26.8206
215.3031	26.8327
215.4237	26.8170
215.5441	26.7820
215.6649	26.8073
215.7801	26.8592
215.8992	26.8351
216.0170	26.8206
216.1354	26.8182
216.2497	26.8230
216.3634	26.7964
216.4824	26.8170
216.5975	26.8689
216.7159	26.8266
216.8358	26.8073
216.9544	26.8121
217.0749	26.8810
217.1949	26.7989
217.3139	26.8061
217.4271	26.7989
217.5454	26.8218
217.6661	26.8061
217.7857	26.8146
217.9051	26.8315
218.0232	26.8435
218.1421	26.7977
218.2573	26.7952
218.3747	26.8158
218.4885	26.8194
218.6067	26.8158
218.7204	26.8194
218.8402	26.8315
218.9597	26.8448
219.0758	26.8399
219.1958	26.8206
219.3155	26.8194
219.4326	26.8375
219.5484	26.7952
219.6665	26.8327
219.7844	26.8520
219.9033	26.8266
220.0215	26.8218
220.1353	26.8278
220.2503	26.8049
220.3707	26.8001
220.4893	26.8254
220.6045	26.8146
220.7247	26.8146
220.8436	26.8460
220.9638	26.8037
221.0801	26.8206
221.1971	26.8230
221.3155	26.7952
221.4379	26.8073
221.5578	26.8291
221.6730	26.8001
221.7918	26.8230
221.9121	26.8109
222.0319	26.8134
222.1499	26.8242
222.2655	26.8315
222.3827	26.8351
222.5020	26.8206
222.6211	26.7663
222.7356	26.8085
222.8524	26.8315
222.9718	26.8182
223.0901	26.8411
223.2073	26.8049
223.3260	26.8097
223.4465	26.8049
223.5623	26.7964
223.6720	26.8242
223.7840	26.8206
223.8983	26.8001
224.0162	26.8182
224.1341	26.8266
224.2485	26.8254
224.3606	26.8097
224.4749	26.8254
224.5898	26.8085
224.7077	26.7989
224.8208	26.7940
224.9400	26.8206
225.0584	26.8109
225.1714	26.7856
225.2824	26.8242
225.3954	26.8363
225.5087	26.8242
225.6241	26.8327
225.7349	26.8182
225.8461	26.8001
225.9602	26.8206
226.0749	26.8435
226.1958	26.8049
226.3173	26.8061
226.4402	26.8242
226.5626	26.8375
226.6850	26.8146
226.8062	26.8327
226.9256	26.8109
227.0400	26.8218
227.1595	26.8375
227.2734	26.8399
227.3950	26.7856
227.5127	26.8037
227.6328	26.8158
227.7484	26.8061
227.8688	26.7952
227.9866	26.7904
228.0993	26.8146
228.2124	26.8327
228.3319	26.8037
228.4508	26.8013
228.5680	26.8061
228.6818	26.8315
228.8013	26.8266
228.9189	26.8073
229.0312	26.8266
229.1434	26.8025
229.2592	26.8121
229.3770	26.8291
229.4872	26.8266
229.5999	26.8146
229.7189	26.8472
229.8378	26.8061
229.9525	26.8146
230.0712	26.8085
230.1848	26.8170
230.3024	26.7868
230.4167	26.7964
230.5356	26.8134
230.6522	26.7964
230.7675	26.8423
230.8842	26.8170
231.0016	26.8291
231.1155	26.8315
231.2314	26.8375
231.3507	26.8339
231.4690	26.8182
231.5883	26.8182
231.7065	26.7928
231.8221	26.7916
231.9424	26.8085
232.0619	26.8146
232.1813	26.8158
232.2941	26.8218
232.4144	26.8037
232.5345	26.8351
232.6531	26.8363
232.7624	26.8218
232.8741	26.7832
232.9956	26.8363
233.1069	26.7952
233.2200	26.8303
233.3338	26.7940
233.4509	26.8121
233.5662	26.8037
233.6880	26.8037
233.8049	26.8617
233.9186	26.7880
234.0402	26.8242
234.1534	26.8387
234.2703	26.8230
234.3907	26.8278
234.5057	26.8025
234.6200	26.8291
234.7415	26.8097
234.8601	26.8411
234.9768	26.8230
235.0961	26.8158
235.2089	26.8158
235.3298	26.8194
235.4501	26.8158
235.5671	26.8025
235.6872	26.8266
235.8061	26.8242
235.9254	26.8291
236.0390	26.8460
236.1512	26.8303
236.2664	26.8677
236.3860	26.8339
236.5031	26.8448
236.6202	26.8049
236.7387	26.7928
236.8592	26.8194
236.9768	26.7977
237.0907	26.8194
237.2056	26.8025
237.3241	26.7759
237.4431	26.8085
237.5611	26.8109
237.6767	26.8749
237.7962	26.8182
237.9152	26.8097
238.0318	26.7916
238.1463	26.8315
238.2643	26.8194
238.3848	26.8134
238.5035	26.8218
238.6209	26.8291
238.7419	26.8303
238.8616	26.8448
238.9814	26.8411
239.1003	26.8013
239.2169	26.8158
239.3354	26.8291
239.4553	26.8218
239.5748	26.8218
239.6947	26.8001
239.8130	26.8435
239.9319	26.8194
240.0506	26.8435
240.1678	26.8061
240.2827	26.8025
240.4017	26.8291
240.5193	26.8254
240.6339	26.7977
240.7500	26.8170
240.8646	26.8375
240.9830	26.8001
241.1009	26.8411
241.2152	26.8218
241.3308	26.8218
241.4491	26.8387
241.5681	26.8170
241.6873	26.8532
241.8049	26.8278
241.9186	26.7807
242.0368	26.8085
242.1536	26.8278
242.2652	26.8375
242.3802	26.8170
242.4992	26.8146
242.6164	26.8146
242.7349	26.8266
242.8508	26.8303
242.9656	26.8218
243.0833	26.8194
243.2017	26.8061
243.3198	26.8218
243.4366	26.8351
243.5557	26.8254
243.6732	26.8049
243.7885	26.8399
243.9057	26.7735
244.0192	26.8242
244.1372	26.8520
244.2490	26.8254
244.3636	26.8363
244.4817	26.8291
244.5959	26.8001
244.7073	26.8315
244.8254	26.8025
244.9403	26.8109
245.0552	26.8134
245.1746	26.8182
245.2928	26.8291
245.4123	26.7916
245.5304	26.8472
245.6448	26.8121
245.7637	26.8363
245.8800	26.8266
246.0006	26.8242
246.1150	26.8121
246.2307	26.8363
246.3500	26.8484
246.4710	26.8411
246.5901	26.8097
246.7035	26.8218
246.8227	26.8339
246.9433	26.8423
247.0629	26.8641
247.1781	26.8218
247.2969	26.8435
247.4167	26.8460
247.5368	26.8206
247.6554	26.8097
247.7712	26.8073
247.8899	26.8508
248.0083	26.8556
248.1254	26.8315
248.2384	26.8242
248.3574	26.8399
248.4764	26.8508
248.5965	26.8230
248.7103	26.8677
248.8260	26.8423
248.9474	26.8134
249.0674	26.8182
249.1866	26.8085
249.3001	26.8363
249.4160	26.8230
249.5354	26.8472
249.6532	26.8146
249.7721	26.8073
249.8867	26.8303
250.0067	26.8472
250.1260	26.8085
250.2397	26.8327
250.3575	26.8242
250.4770	26.8206
250.5949	26.8339
250.7137	26.8387
250.8318	26.8351
250.9474	26.8496
251.0688	26.8448
251.1895	26.8121
251.3103	26.8303
251.4278	26.8472
251.5486	26.8097
251.6665	26.8701
251.7848	26.8049
251.9015	26.8508
252.0197	26.8399
252.1390	26.8291
252.2527	26.7940
252.3669	26.7952
252.4804	26.8460
252.5941	26.8351
252.7059	26.8218
252.8208	26.8170
252.9314	26.8339
253.0443	26.8134
253.1561	26.8013
253.2692	26.8085
253.3830	26.8266
253.4958	26.8375
253.6127	26.8278
253.7216	26.8230
253.8341	26.8025
253.9491	26.8146
254.0690	26.8399
254.1847	26.8375
254.3034	26.8121
254.4198	26.8134
254.5307	26.8387
254.6440	26.8194
254.7646	26.7904
254.8816	26.8182
254.9929	26.8254
255.1104	26.7989
255.2227	26.8242
255.3371	26.8025
255.4569	26.8460
255.5680	26.7735
255.6800	26.8206
255.7917	26.8194
255.9075	26.8266
256.0227	26.8278
256.1431	26.8315
256.2587	26.8242
256.3794	26.8242
256.4924	26.8580
256.6049	26.8303
256.7191	26.8351
256.8353	26.8435
256.9491	26.8206
257.0687	26.8158
257.1821	26.8254
257.2962	26.8411
257.4087	26.8291
257.5224	26.8182
257.6412	26.8278
257.7535	26.8484
257.8736	26.8448
257.9859	26.8375
258.1009	26.8448
258.2165	26.8423
258.3313	26.8484
258.4427	26.8278
258.5588	26.8460
258.6734	26.8266
258.7883	26.8025
258.9005	26.8194
259.0134	26.8254
259.1283	26.8194
259.2399	26.8182
259.3569	26.8291
259.4694	26.8351
259.5856	26.8242
259.6992	26.8013
259.8203	26.8242
259.9362	26.8411
260.0568	26.8339
260.1757	26.8556
260.2910	26.8182
260.4089	26.8629
260.5239	26.8170
260.6460	26.8218
260.7664	26.8073
260.8858	26.8291
260.9992	26.8315
261.1167	26.8206
261.2316	26.8266
261.3502	26.7856
261.4696	26.8665
261.5842	26.8242
261.7036	26.8303
261.8244	26.8496
261.9389	26.8266
262.0551	26.8061
262.1677	26.8218
262.2817	26.8037
262.4021	26.8472
262.5220	26.7940
262.6348	26.8448
262.7471	26.8496
262.8616	26.8448
262.9806	26.8218
263.0975	26.8448
263.2106	26.8592
263.3318	26.8134
263.4515	26.8339
263.5707	26.8218
263.6835	26.8448
263.7986	26.8218
263.9188	26.8266
264.0391	26.8544
264.1571	26.8206
264.2720	26.8532
264.3928	26.8037
264.5109	26.8194
264.6309	26.8375
264.7446	26.8013
264.8656	26.8520
264.9836	26.8303
265.0988	26.8146
265.2157	26.8496
265.3365	26.7892
265.4588	26.8146
265.5786	26.8399
265.6964	26.8339
265.8128	26.8278
265.9331	26.8568
266.0513	26.8448
266.1693	26.8749
266.2814	26.8278
266.3998	26.7940
266.5202	26.8037
266.6407	26.8097
266.7585	26.8206
266.8741	26.8448
266.9919	26.8085
267.1042	26.8472
267.2190	26.8291
267.3387	26.8266
267.4561	26.8411
267.5667	26.8278
267.6800	26.8472
267.7895	26.8617
267.9007	26.8363
268.0106	26.8375
268.1232	26.8242
268.2348	26.8411
268.3537	26.8121
268.4643	26.8134
268.5762	26.8532
268.6885	26.8109
268.8021	26.8315
268.9236	26.8278
269.0387	26.8363
269.1572	26.8568
269.2725	26.8496
269.3931	26.8013
269.5070	26.8363
269.6261	26.8568
269.7390	26.8363
269.8520	26.8363
269.9717	26.8592
270.0876	26.7989
270.2051	26.8266
270.3253	26.8339
270.4440	26.8399
270.5587	26.8387
270.6794	26.8049
270.7981	26.8423
270.9187	26.8230
271.0381	26.8242
271.1512	26.8242
271.2638	26.8460
271.3836	26.8339
271.5030	26.8387
271.6191	26.8266
271.7400	26.8121
271.8604	26.7844
271.9816	26.8206
272.1004	26.8303
272.2135	26.8182
272.3347	26.8363
272.4550	26.8218
272.5741	26.8363
272.6896	26.8315
272.8098	26.8206
272.9302	26.8146
273.0511	26.8170
273.1697	26.8097
273.2860	26.8109
273.4035	26.8170
273.5235	26.8291
273.6429	26.8134
273.7582	26.8134
273.8778	26.8097
273.9980	26.8315
274.1163	26.8351
274.2316	26.8315
274.3499	26.7989
274.4694	26.8242
274.5881	26.8472
274.7055	26.8448
274.8201	26.7977
274.9395	26.8170
275.0588	26.8242
275.1779	26.8291
275.2969	26.8363
275.4167	26.8218
275.5359	26.8134
275.6542	26.7989
275.7725	26.8411
275.8874	26.8001
276.0059	26.8291
276.1251	26.8375
276.2377	26.8134
276.3545	26.8001
276.4706	26.8339
276.5903	26.8291
276.7105	26.8291
276.8283	26.8170
276.9422	26.8315
277.0620	26.8339
277.1812	26.8109
277.2971	26.8399
277.4173	26.8134
277.5342	26.8460
277.6523	26.8134
277.7710	26.8109
277.8906	26.7856
278.0060	26.8363
278.1250	26.8532
278.2394	26.8146
278.3593	26.8073
278.4778	26.8001
278.5961	26.8218
278.7147	26.8013
278.8323	26.8182
278.9518	26.8266
279.0649	26.8230
279.1844	26.7989
279.3018	26.8085
279.4214	26.8291
279.5418	26.8242
279.6577	26.8327
279.7783	26.7964
279.8980	26.8448
280.0161	26.8097
280.1280	26.7928
280.2429	26.8303
280.3638	26.8230
280.4843	26.8013
280.6019	26.8254
280.7164	26.8218
280.8294	26.8484
280.9482	26.8254
281.0665	26.8049
281.1818	26.8025
281.3011	26.8242
281.4192	26.7904
281.5402	26.7904
281.6579	26.7614
281.7734	26.8544
281.8941	26.8170
282.0149	26.8073
282.1338	26.8242
282.2482	26.8278
282.3669	26.8182
282.4859	26.8278
282.6060	26.8291
282.7238	26.8339
282.8378	26.8291
282.9569	26.8194
283.0768	26.8001
283.1948	26.7832
283.3100	26.8448
283.4280	26.8230
283.5464	26.8025
283.6634	26.8399
283.7810	26.8303
283.8969	26.8170
284.0184	26.8315
284.1355	26.8013
284.2495	26.8109
284.3630	26.8460
284.4821	26.8170
284.6009	26.8508
284.7206	26.8158
284.8385	26.8230
284.9517	26.8278
285.0688	26.8291
285.1878	26.8170
285.3066	26.8278
285.4236	26.8025
285.5448	26.8146
285.6632	26.7952
285.7791	26.7820
285.8972	26.8242
286.0115	26.7940
286.1297	26.8411
286.2448	26.8073
286.3619	26.8170
286.4792	26.8278
286.6004	26.8387
286.7192	26.8303
286.8384	26.8411
286.9569	26.8206
287.0731	26.8121
287.1937	26.8037
287.3132	26.8242
287.4300	26.8508
287.5473	26.8508
287.6673	26.8363
287.7881	26.7989
287.9087	26.8194
288.0286	26.8182
288.1435	26.8339
288.2589	26.8278
288.3789	26.8375
288.4975	26.8182
288.6135	26.8134
288.7344	26.8399
288.8543	26.8254
288.9740	26.8303
289.0917	26.8085
289.2041	26.8278
289.3240	26.8435
289.4376	26.8387
289.5564	26.8254
289.6731	26.8230
289.7945	26.8230
289.9119	26.8037
290.0314	26.7952
290.1497	26.8158
290.2643	26.7964
290.3847	26.8508
290.5037	26.8158
290.6248	26.8194
290.7406	26.8242
290.8598	26.8049
290.9800	26.8001
291.1002	26.8134
291.2166	26.8158
291.3333	26.8218
291.4502	26.8592
291.5696	26.7940
291.6892	26.8460
291.8038	26.8013
291.9236	26.8109
292.0438	26.8158
292.1611	26.8146
292.2746	26.8315
292.3861	26.8254
292.5004	26.8073
292.6188	26.8121
292.7378	26.8351
292.8518	26.8061
292.9711	26.8242
293.0893	26.8013
293.2062	26.8230
293.3253	26.8194
293.4401	26.8073
293.5586	26.8435
293.6694	26.8013
293.7813	26.8399
293.8999	26.8387
294.0127	26.8194
294.1302	26.8460
294.2442	26.8484
294.3634	26.8303
294.4760	26.8266
294.5884	26.8375
294.7078	26.8315
294.8212	26.8351
294.9325	26.8399
295.0462	26.8303
295.1624	26.8303
295.2760	26.8339
295.3897	26.8061
295.5049	26.8121
295.6195	26.8230
295.7310	26.8218
295.8431	26.8194
295.9544	26.8460
296.0671	26.8411
296.1801	26.8146
296.2929	26.8605
296.4090	26.8423
296.5292	26.8496
296.6450	26.8109
296.7678	26.8387
296.8902	26.8134
297.0087	26.8194
297.1214	26.8351
297.2341	26.8303
297.3477	26.8423
297.4598	26.8496
297.5711	26.8266
297.6825	26.8677
297.7929	26.8665
297.9110	26.8532
298.0208	26.8278
298.1332	26.8508
298.2465	26.8399
298.3656	26.8411
298.4775	26.8254
298.5921	26.8460
298.7072	26.8013
298.8214	26.8254
298.9325	26.8399
299.0453	26.8532
299.1595	26.8617
299.2741	26.8266
299.3955	26.8435
299.5064	26.8013
299.6274	26.8448
299.7485	26.8508
299.8632	26.8266
299.9846	26.8049
