0.0000	24.0255
0.1166	24.1539
0.2316	24.2181
0.3465	24.2341
0.4634	24.0416
0.5785	24.0737
0.6907	24.1058
0.8084	24.0255
0.9237	24.3304
1.0362	24.2662
1.1478	23.9774
1.2621	23.9935
1.3761	23.9614
1.4866	24.2181
1.6001	24.2021
1.7183	24.2181
1.8318	24.2983
1.9500	24.1218
2.0559	24.0576
2.1657	24.1379
2.2722	24.3144
2.3851	24.2181
2.5000	24.0737
2.6147	24.2502
2.7305	24.0897
2.8460	24.1700
2.9584	24.0576
3.0720	24.0737
3.1828	24.0897
3.2954	24.0737
3.4153	23.9132
3.5371	24.0576
3.6567	24.1379
3.7779	24.0255
3.8945	24.1218
4.0109	24.1700
4.1288	24.1218
4.2435	24.0576
4.3596	24.1058
4.4732	24.3144
4.5866	23.9935
4.7010	24.2021
4.8182	24.0897
4.9394	24.0897
5.0570	24.0897
5.1750	23.9774
5.2888	24.0737
5.4069	24.1379
5.5218	24.0255
5.6412	23.9614
5.7571	23.9774
5.8721	24.0897
5.9949	23.8330
6.1109	23.9935
6.2260	24.0897
6.3390	24.1218
6.4527	24.0897
6.5679	23.9132
6.6839	24.0416
6.7972	24.0576
6.9137	24.1058
7.0194	23.8491
7.1244	24.1700
7.2299	24.2181
7.3358	24.1058
7.4428	23.9453
7.5468	24.0737
7.6548	24.0897
7.7620	24.0095
7.8701	24.0576
7.9821	24.0416
8.0978	24.0576
8.2081	24.0737
8.3219	24.0255
8.4248	24.1379
8.5282	24.0416
8.6330	24.0416
8.7418	24.0255
8.8454	24.0255
8.9487	24.0576
9.0528	24.0416
9.1555	24.1058
9.2592	24.0255
9.3653	24.0255
9.4712	24.1379
9.5761	24.1218
9.6844	24.1379
9.7924	23.9774
9.9051	24.1058
10.0183	24.2662
10.1309	23.9774
10.2428	24.1379
10.3541	24.0095
10.4707	24.1058
10.5851	24.0897
10.7000	24.2341
10.8131	24.0737
10.9255	23.8170
11.0382	24.0576
11.1526	24.1058
11.2681	23.9614
11.3885	24.0416
11.5029	24.0095
11.6172	24.0095
11.7346	24.0576
11.8478	23.8972
11.9574	24.1218
12.0719	24.3625
12.1858	24.2021
12.3002	24.1379
12.4150	24.1539
12.5331	24.0897
12.6485	24.3304
12.7684	24.0737
12.8857	24.1539
13.0028	24.0737
13.1138	24.1539
13.2300	23.9935
13.3492	24.0416
13.4625	23.9935
13.5785	24.0255
13.6896	23.9293
13.8049	24.0737
13.9184	23.8812
14.0308	23.8972
14.1449	23.9935
14.2579	23.8330
14.3719	24.2983
14.4887	24.1218
14.6074	23.8010
14.7214	24.1218
14.8399	24.1058
14.9559	24.0737
15.0676	24.1379
15.1830	24.1218
15.2961	23.9614
15.4126	24.1700
15.5214	24.2021
15.6321	23.7528
15.7465	24.0897
15.8606	24.1218
15.9782	23.9293
16.0941	24.0737
16.2048	24.1218
16.3173	24.2181
16.4495	24.1218
16.5891	24.1860
16.7033	24.1058
16.8241	24.0416
16.9392	24.1379
17.0570	23.9614
17.1694	24.0576
17.2855	24.0737
17.4044	24.1379
17.5155	24.1058
17.6278	24.0576
17.7398	24.0576
17.8471	24.0737
17.9598	24.2021
18.0790	24.0737
18.1954	24.1379
18.3094	23.9935
18.4241	23.9774
18.5341	24.0897
18.6467	24.1539
18.7585	24.1539
18.8634	24.1539
18.9707	23.9453
19.0832	24.1700
19.1942	23.9935
19.3078	24.1379
19.4191	24.0737
19.5274	24.0737
19.6380	24.1539
19.7523	23.9614
19.8665	24.1700
19.9759	24.0255
20.0875	24.0737
20.2033	24.0255
20.3134	24.1700
20.4166	24.1539
20.5214	24.0576
20.6262	23.9935
20.7335	24.1860
20.8387	24.0576
20.9441	24.0576
21.0513	24.1700
21.1675	24.1058
21.2823	24.0737
21.3985	23.9614
21.5164	24.2341
21.6278	24.0095
21.7392	24.1539
21.8521	24.0897
21.9640	24.1218
22.0833	24.2341
22.2264	24.0737
22.3442	24.0737
22.4614	24.1218
22.5803	24.2341
22.6989	24.0737
22.8183	24.0416
22.9392	24.1058
23.0565	23.9614
23.1682	23.9293
23.2834	24.0576
23.4021	24.2021
23.5168	24.0576
23.6287	24.1218
23.7443	24.0255
23.8534	24.1860
23.9673	24.1700
24.0780	24.0255
24.1842	24.1218
24.2938	24.0737
24.4012	24.0897
24.5036	24.0095
24.6073	24.2021
24.7153	24.2021
24.8324	24.1058
24.9469	24.0095
25.0641	24.2021
25.1769	24.1058
25.2938	24.1700
25.4131	24.0737
25.5310	24.0737
25.6417	24.0255
25.7526	24.0255
25.8653	24.1860
25.9846	24.0897
26.0980	23.9614
26.2174	24.2662
26.3347	24.0737
26.4490	24.0416
26.5700	24.0255
26.6875	24.1539
26.7962	24.1379
26.8994	24.1860
27.0085	24.2021
27.1167	24.1058
27.2317	24.0897
27.3445	24.0897
27.4500	24.1379
27.5561	24.1058
27.6660	24.0576
27.7870	24.0255
27.8979	24.0737
28.0054	24.1058
28.1214	24.1539
28.2346	24.0576
28.3481	24.0897
28.4678	24.1700
28.5787	24.1379
28.6936	24.1700
28.8097	24.1058
28.9230	24.0737
29.0364	24.1539
29.1485	24.1379
29.2657	24.1058
29.3819	24.1379
29.4992	24.1058
29.6157	24.0737
29.7319	24.0255
29.8508	24.1379
29.9650	24.0095
30.0783	24.0897
30.1964	24.1539
30.3116	24.0897
30.4200	24.1700
30.5294	24.1218
30.6323	24.1218
30.7410	24.0416
30.8480	24.0737
30.9633	24.0576
31.0794	24.0897
31.1913	24.0576
31.3051	24.0095
31.4169	24.0737
31.5242	24.1700
31.6321	24.0897
31.7409	23.8972
31.8473	24.0897
31.9525	24.1058
32.0583	24.1218
32.1699	24.2341
32.2738	24.0576
32.3786	23.9774
32.4894	24.1379
32.5943	24.1379
32.6997	24.1058
32.8082	24.1058
32.9192	24.1379
33.0328	24.1218
33.1515	24.1539
33.2651	24.0576
33.3823	24.0897
33.4982	24.0255
33.6218	23.8651
33.7365	24.0416
33.8514	24.1379
33.9659	24.2341
34.0823	24.1379
34.1969	24.1539
34.3092	23.9293
34.4242	24.0095
34.5439	24.2502
34.6678	24.1700
34.7921	24.2502
34.9101	23.8812
35.0317	24.1379
35.1513	23.9614
35.2706	24.1700
35.3874	24.2181
35.5069	24.1058
35.6284	24.2021
35.7444	24.0576
35.8598	24.0576
35.9727	23.9614
36.0878	24.1379
36.1972	24.0897
36.3081	24.1058
36.4222	24.1379
36.5404	23.9935
36.6554	24.2662
36.7729	23.9614
36.8856	23.9774
37.0052	24.0897
37.1280	24.1379
37.2465	24.1058
37.3686	24.1218
37.4850	24.1860
37.5978	24.2341
37.7134	24.1539
37.8343	24.0897
37.9508	24.0576
38.0739	24.1539
38.1897	23.9132
38.3084	24.1058
38.4263	24.1218
38.5411	24.1379
38.6598	24.2181
38.7791	24.1700
38.8917	24.0737
39.0039	24.0416
39.1223	24.1379
39.2362	24.1379
39.3521	24.1058
39.4660	24.1860
39.5786	24.0897
39.6937	24.1218
39.8101	24.1539
39.9271	24.0737
40.0436	24.1218
40.1653	24.1058
40.2775	24.1860
40.3957	24.1700
40.5099	23.9453
40.6232	24.1379
40.7389	24.1700
40.8512	23.8491
40.9671	24.2021
41.0812	24.0576
41.1931	23.8491
41.3068	23.7689
41.4227	24.0897
41.5392	24.1860
41.6579	23.8330
41.7737	24.0737
41.8853	24.0897
42.0021	24.0737
42.1159	24.2021
42.2349	23.9935
42.3481	24.0255
42.4633	24.0576
42.5762	23.9614
42.6893	24.1058
42.8072	24.0737
42.9207	24.0416
43.0381	24.0416
43.1517	24.0576
43.2622	24.1058
43.3756	24.0576
43.4890	24.1539
43.6024	23.9614
43.7141	24.1058
43.8276	23.9614
43.9410	24.1379
44.0613	24.0095
44.1758	24.2341
44.2880	23.9132
44.4008	24.1218
44.5163	24.0416
44.6291	24.3786
44.7428	24.0897
44.8603	24.1860
44.9726	24.2181
45.0820	24.2181
45.1947	24.2662
45.3096	24.0737
45.4259	24.1379
45.5396	24.1218
45.6518	24.2823
45.7695	24.1058
45.8857	24.0576
45.9981	24.0095
46.1116	23.8330
46.2247	24.1218
46.3367	24.5552
46.4534	24.1379
46.5657	24.2341
46.6762	23.8812
46.7888	24.0416
46.9034	24.0095
47.0191	24.1379
47.1339	23.9453
47.2449	24.1379
47.3541	24.1860
47.4666	24.1539
47.5794	23.8170
47.6916	24.0897
47.8058	24.1860
47.9245	24.0576
48.0393	24.0897
48.1518	24.1539
48.2706	24.2662
48.3870	24.0095
48.5072	24.2181
48.6284	24.1539
48.7474	24.1379
48.8711	24.0897
48.9892	24.1379
49.1097	24.0897
49.2304	24.0897
49.3523	24.1058
49.4675	24.0255
49.5879	24.2341
49.7046	24.2181
49.8077	23.8972
49.9117	24.3625
50.0209	24.0897
50.1259	24.0255
50.2352	24.0576
50.3412	24.3946
50.4460	24.0416
50.5554	24.2502
50.6658	24.0255
50.7712	24.0897
50.8789	24.1379
50.9827	24.2341
51.0902	24.2662
51.1955	24.0416
51.3000	24.1218
51.4031	24.0416
51.5081	24.2983
51.6178	24.1860
51.7253	24.2662
51.8355	24.0897
51.9403	24.1058
52.0493	24.0416
52.1588	24.1379
52.2645	24.0576
52.3700	24.3144
52.4810	24.2181
52.5919	24.1218
52.7011	24.1379
52.8082	24.1058
52.9192	24.1058
53.0296	24.1218
53.1410	24.1860
53.2495	24.2823
53.3590	24.0255
53.4670	24.1700
53.5769	23.9453
53.6922	23.9935
53.8088	23.9614
53.9259	24.2662
54.0395	24.1218
54.1542	24.0737
54.2696	23.9774
54.3880	24.0897
54.5038	24.1539
54.6212	24.1379
54.7394	24.0255
54.8538	24.1539
54.9669	24.0416
55.0871	24.1379
55.2008	24.1539
55.3159	24.0416
55.4319	24.1539
55.5488	24.1539
55.6660	24.0576
55.7793	24.0576
55.8933	24.0737
56.0056	24.0576
56.1201	24.1539
56.2352	24.2181
56.3486	24.2181
56.4663	24.2181
56.5808	24.0737
56.6963	24.1700
56.8091	24.1058
56.9215	24.0897
57.0368	23.9614
57.1516	24.2181
57.2667	23.9935
57.3805	24.0255
57.4969	24.1379
57.6140	23.9614
57.7259	24.1700
57.8395	23.9614
57.9595	24.1379
58.0709	24.0095
58.1886	24.1058
58.3052	24.1539
58.4215	24.1058
58.5354	24.0897
58.6525	24.2341
58.7655	24.0737
58.8801	24.1058
59.0021	24.1218
59.1185	24.1058
59.2348	24.1539
59.3484	24.0576
59.4603	24.2181
59.5755	24.1539
59.6899	23.9774
59.8041	23.9453
59.9173	24.1860
60.0345	24.1700
60.1512	24.2021
60.2679	24.1058
60.3839	24.1539
60.5054	24.2021
60.6182	24.1860
60.7300	23.9293
60.8431	24.2341
60.9546	24.0576
61.0641	24.0897
61.1710	24.1860
61.2851	23.9132
61.3974	23.8651
61.5158	24.1379
61.6266	24.2341
61.7389	24.1539
61.8529	24.2341
61.9681	24.0737
62.0827	24.1539
62.1978	23.8491
62.3117	24.2181
62.4203	24.0416
62.5379	24.1218
62.6495	24.0576
62.7583	24.1379
62.8711	24.0897
62.9769	24.0897
63.0818	24.2021
63.1881	24.2662
63.2911	24.0416
63.3956	24.0255
63.5061	24.2021
63.6185	24.1539
63.7342	24.3144
63.8477	24.1700
63.9583	24.1539
64.0704	24.0576
64.1802	24.1218
64.2893	23.9453
64.3952	24.1218
64.5002	24.1058
64.6091	23.9132
64.7224	23.8491
64.8421	24.1058
64.9531	24.0255
65.0688	23.8972
65.1772	24.1218
65.2880	24.1539
65.3949	24.2823
65.5049	24.2021
65.6133	24.1539
65.7238	24.1058
65.8314	24.0897
65.9397	24.1700
66.0448	24.0897
66.1520	23.9614
66.2579	24.1058
66.3621	24.0576
66.4673	24.1379
66.5732	24.1218
66.6770	24.1539
66.7800	24.1058
66.8855	24.2341
66.9953	24.0897
67.1085	24.0095
67.2247	24.2502
67.3350	24.2021
67.4426	23.9935
67.5497	24.1539
67.6550	24.1700
67.7610	24.0576
67.8690	23.8330
67.9727	24.3144
68.0785	23.9293
68.1879	24.3625
68.2922	24.0737
68.3988	24.1058
68.5077	24.1700
68.6129	24.1058
68.7227	24.0095
68.8298	24.1700
68.9386	24.1058
69.0555	24.0255
69.1690	24.1058
69.2874	24.0576
69.3994	23.9614
69.5102	23.8972
69.6175	24.0576
69.7363	24.0255
69.8494	24.1539
69.9632	24.1539
70.0773	24.0576
70.1897	23.9935
70.3051	24.2181
70.4154	23.9774
70.5266	24.2021
70.6384	23.9293
70.7600	24.1539
70.8769	24.1218
70.9899	24.0897
71.1022	24.0255
71.2131	24.2021
71.3305	24.0576
71.4467	23.9774
71.5607	24.2021
71.6765	23.9614
71.7904	24.0255
71.9777	24.0576
72.0922	23.9774
72.1984	24.1218
72.3066	24.2021
72.4194	24.2341
72.5258	23.9453
72.6345	24.1218
72.7405	24.1218
72.8469	24.0576
72.9541	24.0095
73.0621	24.0095
73.1720	23.9774
73.2772	24.0255
73.3844	24.0576
73.4931	24.0737
73.6027	24.1379
73.7093	24.1539
73.8176	24.0576
73.9233	24.0737
74.0285	24.1379
74.1346	24.0255
74.2407	24.2021
74.3461	23.9132
74.4516	24.0416
74.5580	24.2341
74.6631	24.0897
74.7669	23.9774
74.8880	24.0576
74.9930	24.0576
75.0992	24.1058
75.2054	24.1218
75.3122	24.0095
75.4171	24.1058
75.5230	24.1218
75.6290	23.9935
75.7374	23.9935
75.8459	23.9774
75.9635	24.0737
76.0872	24.1058
76.2074	24.0737
76.3291	24.0576
76.4686	24.1058
76.6066	24.0416
76.7239	23.8651
76.8429	24.1860
76.9567	23.9132
77.0763	24.2021
77.1950	24.1218
77.3103	24.2021
77.4305	24.0576
77.5516	24.1058
77.6654	24.0095
77.7815	24.1700
77.8985	24.1058
78.0185	24.1700
78.1346	24.0416
78.2565	23.9614
78.3709	24.0416
78.4879	24.2181
78.6015	24.1058
78.7194	24.1860
78.8324	24.1379
78.9487	24.0255
79.0671	24.2502
79.1876	24.0897
79.3052	24.1379
79.4167	24.1218
79.5300	24.1379
79.6440	24.0416
79.7612	24.1700
79.8798	24.0897
79.9978	24.0255
80.1138	24.2502
80.2303	24.1860
80.3508	24.0576
80.4667	24.1218
80.5816	24.1058
80.7006	24.0576
80.8156	24.1058
80.9350	24.2502
81.0583	24.1058
81.1773	24.0576
81.2963	24.0255
81.4191	24.1700
81.5556	24.1218
81.6643	24.1218
81.7774	24.0576
81.8947	24.1860
82.0109	23.9614
82.1171	24.0095
82.2235	24.1218
82.3323	24.1058
82.4502	24.1218
82.5663	24.0737
82.6880	24.1058
82.8040	24.1058
82.9207	24.1218
83.0381	24.0897
83.1556	24.0255
83.2731	24.1539
83.3919	23.9453
83.5096	24.0737
83.6283	24.1539
83.7462	24.1058
83.8636	24.0416
83.9788	24.2181
84.0949	24.0576
84.2158	24.2983
84.3314	24.0737
84.4472	24.1700
84.5654	24.1379
84.6800	24.1218
84.7963	23.9293
84.9144	24.0095
85.0274	24.1860
85.1443	24.1860
85.2596	24.0737
85.3731	24.1058
85.4867	24.0576
85.6055	24.2662
85.7200	24.1700
85.8352	24.0576
85.9511	24.0737
86.0648	24.2341
86.1816	24.2181
86.2989	24.0416
86.4132	24.1379
86.5288	24.2662
86.6437	23.9774
86.7604	24.1218
86.8763	23.9614
86.9902	24.1700
87.1013	24.2502
87.2129	24.1379
87.3289	24.2181
87.4392	24.1539
87.5530	24.0576
87.6616	24.1058
87.7668	24.1379
87.8835	24.1379
87.9969	24.2341
88.1124	24.1379
88.2304	24.1058
88.3486	23.9293
88.4657	24.1379
88.5810	24.0737
88.7025	24.1058
88.8173	24.1058
88.9260	24.1058
89.0388	24.1379
89.1536	24.0737
89.2682	24.1700
89.3814	24.0737
89.4993	24.0897
89.6130	24.2502
89.7264	24.0416
89.8364	24.2341
89.9481	24.0416
90.0553	24.2181
90.2103	24.2181
90.3294	24.2021
90.4344	24.1539
90.5402	24.2181
90.6489	24.1058
90.7594	24.2341
90.8713	24.2181
90.9767	24.1058
91.0910	24.0897
91.1996	24.1539
91.3082	24.1539
91.4172	24.1860
91.5256	24.1379
91.6338	24.1218
91.7388	24.1379
91.8437	24.3625
91.9507	24.0255
92.0587	24.1860
92.1665	24.2021
92.2744	24.2662
92.3798	24.0897
92.4852	24.1700
92.5931	24.2662
92.7034	24.2021
92.8079	24.0576
92.9163	24.1218
93.0216	24.1058
93.1293	23.9293
93.2707	24.1539
93.3792	24.0737
93.4856	24.0897
93.5974	24.0095
93.7073	24.1539
93.8143	24.2502
93.9281	24.0897
94.0403	24.0897
94.1461	24.3304
94.2540	24.2983
94.3629	24.0897
94.4743	24.1860
94.5924	24.1539
94.7174	24.1058
94.8379	23.9935
94.9546	23.9935
95.0755	24.1700
95.1909	24.0576
95.3045	24.1860
95.4340	24.2021
95.5512	24.2181
95.6705	24.0095
95.7876	24.2341
95.9067	23.9774
96.0206	24.0576
96.1366	24.0255
96.2478	24.3465
96.3648	24.0095
96.4816	24.1058
96.5927	24.2021
96.7137	24.0897
96.8245	23.9774
96.9427	24.1700
97.0543	24.1539
97.1709	24.2021
97.2872	24.2181
97.4014	24.0737
97.5220	24.3144
97.6387	24.1058
97.7583	24.0255
97.8782	24.2181
97.9922	24.2662
98.1052	24.1539
98.2238	24.2502
98.3354	23.9293
98.4474	24.1700
98.5673	24.2983
98.6870	24.1058
98.8081	24.3144
98.9227	24.2021
99.0358	24.0897
99.1497	24.2181
99.2632	24.1700
99.3757	24.1058
99.4886	24.1058
99.6032	24.1539
99.7204	24.2983
99.8376	24.2662
99.9509	24.2181
100.0659	24.1379
100.1834	24.1700
100.2966	24.1379
100.4086	24.1539
100.5219	24.1218
100.6355	24.0255
100.7468	24.2021
100.8577	23.9774
100.9719	24.1379
101.0875	24.2341
101.2037	23.9453
101.3253	24.1218
101.4393	24.2021
101.5536	24.1539
101.6742	24.1700
101.7973	24.1860
101.9108	24.1700
102.0451	24.0897
102.1518	24.1539
102.2619	23.9935
102.3719	24.1379
102.4890	24.2181
102.6063	24.1700
102.7214	24.0416
102.8269	24.0416
102.9350	24.2502
103.0418	24.1058
103.1605	24.2021
103.2814	24.1058
103.4078	24.0897
103.5295	24.1218
103.6474	23.9614
103.7685	24.1539
103.8897	24.0576
104.0107	24.0416
104.1337	24.0737
104.2546	24.1700
104.3708	24.1218
104.4893	24.1379
104.6043	23.9132
104.7184	24.0416
104.8337	24.1218
104.9444	24.0576
105.0582	24.1218
105.1754	24.1058
105.2911	24.2341
105.4079	24.0095
105.5248	24.0737
105.6427	24.1218
105.7605	24.0737
105.8733	24.2021
105.9792	24.0897
106.0915	24.1700
106.2033	24.0737
106.3131	24.1218
106.4267	23.9774
106.5376	24.0255
106.6444	24.0737
106.7476	24.1218
106.8562	24.1058
106.9613	24.2983
107.0734	24.3465
107.1862	24.0897
107.2939	24.0416
107.3971	24.0416
107.5015	24.0897
107.6072	24.0576
107.7179	24.1860
107.8260	24.1218
107.9353	24.0416
108.0428	24.0737
108.1494	24.0095
108.2588	24.1539
108.3672	24.0255
108.4730	23.9453
108.5789	24.0897
108.6844	24.0416
108.7904	24.0737
108.8973	24.2181
109.0032	24.0897
109.1165	24.1379
109.2295	24.0576
109.3372	24.1058
109.4551	24.0095
109.5616	23.9453
109.6661	24.0255
109.8461	24.1379
109.9696	23.9935
110.0751	24.1700
110.1888	24.0737
110.3022	24.2021
110.4117	24.1058
110.5219	24.1539
110.6365	24.0576
110.7487	24.0095
110.8582	24.0897
110.9682	24.1379
111.0775	24.1058
111.1863	24.0095
111.2921	24.1700
111.3988	24.1860
111.5060	24.2181
111.6115	24.0095
111.7258	24.1218
111.8327	24.0095
111.9396	24.1860
112.0467	23.9935
112.1552	23.9293
112.2613	24.0095
112.3680	24.0737
112.4740	24.2021
112.5805	24.0416
112.6859	24.2181
112.7931	24.0737
112.8983	24.2502
113.0029	23.9293
113.1068	23.9935
113.2113	23.9935
113.3150	24.0576
113.4270	24.1860
113.5349	24.0576
113.6418	24.0255
113.7488	24.0095
113.8558	24.0737
113.9646	24.1700
114.0690	24.1700
114.1751	24.0576
114.2837	24.0576
114.3933	24.0095
114.5150	24.0416
114.6324	24.1218
114.7482	24.0737
114.8642	23.9293
114.9785	23.9774
115.0995	24.0576
115.2168	24.0737
115.3318	24.1539
115.4473	24.0576
115.5639	24.0255
115.6797	24.0416
115.7996	24.0576
115.9192	24.0576
116.0379	24.1700
116.1518	24.1539
116.2698	24.1058
116.3867	23.9935
116.5046	24.0897
116.6210	24.0576
116.7403	24.2021
116.8517	24.0095
116.9678	23.9293
117.0834	24.1379
117.1973	24.1539
117.3165	24.0095
117.4361	23.9774
117.5472	23.9935
117.6614	24.0737
117.7753	24.2662
117.8841	24.1700
117.9962	24.0416
118.1122	24.0416
118.2276	24.0416
118.3398	24.0255
118.4557	23.9774
118.5682	23.9614
118.6788	24.1379
118.7928	24.0255
118.9081	24.0897
119.0262	24.0416
119.1387	24.0255
119.2514	24.0897
119.3655	23.9774
119.4796	24.2021
119.5928	24.0897
119.7063	24.0897
119.8240	24.1700
119.9379	24.0255
120.0536	24.1379
120.1671	24.0737
120.2811	24.0416
120.4010	24.0255
120.5182	24.2021
120.6326	24.1379
120.7474	24.1218
120.8625	23.9935
120.9786	23.9774
121.0988	24.1058
121.2167	24.0416
121.3303	24.2341
121.4499	24.0737
121.5627	24.1379
121.6781	23.9453
121.7926	23.8812
121.9060	24.0576
122.0196	24.0737
122.1335	24.0576
122.2509	24.2021
122.3693	23.9614
122.4831	24.0416
122.5959	24.1539
122.7121	24.1058
122.8283	24.1218
122.9452	24.1058
123.0645	24.1539
123.1796	23.9774
123.2956	23.9614
123.4123	24.0897
123.5288	24.0255
123.6416	23.9935
123.7559	24.1860
123.8703	24.1379
123.9847	23.9293
124.1011	24.0095
124.2162	24.0255
124.3327	24.0416
124.4446	23.9132
124.5606	23.9935
124.6769	24.0737
124.7922	24.0737
124.9076	24.2983
125.0270	24.1379
125.1390	24.1218
125.2517	24.0255
125.3695	24.0416
125.4804	24.2181
125.5973	24.0416
125.7191	24.1539
125.8401	24.0737
125.9564	23.9935
126.0685	24.0737
126.1827	24.0095
126.2960	24.3465
126.4126	24.1379
126.5281	24.0576
126.6648	24.2662
126.7856	24.1539
126.8995	24.0416
127.0160	23.9774
127.1306	24.1539
127.2465	24.0576
127.3626	24.1539
127.4731	24.2662
127.5851	24.1379
127.7025	24.0737
127.8216	24.1539
127.9332	24.1058
128.0462	24.0897
128.1604	24.1539
128.2726	24.1539
128.3866	23.9935
128.5009	24.1058
128.6141	24.1379
128.7261	24.1058
128.8402	24.0897
128.9564	24.1700
129.0723	23.9774
129.1867	24.0095
129.2997	24.0416
129.4133	24.2823
129.5258	24.2341
129.6378	24.0576
129.7543	24.2181
129.8689	24.0416
129.9818	24.2502
130.0982	24.1539
130.2173	24.0897
130.3358	24.2021
130.4489	24.0416
130.5622	24.0255
130.6773	23.9132
130.7936	24.1058
130.9069	24.1058
131.0220	24.1379
131.1335	24.1218
131.2501	24.1860
131.3674	24.1539
131.4838	24.1379
131.5938	24.2502
131.7107	24.0576
131.8279	24.1058
131.9392	24.1860
132.0500	24.0416
132.1646	24.1860
132.2801	24.1379
132.3957	24.2021
132.5115	24.1218
132.6266	24.1058
132.7400	24.0897
132.8583	24.0095
132.9783	24.0737
133.1264	23.9774
133.2361	24.0897
133.3526	24.1058
133.4712	24.1379
133.5866	23.9293
133.7026	24.2181
133.8203	24.2181
133.9350	24.1539
134.0486	23.9774
134.1571	24.1700
134.2671	24.0576
134.3840	24.1539
134.4999	24.0897
134.6187	24.1058
134.7385	23.9453
134.8607	23.9774
134.9822	24.1539
135.0962	24.1539
135.2094	24.0897
135.3288	24.0255
135.4475	24.1860
135.5585	24.1218
135.6792	24.1860
135.7969	24.1539
135.9124	24.1700
136.0293	24.0255
136.1438	24.2021
136.2566	24.1860
136.3764	24.1700
136.4905	23.9935
136.6028	24.2502
136.7156	24.1218
136.8323	24.0897
136.9467	24.0095
137.0606	24.1539
137.1793	24.0255
137.2989	24.1379
137.4191	24.1218
137.5372	23.9453
137.6485	24.1379
137.7628	24.1700
137.8801	24.0416
137.9935	24.1058
138.1107	24.0416
138.2294	24.1218
138.3457	24.1539
138.4621	24.0737
138.5761	24.0095
138.6936	24.2502
138.8124	24.0576
138.9308	24.0897
139.0425	24.0897
139.1589	23.9774
139.2764	24.1379
139.3886	24.1218
139.5008	24.0897
139.6155	24.0416
139.7302	24.1700
139.8502	24.1218
139.9672	23.9132
140.0811	23.9614
140.1950	24.1058
140.3101	23.9935
140.4250	24.1539
140.5366	24.0576
140.6555	24.2662
140.7681	24.0576
140.8833	24.1218
140.9998	24.2181
141.1121	24.2021
141.2262	24.0576
141.3374	24.0737
141.4506	24.1218
141.5634	24.1860
141.6789	24.2181
141.7997	24.0576
141.9128	23.9453
142.0251	24.1058
142.1425	23.9935
142.2562	24.0897
142.3684	24.1218
142.4834	24.0576
142.5935	24.0897
142.7108	24.1058
142.8264	24.0576
142.9417	24.0416
143.0584	24.0737
143.1743	24.1700
143.2896	24.1379
143.4004	24.1700
143.5122	24.0416
143.6291	24.2341
143.7412	24.0255
143.8545	24.2341
143.9701	24.0576
144.0835	24.1379
144.1970	24.0095
144.3109	24.0095
144.4280	24.1058
144.5448	24.0255
144.6596	24.0897
144.7742	24.0737
144.8871	24.2341
144.9994	24.2021
145.1127	23.8972
145.2246	24.0576
145.3371	23.9132
145.4481	24.2341
145.5617	24.1218
145.6755	24.0255
145.7906	24.1700
145.9057	24.0897
146.0187	24.1539
146.1304	23.9935
146.2502	24.1700
146.3670	23.9935
146.4797	24.1539
146.5968	24.1700
146.7085	24.0416
146.8240	24.0576
146.9378	24.0897
147.0518	24.0737
147.1669	24.0737
147.2788	24.1058
147.3901	24.1058
147.5011	24.0897
147.6167	24.0737
147.7289	24.1700
147.8427	24.0416
147.9541	24.2181
148.0667	24.2823
148.1789	24.2983
148.2927	24.0737
148.4104	24.1860
148.5266	24.2823
148.6465	24.2502
148.7643	24.1539
148.8784	24.2021
148.9946	24.0095
149.1077	24.1218
149.2198	24.2502
149.3365	24.0095
149.4566	24.1379
149.5715	24.1860
149.6851	24.0897
149.7963	24.1218
149.9118	24.1700
150.0283	24.0897
150.1468	24.1539
150.2610	24.1700
150.3762	24.1539
150.4870	24.2181
150.6000	24.0897
150.7132	23.9935
150.8287	24.2823
150.9473	24.1379
151.0648	24.0897
151.1792	24.0416
151.2925	24.0255
151.4104	24.0576
151.5271	24.1058
151.6451	24.1058
151.7596	24.0737
151.8781	23.9935
151.9991	24.1860
152.1168	24.2021
152.2288	24.0897
152.3420	24.0737
152.4536	24.1539
152.5698	24.1539
152.6853	24.0897
152.8002	24.1539
152.9175	24.1058
153.0299	24.0095
153.1466	24.1700
153.2594	24.0255
153.3782	24.2021
153.4943	24.0095
153.6072	24.2341
153.7196	24.1379
153.8363	24.0095
153.9471	24.0737
154.0633	24.0255
154.1796	24.0095
154.2936	24.1860
154.4072	24.0576
154.5200	24.1218
154.6337	24.1218
154.7464	24.2502
154.8625	24.1700
154.9802	24.0255
155.0966	24.0576
155.2090	24.0416
155.3236	23.9774
155.4387	24.1860
155.5509	24.2181
155.6660	24.1379
155.7806	24.1218
155.8966	24.0095
156.0077	24.0095
156.1197	24.1379
156.2333	24.1379
156.3498	24.1379
156.4626	24.1058
156.5756	24.2502
156.6882	24.1218
156.8006	23.9614
156.9197	24.0416
157.0325	24.2181
157.1473	24.0576
157.2616	24.0737
157.3744	24.2021
157.4856	24.1860
157.5987	23.9293
157.7117	24.0897
157.8275	24.0897
157.9415	24.0095
158.0579	24.1539
158.1751	23.9774
158.2871	24.0897
158.4036	23.9935
158.5198	24.0897
158.6372	24.1379
158.7572	24.1379
158.8694	23.8812
158.9826	24.2341
159.0971	23.9774
159.2131	24.1700
159.3251	24.0737
159.4441	24.0737
159.5579	24.0095
159.6740	23.9935
159.7866	24.1379
159.9013	24.0737
160.0166	24.1218
160.1299	23.9774
160.2434	24.1860
160.3580	24.0897
160.4695	24.0255
160.5832	24.0576
160.6964	24.2341
160.8135	24.0416
160.9280	24.0416
161.0422	24.0576
161.1587	23.9935
161.2726	24.1700
161.3868	24.1218
161.4972	23.8491
161.6118	24.1218
161.7262	24.2181
161.8442	24.1379
161.9575	24.0737
162.0750	24.1539
162.1860	24.1058
162.2993	24.1058
162.4122	23.8812
162.5242	24.0576
162.6360	24.0576
162.7507	23.9774
162.8640	24.2021
162.9789	24.1860
163.0997	24.0416
163.2126	24.1058
163.3242	24.0737
163.4385	24.1218
163.5498	23.9453
163.6666	24.2662
163.7791	23.9774
163.8905	24.0897
164.0021	24.1058
164.1195	23.9453
164.2336	23.9774
164.3467	24.0897
164.4617	24.1379
164.5773	23.9774
164.6914	24.1058
164.8072	24.0576
164.9205	24.1218
165.0352	24.0416
165.1510	24.0095
165.2640	24.1700
165.3794	24.0576
165.4935	24.1058
165.6084	24.1700
165.7237	24.1058
165.8358	24.0737
165.9502	24.2181
166.0622	23.9935
166.1719	24.1058
166.2825	24.1058
166.3959	24.0416
166.5158	24.1700
166.6318	24.2983
166.7441	23.9935
166.8576	23.9935
166.9711	23.9453
167.0839	24.1218
167.1959	24.1379
167.3083	24.0897
167.4195	24.1379
167.5362	24.1700
167.6482	24.0416
167.7623	24.0095
167.8772	24.1860
167.9887	24.2502
168.1008	24.0737
168.2132	24.1379
168.3293	24.1379
168.4536	24.1700
168.5734	24.2823
168.6875	24.2181
168.8026	24.1379
168.9210	24.0095
169.0382	24.2021
169.1557	24.1539
169.2697	24.0576
169.3841	24.0576
169.4974	24.1058
169.6121	24.0255
169.7338	23.9774
169.8485	24.2181
169.9654	24.0095
170.0811	24.1539
170.1952	24.1379
170.3100	24.0897
170.4219	24.0095
170.5346	24.1700
170.6485	24.0737
170.7628	24.1218
170.8773	24.0897
170.9971	23.9935
171.1158	24.0576
171.2315	24.1379
171.3482	24.2021
171.4692	24.1058
171.5863	24.1700
171.6991	24.2181
171.8130	24.1860
171.9347	24.2341
172.0500	24.1379
172.1640	24.0416
172.2832	24.1539
172.3967	23.9935
172.5154	24.1058
172.6342	24.0897
172.7463	24.1218
172.8612	24.1700
172.9732	24.2502
173.0862	24.1700
173.1985	24.0897
173.3125	24.2502
173.4275	24.2021
173.5405	24.1218
173.6627	24.0416
173.7782	24.1379
173.8942	24.1058
174.0080	24.0897
174.1235	24.0416
174.2360	24.1058
174.3476	24.0576
174.4611	23.9453
174.5733	23.8972
174.6926	24.0255
174.8067	24.0416
174.9220	24.0897
175.0382	24.0737
175.1537	24.0576
175.2652	24.0737
175.3767	24.1218
175.4953	24.0897
175.6136	24.1218
175.7232	24.1700
175.8326	24.3144
175.9429	24.1700
176.0567	23.9935
176.1740	24.0576
176.2860	24.0255
176.3989	24.0416
176.5158	24.1379
176.6287	24.1058
176.7437	24.1058
176.8573	24.0897
176.9694	24.0897
177.0835	23.9293
177.1963	23.9935
177.3063	24.2181
177.4190	24.0255
177.5321	24.0095
177.6475	24.0737
177.7606	24.2021
177.8756	24.1058
177.9938	24.1379
178.1060	24.1058
178.2203	24.1218
178.3353	24.1379
178.4477	24.0416
178.5614	24.1860
178.6764	24.0576
178.7940	24.2181
178.9098	23.9453
179.0237	23.9293
179.1359	24.0737
179.2551	24.1379
179.3696	23.9935
179.4868	24.1218
179.6005	24.1058
179.7162	24.0897
179.8297	24.1539
179.9419	24.2021
180.0588	23.9453
180.1760	24.3144
180.2913	24.1539
180.4075	24.2181
180.5191	23.9453
180.6354	23.9453
180.7563	24.1058
180.8691	23.8972
180.9827	24.0416
181.0988	24.2341
181.2147	24.1539
181.3285	24.0737
181.4459	23.9293
181.5601	23.9935
181.6793	24.0576
181.7924	24.0416
181.9102	24.0897
182.0236	24.1539
182.1368	24.0095
182.2568	24.1058
182.3689	24.2502
182.4853	24.2181
182.6000	24.0416
182.7175	24.1860
182.8374	24.1860
182.9505	24.0576
183.0662	24.0095
183.1814	24.0576
183.2942	24.1218
183.4105	23.9935
183.5277	24.1379
183.6445	24.0737
183.7587	23.9453
183.8708	23.9935
183.9893	24.1058
184.1055	23.9935
184.2193	24.0416
184.3366	24.0255
184.4496	23.9614
184.5615	24.1379
184.6728	24.1058
184.7875	24.1379
184.9026	24.0576
185.0160	23.9774
185.1298	24.2341
185.2463	24.1058
185.3593	24.1860
185.4743	24.0416
185.5894	24.2341
185.7010	24.0576
185.8232	24.1700
185.9388	24.0897
186.0506	24.0576
186.1653	24.1218
186.2873	23.8812
186.4097	24.1218
186.5285	24.0416
186.6479	24.0416
186.7800	24.1058
186.9077	24.1218
187.0337	23.9132
187.1966	24.0416
187.4250	24.2181
187.5367	24.0416
187.6420	24.0095
187.7527	24.1058
187.8610	24.1700
187.9704	24.2662
188.0885	24.0897
188.2019	24.0095
188.3079	23.9453
188.4180	24.2021
188.5405	23.9774
188.6849	24.1058
188.7908	24.0576
188.9016	23.9614
189.0205	24.1058
189.1360	24.1218
189.2787	24.0416
189.4207	24.0255
189.5384	24.0255
189.6549	24.1218
189.7760	24.0416
189.8928	23.9293
190.0113	23.9935
190.1339	24.1218
190.2519	23.9293
190.3643	24.0737
190.4868	24.1058
190.6095	24.1860
190.7405	23.9774
190.8673	24.2021
190.9885	24.1218
191.1110	24.2021
191.2343	24.0095
191.3559	23.8972
191.4774	24.1860
191.6016	24.1700
191.7361	24.0897
191.8478	24.0255
191.9564	24.0737
192.1131	24.0416
192.2504	24.1539
192.3574	24.1860
192.4719	23.9935
192.6252	24.0095
192.7528	24.1539
192.8748	24.0737
193.0039	24.0095
193.1278	24.6355
193.2446	24.0576
193.3695	24.1218
193.4748	24.0095
193.5819	23.9453
193.6977	24.0255
193.8158	24.1218
193.9367	24.0737
194.0568	23.9614
194.1752	23.9774
194.3026	24.1860
194.4251	23.9935
194.5460	24.0737
194.6555	24.0416
194.7646	24.1058
194.8688	24.0576
194.9769	23.9132
195.0843	23.9935
195.1897	24.1058
195.2965	24.1860
195.4210	24.1379
195.5273	24.0897
195.6570	24.1379
195.7914	23.9614
195.9118	23.9293
196.0344	23.9935
196.1562	24.0095
196.2705	24.0095
196.3843	24.1218
196.5051	24.1379
196.6145	24.1058
196.7191	24.0095
196.8252	24.0897
196.9314	24.0255
197.0384	24.0416
197.1516	24.0897
197.2625	24.1700
197.3698	24.0416
197.4761	24.0255
197.5830	24.0576
197.6910	24.0416
197.8031	24.0255
197.9078	24.0737
198.0173	23.9614
198.1264	24.0255
198.3770	23.9774
198.6127	23.9132
198.9284	24.0737
199.1388	24.1218
199.2572	24.1218
199.4176	24.0897
199.5717	24.0897
199.6915	24.1539
199.8199	24.0737
200.0063	24.0897
200.2321	24.0897
200.3526	24.1218
200.4586	24.2341
200.5680	24.1379
200.6753	24.2181
200.7813	24.1058
200.8871	24.0897
200.9911	24.0095
201.0991	24.0416
201.2087	24.0737
201.3198	24.0897
201.4743	24.0576
201.5891	23.9293
201.7050	24.2021
201.8128	24.0897
201.9346	24.0737
202.0418	24.0737
202.1503	24.0416
202.2548	24.0897
202.3606	24.2181
202.4711	24.2181
202.5767	24.0576
202.7014	24.1058
202.8070	24.0255
202.9185	24.0737
203.0240	23.9935
203.1339	24.1539
203.2389	23.9774
203.3513	24.0416
203.4555	23.9935
203.5715	24.0095
203.6844	24.0255
203.7890	24.0095
203.8945	24.1218
204.0004	23.9293
204.1040	23.9614
204.2130	24.0737
204.3187	24.0576
204.4217	24.0737
204.5263	24.1058
204.6446	24.0416
204.7537	23.9935
204.8583	24.0576
204.9642	24.0737
205.0677	24.0576
205.1715	23.9614
205.2762	24.0576
205.3801	23.9935
205.4855	24.1218
205.5892	24.1700
205.6921	24.0576
205.7973	23.9293
205.9016	23.9774
206.0050	24.1058
206.1089	23.9614
206.2115	23.9453
206.3175	24.1058
206.4211	24.0897
206.5247	23.9774
206.6285	23.8491
206.7322	24.0897
206.8365	23.9935
206.9477	24.1379
207.0514	24.1058
207.1559	23.9774
207.2589	24.0576
207.3636	23.9935
207.4663	23.9935
207.5691	24.0255
207.6721	24.0095
207.7745	24.0255
207.8773	24.0416
207.9821	23.9614
208.0866	23.9935
208.1905	24.0095
208.2961	24.0416
208.3986	23.9614
208.5035	23.8491
208.6105	24.0576
208.7217	24.0416
208.8248	23.9935
208.9293	24.0576
209.0333	23.9453
209.1368	23.8812
209.2426	23.9614
209.3480	24.0255
209.4576	24.1058
209.5672	23.9935
209.6755	23.9935
209.7791	23.8972
209.8819	23.9293
209.9866	23.9614
210.0954	24.1379
210.2045	23.9774
210.3129	24.0897
210.4217	23.9614
210.5303	24.0255
210.6380	24.1379
210.7469	24.0255
210.8545	24.0416
210.9619	23.8330
211.0697	23.9453
211.1822	24.0095
211.2928	23.9293
211.4028	23.9774
211.5114	24.1218
211.6272	24.0576
211.7407	24.0576
211.8501	23.8330
211.9579	23.9453
212.0725	24.0576
212.1883	24.0095
212.3023	24.1218
212.4173	24.0897
212.5255	23.9614
212.6415	23.9614
212.7579	23.9774
212.8754	24.1058
212.9931	24.1058
213.1089	23.9614
213.2266	23.8972
213.3407	24.0737
213.4499	24.0737
213.5649	23.9132
213.6781	24.0095
213.7934	24.1058
213.9079	24.1218
214.0219	23.9935
214.1363	24.1700
214.2505	24.0737
214.3665	23.9132
214.4797	24.0576
214.5930	23.8170
214.7069	24.0095
214.8214	23.9935
214.9347	24.1058
215.0482	24.0576
215.1627	24.0255
215.2760	23.9614
215.3880	24.0416
215.4962	23.9453
215.6115	24.0095
215.7289	23.9774
215.8452	24.0095
215.9608	24.1058
216.0721	24.0255
216.1832	24.0576
216.2947	23.8972
216.4049	23.9132
216.5126	24.1058
216.6249	23.9935
216.7379	24.1700
216.8497	23.8330
216.9628	24.0576
217.0759	23.9614
217.1888	23.9132
217.2997	23.9935
217.4133	24.1700
217.5259	23.9132
217.6392	24.0416
217.7524	23.8330
217.8641	24.0576
217.9755	23.9293
218.0908	23.9935
218.2036	24.0095
218.3166	24.0095
218.4287	24.2021
218.5391	24.0416
218.6520	24.0095
218.7589	24.1058
218.8655	24.0095
218.9748	23.9774
219.0817	24.1058
219.1909	23.9935
219.3052	24.1379
219.4191	24.0255
219.5347	24.0095
219.6450	24.0095
219.7566	23.8651
219.8695	23.8972
219.9823	24.0576
220.0943	23.9935
220.2064	24.0255
220.3184	24.0255
220.4317	23.9614
220.5472	23.8491
220.6630	23.9132
220.7803	23.9132
220.8959	23.9293
221.0088	24.0416
221.1224	24.0095
221.2359	23.9935
221.3487	23.9293
221.4637	24.0095
221.5801	23.8330
221.6944	23.9293
221.8077	23.8491
221.9224	23.9132
222.0376	23.9935
222.1507	23.9774
222.2645	23.9935
222.3781	23.9935
222.4932	24.0576
222.6067	23.9132
222.7212	23.9614
222.8361	24.0737
222.9493	23.9774
223.0631	23.9453
223.1793	23.9774
223.2927	23.9614
223.4076	23.9935
223.5205	23.9774
223.6323	24.0416
223.7447	23.9293
223.8570	23.9132
223.9693	24.0737
224.0811	23.9614
224.1930	23.9293
224.3052	24.0255
224.4188	23.8491
224.5300	23.9614
224.6415	24.0255
224.7541	24.0095
224.8651	24.0897
224.9766	23.8491
225.0883	24.0095
225.2012	24.0576
225.3139	24.2021
225.4276	24.2021
225.5403	24.0095
225.6518	23.9293
225.7652	23.9293
225.8787	23.8812
225.9910	23.9293
226.1046	23.9132
226.2149	23.8330
226.3247	23.9774
226.4382	23.9774
226.5518	23.9774
226.6669	24.0255
226.7812	24.0255
226.8963	24.1058
227.0091	24.1379
227.1246	23.9614
227.2389	23.9132
227.3536	24.1539
227.4677	24.0416
227.5812	24.0897
227.6950	24.0576
227.8096	23.9453
227.9225	24.0737
228.0352	23.8972
228.1479	24.0095
228.2604	23.8812
228.3667	23.9293
228.4739	23.8972
228.5897	23.8812
228.7069	23.8972
228.8220	23.9132
228.9359	24.0095
229.0497	23.9774
229.1628	23.8812
229.2775	23.8491
229.3924	23.8651
229.5078	24.0576
229.6231	23.9774
229.7362	24.0255
229.8503	24.1539
229.9637	23.9293
230.0788	24.0255
230.1905	24.0255
230.3049	23.9614
230.4153	24.0897
230.5304	23.8812
230.6443	23.9614
230.7577	23.8972
230.8692	23.9293
230.9801	24.0095
231.0880	23.9935
231.1978	24.0255
231.3064	23.9774
231.4151	24.3625
231.5247	24.1379
231.6366	23.9614
231.7511	23.9132
231.8650	24.0255
231.9759	24.0897
232.0874	24.1539
232.1999	23.9774
232.3165	24.0737
232.4304	24.0897
232.5433	24.0416
232.6463	23.9614
232.7523	24.1058
232.8636	23.9614
232.9776	24.0255
233.0950	24.0255
233.1999	23.9293
233.3024	24.0576
233.4097	23.9774
233.5174	24.0897
233.6214	23.9132
233.7269	24.0416
233.8332	24.0737
233.9389	24.1539
234.0429	24.0576
234.1483	24.0576
234.2531	24.1379
234.3576	23.9614
234.4624	23.9453
234.5666	23.9453
234.6703	24.1058
234.7773	24.1379
234.8825	24.0737
234.9879	24.0416
235.0958	24.0897
235.2035	24.1700
235.3195	24.1539
235.4381	24.0897
235.5473	24.0095
235.6544	24.0095
235.7644	23.9614
235.8774	23.9774
235.9916	24.2502
236.1001	24.0897
236.2097	24.0255
236.3192	23.9293
236.4345	24.0095
236.5486	23.9774
236.6578	24.0576
236.7667	24.0416
236.8770	23.9774
236.9822	24.0737
237.0871	24.0095
237.1942	24.1379
237.3016	24.0416
237.4183	24.0737
237.5312	24.1058
237.6385	23.9614
237.7482	23.9453
237.8580	23.9614
237.9689	23.9132
238.0805	23.8010
238.1922	24.1218
238.3042	24.1860
238.4155	24.0416
238.5260	23.9293
238.6357	24.0255
238.7484	24.0255
238.8641	24.0576
238.9780	24.0576
239.0930	23.9614
239.2006	23.9935
239.3166	24.0416
239.4337	23.9774
239.5433	24.0576
239.6533	24.1539
239.7614	24.1379
239.8723	24.0576
239.9900	23.8491
240.1058	24.0255
240.2096	23.8812
240.3146	24.0095
240.4205	23.8330
240.5252	23.8812
240.6314	23.9774
240.7360	24.0576
240.8415	24.1700
240.9505	23.8812
241.0692	23.8330
241.1808	24.0576
241.2891	23.9935
241.4034	24.0897
241.5121	23.9935
241.6340	23.9774
241.7468	23.9774
241.8544	23.8330
241.9710	23.9453
242.0887	24.0255
242.2053	23.8330
242.3199	24.0416
242.4298	23.9935
242.5399	23.9774
242.6547	24.0095
242.7687	23.8651
242.8833	23.9935
242.9972	23.8972
243.1116	23.8010
243.2253	23.8812
243.3407	23.9132
243.4546	23.9614
243.5698	24.1379
243.6829	23.8812
243.7983	23.8812
243.9124	23.8812
244.0276	23.9614
244.1417	23.9293
244.2569	23.9935
244.3718	23.8491
244.4839	23.8972
244.5952	23.9132
244.7082	24.0255
244.8218	23.9614
244.9366	24.0576
245.0520	23.9935
245.1648	23.8010
245.2785	23.9935
245.3929	24.0737
245.5079	24.0255
245.6216	23.8330
245.7353	24.1058
245.8488	23.9614
245.9664	23.9453
246.0832	23.8651
246.1932	24.0897
246.3037	23.9935
246.4166	24.0416
246.5228	24.0576
246.6282	23.9614
246.7374	23.9453
246.8477	24.1058
246.9567	23.9132
247.0621	24.0897
247.1686	23.9132
247.2729	23.9774
247.3796	24.0255
247.4883	23.9453
247.5963	24.0737
247.7047	23.9293
247.8134	23.9132
247.9213	23.9614
248.0313	23.9614
248.1412	24.0416
248.2519	23.8330
248.3623	24.1218
248.4728	23.9935
248.5868	23.8651
248.6995	23.9774
248.8105	23.8812
248.9202	23.9132
249.0320	24.0737
249.1407	24.0255
249.2454	23.9774
249.3496	23.9935
249.4560	23.9935
249.5632	24.0576
249.6745	24.0255
249.7844	24.0576
249.8941	24.1700
250.0040	23.9614
250.1137	24.0737
250.2236	24.1379
250.3339	24.0255
250.4423	24.1379
250.5525	23.9614
250.6661	23.9935
250.7776	24.0255
250.8954	23.9453
251.0158	23.8491
251.1362	24.0095
251.2527	23.8972
251.3697	24.0416
251.4784	23.9132
251.5933	24.1700
251.7129	24.0255
251.8209	23.8651
251.9294	23.8330
252.0493	24.0255
252.1647	23.9293
252.2773	23.9453
252.3914	24.0416
252.4971	24.0255
252.6057	23.8170
252.7211	24.0897
252.8329	23.9935
252.9421	23.9935
253.0606	24.0095
253.1762	23.9774
253.2927	23.9453
253.4080	23.9453
253.5183	24.0416
253.6339	24.0255
253.7478	24.0737
253.8568	24.0255
253.9648	23.9774
254.0817	24.1058
254.1976	24.0897
254.3140	24.1058
254.4290	23.8651
254.5390	24.2502
254.6504	23.9774
254.7665	23.9935
254.8810	23.9935
254.9890	23.9935
255.0970	23.9453
255.2096	23.9614
255.3256	24.0897
255.4378	24.0095
255.5463	23.9935
255.6613	23.8972
255.7710	24.0737
255.8854	24.0576
255.9950	23.9774
256.1084	23.9132
256.2188	23.9774
256.3351	23.8812
256.4616	24.0416
256.5820	23.9293
256.6978	23.9614
256.8043	23.9774
256.9174	23.9614
257.0312	24.0095
257.1416	24.0737
257.2586	23.9935
257.3701	24.0576
257.4827	24.0095
257.5946	23.9774
257.7084	24.0095
257.8191	23.8491
257.9299	23.9293
258.0423	23.9132
258.1581	23.8491
258.2696	24.0255
258.3784	23.9614
258.4883	23.9453
258.5996	23.9614
258.7094	23.9453
258.8212	23.9453
258.9345	23.8812
259.0501	24.0095
259.1659	24.0095
259.2827	24.1700
259.3939	23.9614
259.5054	23.9132
259.6177	24.0255
259.7335	23.9614
259.8493	24.0576
259.9664	24.0737
260.0807	23.9935
260.1914	23.9453
260.3081	23.9614
260.4277	23.8812
260.5422	23.9293
260.6503	23.9132
260.7688	23.8812
260.8834	23.9935
260.9934	23.8330
261.1074	24.0737
261.2145	23.9293
261.3236	23.9935
261.4410	23.8972
261.5518	23.8651
261.6676	23.9453
261.7767	24.1700
261.8894	23.9614
262.0004	23.8651
262.1103	23.8651
262.2279	23.8491
262.3394	23.9132
262.4520	23.9614
262.5644	23.7368
262.6765	23.8651
262.7882	24.1379
262.8973	23.9614
263.0140	23.8812
263.1316	23.9132
263.2475	24.0737
263.3668	24.0897
263.4814	24.0255
263.5898	23.9293
263.7030	23.8972
263.8156	23.8651
263.9273	24.0576
264.0329	23.9453
264.1391	23.8972
264.2493	24.0576
264.3578	23.9774
264.4729	23.9935
264.5795	23.8651
264.6876	23.9453
264.7983	23.9614
264.9081	24.0737
265.0169	23.8651
265.1233	24.0576
265.2346	24.0416
265.3449	23.9453
265.4553	24.0416
265.5651	24.0737
265.6799	24.0416
265.7967	24.1218
265.9120	23.8972
266.0272	23.9935
266.1469	23.9293
266.2642	24.1058
266.3790	23.9453
266.4904	24.1218
266.6085	24.0897
266.7235	23.8972
266.8337	23.9453
266.9475	24.0576
267.0609	23.8812
267.1737	23.9774
267.2916	24.0576
267.4055	24.1058
267.5201	24.1700
267.6351	24.0095
267.7500	24.0095
267.8636	23.8812
267.9762	23.9774
268.0853	24.1218
268.2012	23.9774
268.3164	24.0737
268.4306	24.0737
268.5433	23.8812
268.6573	23.9774
268.7713	23.9453
268.8834	23.9774
268.9938	24.1058
269.1016	23.9453
269.2178	23.9935
269.3337	23.8491
269.4508	23.8972
269.5683	23.9774
269.6844	23.9774
269.8018	23.9453
269.9176	23.9614
270.0350	24.0095
270.1504	23.9453
270.2665	24.0737
270.3817	23.7528
270.4975	23.9614
270.6147	23.9453
270.7334	23.8972
270.8501	23.9293
270.9678	23.9293
271.0852	23.9132
271.2005	23.8972
271.3111	23.9293
271.4274	23.9614
271.5411	24.0737
271.6562	24.0095
271.7734	23.9132
271.9051	23.9774
272.0201	23.8651
272.1355	23.9453
272.2516	23.8170
272.3817	23.8972
272.4983	23.9774
272.6129	23.9935
272.7265	23.9132
272.8424	23.9453
272.9572	23.9614
273.0706	24.0255
273.1836	23.8651
273.2970	23.8651
273.4110	23.8491
273.5244	23.8491
273.6370	24.0576
273.7416	24.0255
273.8478	23.9293
273.9569	23.8491
274.0670	23.7689
274.1772	23.8330
274.2869	23.8010
274.3978	23.8330
274.5082	23.9774
274.6189	23.9132
274.7296	24.0095
274.8421	23.8812
274.9556	23.7528
275.0729	24.0255
275.1911	23.8972
275.3070	23.9293
275.4188	23.8170
275.5281	23.9614
275.6432	23.8972
275.7569	23.9774
275.8726	23.8651
275.9881	23.9293
276.1003	24.0576
276.2134	24.1379
276.3275	23.9774
276.4397	23.8812
276.5513	23.9935
276.6643	23.9935
276.7787	24.0416
276.8922	23.9614
277.0079	24.0095
277.1231	23.8651
277.2365	23.8812
277.3491	23.7689
277.4640	24.0095
277.5793	24.0255
277.6932	23.9453
277.8066	23.9614
277.9214	24.0416
278.0349	23.9614
278.1485	23.9293
278.2637	23.8330
278.3766	23.9293
278.4926	23.8330
278.6065	23.7689
278.7216	24.1539
278.8362	23.8812
278.9500	23.9132
279.0607	23.8972
279.1827	23.9293
279.2996	23.8972
279.4147	23.8330
279.5285	23.9774
279.6428	23.8972
279.7566	24.0416
279.8713	24.0576
279.9839	23.8651
280.0973	24.1860
280.2121	24.0576
280.3275	23.9935
280.4410	23.9614
280.5543	23.9453
280.6684	23.9614
280.7838	24.1539
280.8975	24.0255
281.0112	23.9453
281.1256	23.8330
281.2396	23.9774
281.3529	24.0576
281.4657	23.8812
281.5800	23.8491
281.6949	23.9132
281.8082	24.1058
281.9217	23.9132
282.0347	23.7849
282.1501	23.9453
282.2648	24.0737
282.3783	24.0095
282.4911	23.8491
282.6058	23.9453
282.7215	23.9774
282.8381	23.9453
282.9540	24.1539
283.0686	23.9774
283.1863	23.8972
283.3008	23.8972
283.4179	23.9132
283.5323	23.9453
283.6461	23.8972
283.7594	24.0095
283.8732	23.9293
283.9883	23.8330
284.0978	24.1058
284.2097	24.0255
284.3255	23.8812
284.4393	23.9293
284.5505	23.9132
284.6664	23.9453
284.7822	24.0576
284.8998	23.9614
285.0216	24.0576
285.1385	23.9614
285.2525	23.8972
285.3656	24.0416
285.4791	23.8651
285.5945	23.9935
285.7086	23.9293
285.8234	24.0416
285.9379	23.9774
286.0542	23.8651
286.1676	23.9935
286.2822	23.9293
286.3951	23.8972
286.5070	24.0576
286.6172	24.0416
286.7315	23.8170
286.8429	23.9132
286.9564	23.8972
287.0685	23.9453
287.1813	23.8972
287.2939	23.8812
287.4078	23.9453
287.5201	23.9774
287.6321	24.0255
287.7458	23.8651
287.8582	23.9774
287.9715	23.9293
288.0834	23.9132
288.1973	24.2021
288.3106	24.1379
288.4275	23.8651
288.5424	23.9293
288.6557	24.0576
288.7699	23.9774
288.8828	23.9132
288.9967	24.0255
289.1113	23.9453
289.2257	23.9614
289.3401	23.9774
289.4554	23.8010
289.5689	23.9293
289.6828	24.2021
289.7975	23.8170
289.9117	23.8972
290.0265	23.8812
290.1419	23.8972
290.2565	24.1058
290.3699	24.0576
290.4831	23.8812
290.5966	24.1058
290.7095	23.9614
290.8230	23.9132
290.9391	24.0095
291.0530	23.8812
291.1650	24.0095
291.2782	23.8651
291.3945	23.8812
291.5078	23.9132
291.6213	24.0897
291.7362	23.8972
291.8490	23.8812
291.9588	23.9774
292.0755	23.9293
292.1931	23.8812
292.3085	23.8651
292.4249	24.0416
292.5384	24.1058
292.6521	23.9774
292.7674	24.0255
292.8816	23.9614
292.9950	24.1700
293.1086	24.0576
293.2225	23.8812
293.3361	23.9132
293.4509	23.9293
293.5656	23.8170
293.6796	24.0095
293.7927	23.9453
293.9068	23.8972
294.0235	23.9614
294.1367	24.0095
294.2483	23.9293
294.3600	24.0095
294.4725	23.9774
294.5859	23.9293
294.7023	23.9774
294.8182	23.9132
294.9336	23.9774
295.0476	24.0416
295.1623	23.9614
295.2757	23.8010
295.3909	24.0416
295.5045	23.9935
295.6180	23.9453
295.7304	23.9293
295.8444	23.9774
295.9573	23.8651
296.0658	24.0095
296.1809	23.9293
296.2941	23.8972
296.4094	24.0416
296.5225	23.9614
296.6375	24.0255
296.7509	23.8651
296.8653	24.0897
296.9792	23.9614
297.0924	23.9935
297.2068	24.0737
297.3235	23.9453
297.4344	23.9774
297.5496	24.0255
297.6653	24.0737
297.7791	23.9614
297.8970	24.0095
298.0113	24.0737
298.1270	23.9774
298.2414	24.1379
298.3547	23.8812
298.4686	24.1058
298.5833	24.0897
298.6979	23.8972
298.8135	24.1379
298.9269	23.9774
299.0406	23.9935
299.1534	23.9132
299.2632	23.9614
299.3785	23.9935
299.4931	23.7689
299.6086	24.0897
299.7217	23.9453
299.8358	23.9293
299.9506	23.9293
