0.0000	27.1870
0.1257	27.1338
0.2439	27.1733
0.3631	27.1628
0.4761	27.1451
0.5958	27.1363
0.7155	27.1620
0.8331	27.1524
0.9516	27.1677
1.0683	27.1540
1.1812	27.1427
1.2986	27.1733
1.4174	27.1838
1.5310	27.1379
1.6442	27.1725
1.7548	27.1636
1.8674	27.1516
1.9788	27.1644
2.0885	27.1572
2.1997	27.1427
2.3140	27.1419
2.4341	27.1451
2.5534	27.1258
2.6696	27.1620
2.7849	27.1467
2.9015	27.1725
3.0219	27.1757
3.1384	27.1451
3.2558	27.1693
3.3757	27.1580
3.4955	27.1475
3.6142	27.1508
3.7309	27.1540
3.8501	27.1411
3.9703	27.1725
4.0882	27.1435
4.2051	27.1604
4.3257	27.1234
4.4441	27.1491
4.5574	27.1628
4.6743	27.1499
4.7891	27.1499
4.9074	27.1443
5.0210	27.1540
5.1352	27.1322
5.2501	27.1596
5.3688	27.1459
5.4856	27.1387
5.6054	27.1524
5.7186	27.1628
5.8326	27.1508
5.9470	27.1322
6.0678	27.1499
6.1831	27.1516
6.3000	27.1338
6.4136	27.1499
6.5275	27.1596
6.6479	27.1443
6.7616	27.1427
6.8716	27.1588
6.9858	27.1435
7.1072	27.1306
7.2287	27.1475
7.3422	27.1652
7.4564	27.1185
7.5780	27.1491
7.6992	27.1387
7.8161	27.1636
7.9387	27.1403
8.0630	27.1628
8.1832	27.1330
8.3050	27.1564
8.4198	27.1427
8.5425	27.1822
8.6645	27.1419
8.7847	27.1451
8.8991	27.1548
9.0165	27.1443
9.1372	27.1516
9.2553	27.1685
9.3762	27.1403
9.4986	27.1540
9.6189	27.1427
9.7388	27.1338
9.8576	27.1435
9.9715	27.1427
10.0915	27.1612
10.2121	27.1644
10.3325	27.1411
10.4517	27.1588
10.5687	27.1822
10.6893	27.1644
10.8097	27.1499
10.9296	27.1725
11.0443	27.1588
11.1639	27.1564
11.2834	27.1733
11.4026	27.1693
11.5153	27.1322
11.6308	27.1636
11.7892	27.1459
11.9099	27.1459
12.0207	27.1532
12.1323	27.1411
12.2483	27.1363
12.3702	27.1564
12.4907	27.1363
12.6109	27.1483
12.7230	27.1459
12.8361	27.1435
12.9498	27.1572
13.0635	27.1588
13.1880	27.1572
13.3094	27.1628
13.4304	27.1677
13.5531	27.1491
13.6752	27.1612
13.7972	27.1564
13.9202	27.1499
14.0427	27.1677
14.1637	27.1314
14.2823	27.1757
14.4049	27.1580
14.5279	27.1443
14.6491	27.1556
14.7675	27.1419
14.8808	27.1314
14.9922	27.1733
15.1064	27.1773
15.2288	27.1636
15.3523	27.1564
15.4747	27.1524
15.5962	27.1499
15.7195	27.1499
15.8413	27.1508
15.9641	27.1765
16.0860	27.1548
16.2088	27.1556
16.3280	27.1669
16.4492	27.1499
16.5736	27.1443
16.6951	27.1580
16.8145	27.1427
16.9356	27.1411
17.0554	27.1516
17.1762	27.1403
17.2970	27.1483
17.4178	27.1628
17.5397	27.1604
17.6585	27.1725
17.7760	27.1661
17.8903	27.1443
18.0044	27.1475
18.1249	27.1169
18.2440	27.1806
18.3630	27.1580
18.4826	27.1306
18.6021	27.1524
18.7217	27.1499
18.8419	27.1789
18.9600	27.1572
19.0737	27.1443
19.1945	27.1725
19.3158	27.1588
19.4368	27.1725
19.5577	27.1709
19.6779	27.1427
19.7998	27.1572
19.9217	27.1765
20.0426	27.1636
20.1635	27.1516
20.2840	27.1371
20.4055	27.1508
20.5239	27.1806
20.6438	27.1580
20.7644	27.1363
20.8855	27.1387
21.0014	27.1773
21.1230	27.1499
21.2418	27.1508
21.3596	27.1572
21.4766	27.1596
21.5970	27.1556
21.7184	27.1314
21.8396	27.1540
21.9606	27.1435
22.0803	27.1628
22.1997	27.1467
22.3205	27.1451
22.4411	27.1588
22.5615	27.1532
22.6810	27.1491
22.8025	27.1322
22.9237	27.1459
23.0414	27.1508
23.1611	27.1636
23.2815	27.1596
23.4020	27.1556
23.5227	27.1499
23.6433	27.1596
23.7628	27.1677
23.8841	27.1612
23.9983	27.1499
24.1194	27.1379
24.2364	27.1451
24.3582	27.1379
24.4744	27.1419
24.5954	27.1427
24.7166	27.1644
24.8342	27.1459
24.9519	27.1612
25.0687	27.1467
25.1827	27.1669
25.3012	27.1636
25.4137	27.1725
25.5296	27.1749
25.6480	27.1556
25.7655	27.1644
25.8809	27.1725
26.0054	27.1636
26.1242	27.1612
26.2386	27.1556
26.3514	27.1306
26.4666	27.1556
26.5805	27.1685
26.7014	27.1475
26.8202	27.1508
26.9417	27.1661
27.0549	27.1451
27.1652	27.1822
27.2777	27.1508
27.3899	27.1532
27.5004	27.1564
27.6119	27.1282
27.7256	27.1330
27.8453	27.1580
27.9610	27.1588
28.0737	27.1540
28.1908	27.1459
28.3124	27.1612
28.4344	27.1338
28.5554	27.1499
28.6751	27.1419
28.8087	27.1322
28.9525	27.1330
29.0720	27.1661
29.1942	27.1298
29.3109	27.1580
29.4303	27.1556
29.5511	27.1491
29.6649	27.1572
29.7782	27.1475
29.8916	27.1749
30.0044	27.1709
30.1195	27.1596
30.2382	27.1459
30.3551	27.1403
30.4713	27.1411
30.5823	27.1427
30.6940	27.1491
30.8046	27.1516
30.9151	27.1612
31.0257	27.1419
31.1375	27.1580
31.2598	27.1564
31.3832	27.1749
31.5048	27.1749
31.6265	27.1346
31.7432	27.1354
31.8670	27.1201
31.9874	27.1298
32.1105	27.1612
32.2312	27.1628
32.3544	27.1636
32.4759	27.1411
32.5943	27.1685
32.7150	27.1516
32.8312	27.1830
32.9514	27.1508
33.0646	27.1483
33.1858	27.1532
33.3021	27.1685
33.4231	27.1258
33.5431	27.1427
33.6620	27.1685
33.7786	27.1717
33.8935	27.1765
34.0127	27.1757
34.1300	27.1427
34.2504	27.1242
34.3660	27.1508
34.4853	27.1387
34.6051	27.1516
34.7202	27.1403
34.8334	27.1661
34.9481	27.1499
35.0650	27.1330
35.1870	27.1669
35.3072	27.1491
35.4221	27.1628
35.5407	27.1580
35.6562	27.1596
35.7742	27.1661
35.8898	27.1483
36.0048	27.1669
36.1232	27.1725
36.2383	27.1588
36.3568	27.1942
36.4726	27.1556
36.5846	27.1427
36.6954	27.1435
36.8045	27.1508
36.9148	27.1693
37.0259	27.1797
37.1358	27.1411
37.2478	27.1701
37.3597	27.1475
37.4699	27.1636
37.5819	27.1644
37.6930	27.1685
37.8023	27.1789
37.9110	27.1403
38.0221	27.1298
38.1315	27.1636
38.2422	27.1419
38.3544	27.1588
38.4646	27.1459
38.5757	27.1491
38.6874	27.1588
38.7991	27.1580
38.9208	27.1781
39.0330	27.1612
39.1483	27.1572
39.2708	27.1435
39.3913	27.1636
39.5068	27.1661
39.6273	27.1387
39.7438	27.1838
39.8626	27.1532
39.9788	27.1475
40.0990	27.1669
40.2110	27.1685
40.3245	27.1459
40.4393	27.1524
40.5520	27.1636
40.6648	27.1459
40.7812	27.1725
40.9024	27.1475
41.0202	27.1330
41.1364	27.1596
41.2538	27.1548
41.3703	27.1387
41.4921	27.1491
41.6096	27.1290
41.7217	27.1636
41.8335	27.1588
41.9465	27.1467
42.0671	27.1516
42.1891	27.1540
42.3111	27.1701
42.4308	27.1572
42.5512	27.1717
42.6718	27.1483
42.7899	27.1677
42.9068	27.1701
43.0266	27.1741
43.1436	27.1572
43.2644	27.1596
43.3790	27.1685
43.5008	27.1564
43.6191	27.1540
43.7402	27.1644
43.8593	27.1822
43.9767	27.1580
44.0986	27.1451
44.2198	27.1942
44.3395	27.1588
44.4545	27.1661
44.5752	27.1709
44.6928	27.1596
44.8109	27.1443
44.9228	27.1620
45.0371	27.1532
45.1534	27.1838
45.2673	27.1572
45.3867	27.1459
45.4991	27.1677
45.6137	27.1363
45.7290	27.1548
45.8482	27.1564
45.9624	27.1830
46.0755	27.1491
46.1977	27.1717
46.3153	27.1701
46.4277	27.1443
46.5417	27.1483
46.6602	27.1491
46.7746	27.1411
46.8922	27.1483
47.0042	27.1516
47.1178	27.1443
47.2364	27.1636
47.3562	27.1524
47.4666	27.1298
47.5805	27.1395
47.6984	27.1572
47.8186	27.1628
47.9395	27.1709
48.0557	27.1644
48.1699	27.1346
48.2840	27.1749
48.4024	27.1274
48.5232	27.1620
48.6416	27.1524
48.7560	27.1677
48.8781	27.1628
48.9992	27.1330
49.1198	27.1516
49.2385	27.1483
49.3575	27.1483
49.4722	27.1733
49.5919	27.1588
49.7125	27.1322
49.8337	27.1596
49.9553	27.1604
50.0761	27.1548
50.1954	27.1524
50.3106	27.1556
50.4327	27.1548
50.5544	27.1524
50.6709	27.1516
50.7919	27.1459
50.9107	27.1274
51.0307	27.1516
51.1506	27.1346
51.2711	27.1950
51.3872	27.1612
51.5079	27.1443
51.6286	27.1427
51.7498	27.1669
51.8696	27.1363
51.9875	27.1443
52.1057	27.1709
52.2202	27.1677
52.3389	27.1781
52.4533	27.1451
52.5724	27.1379
52.6919	27.1314
52.8110	27.1612
52.9324	27.1226
53.0507	27.1516
53.1709	27.1435
53.2904	27.1467
53.4102	27.1226
53.5250	27.1354
53.6407	27.1411
53.7600	27.1427
53.8807	27.1354
53.9989	27.1395
54.1193	27.1564
54.2343	27.1604
54.3490	27.1435
54.4672	27.1451
54.5797	27.1427
54.6927	27.1814
54.8073	27.1636
54.9274	27.1508
55.0450	27.1338
55.1610	27.1371
55.2837	27.1387
55.4039	27.1379
55.5168	27.1556
55.6309	27.1532
55.7488	27.1612
55.8635	27.1435
55.9778	27.1475
56.0977	27.1604
56.2113	27.1282
56.3301	27.1491
56.4432	27.1475
56.5639	27.1548
56.6823	27.1387
56.8035	27.1363
56.9179	27.1540
57.0326	27.1612
57.1454	27.1258
57.2589	27.1644
57.3730	27.1636
57.4950	27.1218
57.6180	27.1580
57.7377	27.1661
57.8564	27.1701
57.9772	27.1741
58.0993	27.1588
58.2180	27.1443
58.3372	27.1580
58.4556	27.1532
58.5738	27.1612
58.6883	27.1588
58.8010	27.1604
58.9128	27.1524
59.0249	27.1419
59.1387	27.1395
59.2538	27.1532
59.3676	27.1475
59.4830	27.1483
59.6026	27.1411
59.7179	27.1548
59.8350	27.1459
59.9475	27.1483
60.0674	27.1330
60.1851	27.1467
60.2985	27.1354
60.4109	27.1773
60.5243	27.1540
60.6456	27.1427
60.7582	27.1540
60.8705	27.1499
60.9831	27.1524
61.1010	27.1516
61.2251	27.1234
61.3472	27.1274
61.4650	27.1419
61.5827	27.1346
61.7015	27.1741
61.8167	27.1540
61.9363	27.1548
62.0522	27.1661
62.1732	27.1741
62.2873	27.1499
62.4063	27.1314
62.5173	27.1580
62.6334	27.1652
62.7469	27.1508
62.8583	27.1443
62.9738	27.1491
63.0919	27.1669
63.2140	27.1491
63.3282	27.1403
63.4431	27.1693
63.5627	27.1354
63.6757	27.1338
63.7950	27.1580
63.9162	27.1564
64.0376	27.1210
64.1531	27.1483
64.2749	27.1580
64.3963	27.1346
64.5172	27.1516
64.6327	27.1379
64.7535	27.1354
64.8747	27.1459
64.9946	27.1322
65.1156	27.1556
65.2314	27.1588
65.3536	27.1403
65.4749	27.1572
65.5948	27.1548
65.7107	27.1588
65.8307	27.1330
65.9526	27.1395
66.0723	27.1451
66.1932	27.1363
66.3125	27.1499
66.4346	27.1234
66.5554	27.1580
66.6738	27.1532
66.7880	27.1338
66.9067	27.1322
67.0253	27.1508
67.1457	27.1483
67.2659	27.1499
67.3873	27.1604
67.5091	27.1419
67.6307	27.1604
67.7508	27.1322
67.8681	27.1491
67.9871	27.1306
68.1080	27.1612
68.2282	27.1427
68.3471	27.1298
68.4653	27.1145
68.5771	27.1403
68.6957	27.1491
68.8127	27.1411
68.9279	27.1363
69.0495	27.1483
69.1707	27.1540
69.2913	27.1725
69.4091	27.1419
69.5303	27.1411
69.6485	27.1234
69.7592	27.1346
69.8710	27.1491
69.9851	27.1387
70.1054	27.1346
70.2250	27.1459
70.3440	27.1508
70.4651	27.1371
70.5787	27.1419
70.6970	27.1371
70.8077	27.1395
70.9184	27.1290
71.0323	27.1556
71.1534	27.1652
71.2753	27.1604
71.3943	27.1499
71.5115	27.1354
71.6277	27.1346
71.7388	27.1354
71.8485	27.1427
71.9589	27.1717
72.0703	27.1628
72.1795	27.1491
72.2930	27.1306
72.4070	27.1467
72.5186	27.1346
72.6299	27.1532
72.7414	27.1588
72.8531	27.1290
72.9760	27.1403
73.0977	27.1298
73.2103	27.1451
73.3271	27.1411
73.4497	27.1419
73.5705	27.1435
73.6843	27.1499
73.8021	27.1371
73.9179	27.1298
74.0384	27.1540
74.1538	27.1661
74.2734	27.1669
74.3942	27.1258
74.5156	27.1540
74.6353	27.1419
74.7511	27.1604
74.8694	27.1226
74.9839	27.1580
75.1024	27.1363
75.2176	27.1371
75.3342	27.1435
75.4524	27.1516
75.5720	27.1532
75.6887	27.1644
75.8008	27.1097
75.9135	27.1363
76.0305	27.1475
76.1526	27.1387
76.2727	27.1169
76.3869	27.1459
76.5054	27.1330
76.6195	27.1516
76.7364	27.1508
76.8494	27.1588
76.9647	27.1008
77.0788	27.1451
77.1981	27.1419
77.3117	27.1411
77.4258	27.1443
77.5431	27.1741
77.6563	27.1427
77.7755	27.1508
77.8896	27.1475
78.0056	27.1451
78.1268	27.1371
78.2482	27.1322
78.3627	27.1636
78.4777	27.1499
78.5981	27.1338
78.7203	27.1419
78.8405	27.1411
78.9589	27.1081
79.0787	27.1427
79.1948	27.1540
79.3181	27.1298
79.4370	27.1346
79.5525	27.1387
79.6734	27.1612
79.7918	27.1467
79.9048	27.1443
80.0197	27.1137
80.1322	27.1499
80.2458	27.1636
80.3601	27.1443
80.4747	27.1427
80.5876	27.1644
80.7036	27.1483
80.8226	27.1685
80.9371	27.1403
81.0565	27.1306
81.1690	27.1741
81.2885	27.1475
81.4082	27.1701
81.5268	27.1628
81.6409	27.1516
81.7553	27.1403
81.8733	27.1532
81.9884	27.1395
82.1067	27.1685
82.2200	27.1499
82.3403	27.1274
82.4577	27.1854
82.5707	27.1330
82.6864	27.1669
82.7959	27.1387
82.9098	27.1620
83.0296	27.1298
83.1425	27.1483
83.2544	27.1532
83.3713	27.1274
83.4905	27.1443
83.6038	27.1282
83.7184	27.1644
83.8370	27.1387
83.9461	27.1467
84.0557	27.1733
84.1697	27.1580
84.2898	27.1765
84.4107	27.1451
84.5332	27.1508
84.6513	27.1491
84.7655	27.1411
84.8871	27.1636
85.0074	27.1467
85.1289	27.1322
85.2495	27.1475
85.3659	27.1765
85.4865	27.1516
85.6058	27.1580
85.7275	27.1612
85.8465	27.1282
85.9594	27.1516
86.0794	27.1806
86.1949	27.1636
86.3145	27.1491
86.4293	27.1516
86.5508	27.1733
86.6718	27.1258
86.7920	27.1314
86.9121	27.1419
87.0323	27.1467
87.1521	27.1572
87.2665	27.1572
87.3836	27.1499
87.4972	27.1636
87.6175	27.1532
87.7365	27.1338
87.8562	27.1451
87.9750	27.1371
88.0906	27.1354
88.2094	27.1483
88.3278	27.1572
88.4422	27.1524
88.5590	27.1628
88.6780	27.1379
88.7925	27.1612
88.9126	27.1467
89.0252	27.1491
89.1405	27.1781
89.2595	27.1475
89.3787	27.1371
89.4979	27.1475
89.6103	27.1701
89.7306	27.1435
89.8500	27.1379
89.9650	27.1596
90.0849	27.1588
90.1995	27.1588
90.3120	27.1475
90.4234	27.1354
90.5346	27.1371
90.6461	27.1620
90.7592	27.1499
90.8733	27.1443
90.9947	27.1475
91.1146	27.1717
91.2286	27.1604
91.3432	27.1636
91.4637	27.1588
91.5765	27.1499
91.6868	27.1306
91.8003	27.1628
91.9128	27.1540
92.0323	27.1556
92.1552	27.1105
92.2734	27.1427
92.3865	27.1532
92.5038	27.1661
92.6182	27.1644
92.7392	27.1701
92.8517	27.1395
92.9624	27.1258
93.0757	27.1427
93.1977	27.1701
93.3160	27.1733
93.4271	27.1564
93.5431	27.1435
93.6644	27.1443
93.7829	27.1459
93.8962	27.1419
94.0108	27.1330
94.1293	27.1338
94.2441	27.1354
94.3616	27.1403
94.4785	27.1435
94.5928	27.1612
94.7129	27.1644
94.8316	27.1548
94.9460	27.1242
95.0669	27.1306
95.1889	27.1427
95.3075	27.1588
95.4227	27.1532
95.5413	27.1298
95.6552	27.1499
95.7705	27.1628
95.8804	27.1427
95.9909	27.1499
96.0997	27.1403
96.2103	27.1483
96.3207	27.1491
96.4299	27.1483
96.5412	27.1346
96.6518	27.1346
96.7611	27.1427
96.8718	27.1620
96.9820	27.1403
97.0911	27.1395
97.1999	27.1395
97.3112	27.1363
97.4202	27.1338
97.5305	27.1580
97.6398	27.1548
97.7504	27.1765
97.8601	27.1532
97.9708	27.1354
98.0796	27.1443
98.1901	27.1274
98.3006	27.1524
98.4111	27.1363
98.5219	27.1322
98.6499	27.1451
98.7614	27.1475
98.8768	27.1298
98.9993	27.1419
99.1192	27.1379
99.2359	27.1508
99.3578	27.1258
99.4810	27.1379
99.6015	27.1443
99.7173	27.1427
99.8391	27.1395
99.9677	27.1491
100.0836	27.1226
100.2057	27.1234
100.3260	27.1242
100.4390	27.1274
100.5538	27.1475
100.6731	27.1387
100.7878	27.1338
100.9061	27.1306
101.0233	27.1113
101.1362	27.1234
101.2491	27.1250
101.3625	27.1411
101.4766	27.1419
101.5922	27.1363
101.7063	27.1403
101.8226	27.1218
101.9421	27.1403
102.0587	27.0968
102.1735	27.1161
102.2902	27.1395
102.4052	27.1419
102.5255	27.1346
102.6474	27.1475
102.7691	27.1354
102.8881	27.1266
103.0061	27.1435
103.1271	27.1258
103.2490	27.1322
103.3696	27.1234
103.4836	27.1161
103.6043	27.1346
103.7248	27.1193
103.8443	27.0944
103.9577	27.1153
104.0809	27.1153
104.2028	27.1113
104.3234	27.1250
104.4409	27.1145
104.5574	27.1346
104.6775	27.1056
104.7988	27.1338
104.9190	27.1048
105.0367	27.1081
105.1570	27.1105
105.2759	27.1491
105.3941	27.0992
105.5127	27.1258
105.6280	27.1338
105.7498	27.1226
105.8688	27.1081
105.9839	27.1234
106.1034	27.1371
106.2233	27.1113
106.3397	27.1226
106.4581	27.1210
106.5775	27.1129
106.6914	27.1234
106.8120	27.1048
106.9337	27.1298
107.0518	27.1467
107.1666	27.1105
107.2864	27.1161
107.4069	27.1266
107.5271	27.1218
107.6469	27.1169
107.7621	27.1073
107.8803	27.0984
108.0029	27.1105
108.1225	27.1137
108.2391	27.1073
108.3587	27.1306
108.4794	27.1097
108.6009	27.0767
108.7193	27.1073
108.8388	27.1040
108.9564	27.0847
109.0661	27.1081
109.1780	27.1097
109.2958	27.0992
109.4176	27.1274
109.5381	27.1234
109.6576	27.1395
109.7750	27.1338
109.8911	27.1234
110.0099	27.0928
110.1277	27.1153
110.2452	27.1153
110.3583	27.1169
110.4774	27.0895
110.5994	27.1242
110.7205	27.0742
110.8405	27.1129
110.9575	27.0976
111.0723	27.1161
111.1893	27.0823
111.3101	27.1145
111.4262	27.1137
111.5479	27.1169
111.6675	27.0799
111.7816	27.1089
111.8996	27.1016
112.0146	27.0960
112.1367	27.0976
112.2572	27.0912
112.3755	27.1024
112.4907	27.1113
112.6117	27.1129
112.7331	27.1065
112.8545	27.1081
112.9732	27.0944
113.0924	27.1282
113.2126	27.0960
113.3284	27.0984
113.4484	27.1056
113.5629	27.1105
113.6824	27.1000
113.8016	27.1040
113.9221	27.1210
114.0428	27.1065
114.1608	27.1016
114.2813	27.1185
114.4020	27.1081
114.5220	27.1056
114.6361	27.0928
114.7571	27.1169
114.8761	27.1129
114.9960	27.1193
115.1172	27.1097
115.2374	27.1226
115.3588	27.0855
115.4806	27.0823
115.5988	27.1040
115.7146	27.1024
115.8357	27.0718
115.9548	27.0960
116.0715	27.1105
116.1918	27.1153
116.3127	27.1290
116.4343	27.0895
116.5539	27.0968
116.6728	27.1161
116.7884	27.0944
116.9060	27.1193
117.0211	27.0920
117.1405	27.0936
117.2582	27.0605
117.3792	27.0976
117.5006	27.1266
117.6204	27.0903
117.7398	27.1129
117.8551	27.1016
117.9743	27.0912
118.0944	27.0863
118.2126	27.0871
118.3278	27.0976
118.4478	27.0823
118.5651	27.0815
118.6853	27.1065
118.8050	27.1097
118.9191	27.0799
119.0401	27.1137
119.1591	27.0960
119.2787	27.0855
119.3935	27.0928
119.5131	27.1161
119.6277	27.1145
119.7474	27.0879
119.8667	27.0936
119.9829	27.0976
120.1024	27.1089
120.2221	27.1081
120.3416	27.1145
120.4584	27.1024
120.5773	27.1032
120.6975	27.0831
120.8182	27.0855
120.9362	27.0855
121.0529	27.1443
121.1712	27.1161
121.2910	27.1177
121.4092	27.0895
121.5264	27.0839
121.6468	27.1097
121.7651	27.0920
121.8840	27.0944
121.9984	27.0767
122.1183	27.0855
122.2390	27.1024
122.3588	27.0920
122.4772	27.1065
122.5921	27.1024
122.7119	27.0912
122.8289	27.1048
122.9497	27.0815
123.0705	27.0887
123.1907	27.1201
123.3105	27.1048
123.4293	27.0936
123.5478	27.0952
123.6636	27.0976
123.7830	27.0920
123.9030	27.1105
124.0230	27.0944
124.1422	27.0920
124.2633	27.0952
124.3832	27.1145
124.5025	27.1089
124.6215	27.1048
124.7377	27.1097
124.8566	27.1121
124.9775	27.1105
125.0987	27.1153
125.2186	27.0944
125.3384	27.1113
125.4584	27.0992
125.5781	27.0912
125.6961	27.1129
125.8088	27.0920
125.9224	27.1242
126.0420	27.0952
126.1619	27.1032
126.2809	27.1137
126.4003	27.1065
126.5194	27.1024
126.6390	27.0839
126.7578	27.0984
126.8742	27.1121
126.9915	27.0984
127.1121	27.1040
127.2322	27.1177
127.3489	27.0807
127.4698	27.1210
127.5894	27.1089
127.7094	27.0847
127.8269	27.1024
127.9420	27.1113
128.0609	27.0960
128.1781	27.0879
128.2978	27.1097
128.4147	27.0920
128.5327	27.1016
128.6508	27.1177
128.7701	27.0944
128.8887	27.1193
129.0025	27.1105
129.1214	27.0992
129.2413	27.0823
129.3623	27.0879
129.4795	27.0678
129.6009	27.1226
129.7213	27.1024
129.8413	27.1113
129.9586	27.1024
130.0770	27.1129
130.1978	27.1153
130.3186	27.1065
130.4389	27.0887
130.5547	27.1105
130.6743	27.1234
130.7921	27.1387
130.9099	27.1177
131.0274	27.0831
131.1424	27.1242
131.2630	27.1048
131.3837	27.1048
131.5031	27.0887
131.6185	27.1153
131.7383	27.1097
131.8561	27.1234
131.9750	27.1065
132.0932	27.0823
132.2077	27.1145
132.3282	27.0823
132.4467	27.0928
132.5661	27.1298
132.6833	27.0944
132.8024	27.0952
132.9236	27.1097
133.0436	27.0879
133.1630	27.1040
133.2836	27.1306
133.4037	27.1169
133.5231	27.1145
133.6410	27.1218
133.7560	27.1306
133.8761	27.1242
133.9962	27.0839
134.1157	27.1016
134.2366	27.1346
134.3567	27.1032
134.4754	27.1056
134.5948	27.1024
134.7113	27.1113
134.8277	27.1338
134.9475	27.0831
135.0676	27.1000
135.1859	27.1419
135.3038	27.1073
135.4223	27.0976
135.5424	27.1105
135.6630	27.0863
135.7819	27.1137
135.8975	27.1298
136.0184	27.1193
136.1380	27.1129
136.2574	27.1032
136.3768	27.1258
136.4956	27.1153
136.6162	27.0912
136.7371	27.0992
136.8547	27.1048
136.9694	27.1467
137.0899	27.0992
137.2104	27.1274
137.3304	27.1306
137.4490	27.1145
137.5696	27.1193
137.6895	27.1298
137.8102	27.1161
137.9307	27.1330
138.0470	27.1137
138.1658	27.1169
138.2805	27.0871
138.4001	27.1185
138.5190	27.1113
138.6396	27.0791
138.7587	27.1210
138.8789	27.1169
138.9992	27.1201
139.1157	27.1322
139.2363	27.1435
139.3571	27.1395
139.4758	27.1145
139.5923	27.0936
139.7115	27.1250
139.8315	27.1604
139.9510	27.0887
140.0709	27.1161
140.1910	27.1177
140.3076	27.1306
140.4247	27.1242
140.5416	27.1258
140.6556	27.1250
140.7756	27.1250
140.8935	27.0960
141.0138	27.1314
141.1319	27.1073
141.2457	27.1121
141.3659	27.1089
141.4843	27.1073
141.5986	27.1169
141.7156	27.1169
141.8340	27.1266
141.9540	27.1065
142.0744	27.1081
142.1947	27.0791
142.3156	27.1129
142.4363	27.1346
142.5574	27.1266
142.6777	27.1145
142.7925	27.1153
142.9132	27.1040
143.0352	27.1177
143.1571	27.1065
143.2773	27.1169
143.3969	27.1065
143.5175	27.1016
143.6359	27.1153
143.7525	27.1129
143.8665	27.1065
143.9855	27.1282
144.1057	27.1201
144.2250	27.0895
144.3402	27.1161
144.4585	27.1298
144.5769	27.0879
144.6953	27.1177
144.8133	27.1065
144.9290	27.1379
145.0479	27.1201
145.1678	27.1089
145.2883	27.1226
145.4075	27.0912
145.5256	27.1129
145.6460	27.0976
145.7658	27.0887
145.8843	27.1024
146.0000	27.1185
146.1190	27.1000
146.2352	27.1097
146.3536	27.1354
146.4699	27.1097
146.5850	27.1089
146.7030	27.0928
146.8180	27.0984
146.9382	27.1040
147.0534	27.0879
147.1740	27.1024
147.2952	27.0654
147.4176	27.1169
147.5359	27.1105
147.6538	27.1274
147.7730	27.1226
147.8896	27.0887
148.0091	27.1129
148.1228	27.1226
148.2423	27.0992
148.3627	27.1081
148.4823	27.1153
148.6007	27.1226
148.7197	27.0984
148.8399	27.1218
148.9585	27.1040
149.0740	27.1314
149.1885	27.1073
149.3089	27.1137
149.4300	27.1234
149.5481	27.1129
149.6656	27.0767
149.7855	27.1048
149.9075	27.1185
150.0288	27.1129
150.1473	27.0960
150.2621	27.1435
150.3768	27.1177
150.4950	27.1097
150.6131	27.1153
150.7312	27.1040
150.8514	27.1121
150.9689	27.1193
151.0826	27.0912
151.2014	27.1314
151.3173	27.0863
151.4380	27.1290
151.5580	27.1016
151.6726	27.1177
151.7892	27.1435
151.9090	27.0944
152.0285	27.1032
152.1492	27.1161
152.2677	27.1306
152.3830	27.1129
152.5029	27.1306
152.6220	27.0912
152.7379	27.0944
152.8562	27.1242
152.9768	27.0895
153.0963	27.1330
153.2165	27.0992
153.3352	27.1113
153.4494	27.1048
153.5707	27.1097
153.6891	27.0855
153.8039	27.1121
153.9186	27.0887
154.0309	27.1250
154.1494	27.1193
154.2700	27.1314
154.3871	27.1048
154.5019	27.0855
154.6198	27.1105
154.7381	27.1121
154.8574	27.0992
154.9744	27.1129
155.0917	27.1137
155.2112	27.0968
155.3305	27.0944
155.4491	27.0847
155.5639	27.1065
155.6801	27.1024
155.7960	27.0960
155.9161	27.1330
156.0317	27.1201
156.1466	27.1177
156.2646	27.1089
156.3832	27.0976
156.5000	27.0960
156.6147	27.0944
156.7312	27.1306
156.8456	27.1153
156.9654	27.1153
157.0852	27.0799
157.2066	27.1234
157.3275	27.1008
157.4459	27.0944
157.5657	27.1153
157.6805	27.1145
157.8004	27.1024
157.9192	27.0928
158.0354	27.1048
158.1567	27.0912
158.2768	27.1105
158.3982	27.1161
158.5182	27.1250
158.6379	27.1177
158.7537	27.1024
158.8680	27.0823
158.9876	27.1048
159.1070	27.0895
159.2250	27.1000
159.3436	27.1210
159.4648	27.0807
159.5854	27.0984
159.7056	27.1048
159.8187	27.0920
159.9313	27.1314
160.0488	27.0976
160.1679	27.1137
160.2821	27.1008
160.4033	27.0879
160.5341	27.1185
160.6486	27.1121
160.7680	27.1000
160.8812	27.1306
160.9948	27.0920
161.1085	27.1193
161.2193	27.1226
161.3303	27.1113
161.4417	27.1282
161.5548	27.1177
161.6699	27.1008
161.7873	27.0936
161.9016	27.1161
162.0158	27.0799
162.1381	27.1137
162.2558	27.1032
162.3667	27.1451
162.4782	27.1201
162.6000	27.1346
162.7204	27.1121
162.8398	27.1266
162.9556	27.1185
163.0755	27.1089
163.1936	27.1258
163.3078	27.1226
163.4218	27.1435
163.5369	27.1121
163.6459	27.1314
163.7570	27.1008
163.8679	27.1032
163.9829	27.1000
164.1016	27.0976
164.2152	27.1113
164.3296	27.1177
164.4397	27.1065
164.5561	27.0879
164.6760	27.1056
164.7900	27.1185
164.9019	27.1274
165.0107	27.0976
165.1239	27.1298
165.2439	27.1419
165.3547	27.1234
165.4667	27.1435
165.5773	27.1089
165.6896	27.0871
165.8046	27.1153
165.9239	27.0992
166.0461	27.1435
166.1674	27.1121
166.2858	27.1282
166.4086	27.1097
166.5304	27.1137
166.6518	27.1290
166.7737	27.1032
166.8972	27.1234
167.0162	27.1363
167.1404	27.1121
167.2632	27.1234
167.3857	27.1201
167.5083	27.1274
167.6313	27.1129
167.7541	27.1266
167.8762	27.0871
167.9989	27.1193
168.1208	27.1137
168.2417	27.1298
168.3636	27.1459
168.4844	27.1169
168.6054	27.0984
168.7247	27.1048
168.8385	27.1218
168.9594	27.0952
169.0767	27.1322
169.1898	27.1250
169.3045	27.1346
169.4162	27.1371
169.5276	27.0855
169.6446	27.1169
169.7578	27.1218
169.8693	27.1056
169.9898	27.1113
170.1010	27.1290
170.2100	27.1258
170.3237	27.1258
170.4433	27.1137
170.5645	27.1250
170.6816	27.1145
170.7997	27.1089
170.9100	27.0928
171.0208	27.1306
171.1356	27.1499
171.2561	27.0887
171.3704	27.1250
171.4827	27.1201
171.5933	27.1234
171.7124	27.1185
171.8275	27.1185
171.9495	27.1491
172.0706	27.1105
172.1909	27.1443
172.3136	27.1113
172.4375	27.0992
172.5593	27.1121
172.6833	27.1379
172.8066	27.1105
172.9289	27.1548
173.0514	27.1145
173.1703	27.1226
173.2910	27.1282
173.4124	27.1379
173.5310	27.1387
173.6501	27.1137
173.7718	27.1193
173.8871	27.1354
174.0031	27.1097
174.1239	27.0992
174.2443	27.1073
174.3661	27.1354
174.4876	27.1218
174.6082	27.1226
174.7281	27.1266
174.8501	27.1250
174.9694	27.1000
175.0912	27.1322
175.2110	27.1210
175.3300	27.1338
175.4493	27.1169
175.5683	27.1290
175.6892	27.1218
175.8096	27.0968
175.9287	27.1137
176.0496	27.1443
176.1676	27.1218
176.2883	27.1242
176.4039	27.1169
176.5243	27.1419
176.6447	27.1250
176.7669	27.1250
176.8860	27.1427
177.0017	27.1330
177.1219	27.0984
177.2392	27.1218
177.3535	27.1556
177.4722	27.1105
177.5923	27.1314
177.7130	27.1153
177.8316	27.1218
177.9518	27.1483
178.0739	27.1258
178.1949	27.0887
178.3161	27.1008
178.4345	27.1145
178.5528	27.1274
178.6698	27.1354
178.7882	27.1218
178.9044	27.1161
179.0243	27.1201
179.1463	27.1346
179.2658	27.1282
179.3837	27.1379
179.4986	27.1113
179.6189	27.1201
179.7390	27.1201
179.8582	27.0960
179.9784	27.1459
180.0990	27.1467
180.2185	27.1250
180.3374	27.0984
180.4562	27.1387
180.5699	27.1145
180.6896	27.1371
180.8091	27.1185
180.9294	27.1266
181.0492	27.0992
181.1692	27.1379
181.2880	27.0944
181.4050	27.1298
181.5242	27.1306
181.6440	27.1081
181.7647	27.1371
181.8856	27.1379
182.0015	27.1089
182.1224	27.1379
182.2412	27.1040
182.3627	27.1379
182.4842	27.1499
182.6053	27.1250
182.7242	27.1314
182.8457	27.1330
182.9656	27.1210
183.0858	27.1137
183.2057	27.1250
183.3255	27.1499
183.4478	27.1153
183.5662	27.1451
183.6825	27.1073
183.8025	27.1298
183.9207	27.1290
184.0413	27.1588
184.1608	27.1419
184.2825	27.1242
184.4010	27.1266
184.5205	27.1008
184.6403	27.1210
184.7595	27.1451
184.8794	27.1524
185.0011	27.1185
185.1185	27.1363
185.2351	27.1274
185.3490	27.1354
185.4580	27.1354
185.5693	27.1250
185.6841	27.1218
185.8044	27.1467
185.9245	27.1322
186.0446	27.1363
186.1652	27.1290
186.2866	27.1379
186.4077	27.1548
186.5308	27.1250
186.6514	27.1451
186.7716	27.1218
186.8902	27.1435
187.0129	27.1620
187.1329	27.1427
187.2544	27.1250
187.3757	27.1427
187.4994	27.1411
187.6191	27.1338
187.7391	27.1411
187.8592	27.1387
187.9804	27.1556
188.1022	27.1524
188.2228	27.1354
188.3425	27.1290
188.4642	27.1475
188.5861	27.1403
188.7074	27.1475
188.8290	27.1548
188.9462	27.1387
189.0674	27.1508
189.1887	27.1322
189.3091	27.1354
189.4302	27.1282
189.5508	27.1508
189.6693	27.1387
189.7878	27.1169
189.9052	27.1387
190.0255	27.1540
190.1473	27.1274
190.2678	27.1330
190.3881	27.1306
190.5086	27.1459
190.6301	27.1403
190.7511	27.1435
190.8722	27.1612
190.9894	27.1620
191.1055	27.1427
191.2243	27.1612
191.3436	27.1548
191.4608	27.1419
191.5769	27.1282
191.6910	27.1524
191.8076	27.1322
191.9200	27.1604
192.0391	27.1346
192.1537	27.1620
192.2716	27.1290
192.3862	27.1467
192.5074	27.1427
192.6261	27.1628
192.7419	27.1403
192.8602	27.1459
192.9746	27.1524
193.0891	27.1427
193.2096	27.1483
193.3302	27.1258
193.4469	27.1403
193.5672	27.1612
193.6866	27.1499
193.8073	27.1644
193.9248	27.1395
194.0380	27.1314
194.1578	27.1741
194.2781	27.1564
194.3985	27.1652
194.5134	27.1572
194.6348	27.1516
194.7542	27.1371
194.8735	27.1572
194.9921	27.1459
195.1130	27.1508
195.2336	27.1395
195.3537	27.1596
195.4721	27.1387
195.5851	27.1564
195.7021	27.1532
195.8192	27.1661
195.9389	27.1572
196.0579	27.1620
196.1688	27.1508
196.2794	27.1491
196.3900	27.1483
196.5015	27.1604
196.6128	27.1363
196.7245	27.1475
196.8349	27.1411
196.9492	27.1242
197.0637	27.1467
197.1797	27.1701
197.3003	27.1693
197.4110	27.1540
197.5249	27.1443
197.6387	27.1556
197.7530	27.1459
197.8741	27.1467
197.9941	27.1725
198.1163	27.1499
198.2338	27.1508
198.3622	27.1387
198.4876	27.1483
198.6098	27.1652
198.7289	27.1516
198.8474	27.1556
198.9617	27.1741
199.0801	27.1677
199.1975	27.1516
199.3114	27.1604
199.4307	27.1491
199.5467	27.1218
199.6669	27.1443
199.7866	27.1475
199.9071	27.1749
200.0257	27.1677
200.1472	27.1934
200.2677	27.1532
200.3825	27.1556
200.5025	27.1596
200.6228	27.1620
200.7439	27.1548
200.8627	27.1371
200.9807	27.1838
201.0997	27.1548
201.2186	27.1669
201.3335	27.1693
201.4488	27.1387
201.5629	27.1588
201.6802	27.1564
201.8004	27.1677
201.9221	27.1636
202.0419	27.1644
202.1622	27.1556
202.2769	27.1475
202.3960	27.1548
202.5116	27.1387
202.6328	27.1548
202.7536	27.1628
202.8735	27.1338
202.9916	27.1419
203.1085	27.1363
203.2281	27.1177
203.3468	27.1580
203.4661	27.1556
203.5958	27.1669
203.7099	27.1467
203.8313	27.1427
203.9500	27.1741
204.0664	27.1717
204.1823	27.1733
204.3012	27.1781
204.4208	27.1419
204.5340	27.1532
204.6480	27.1652
204.7652	27.1717
204.8861	27.1411
205.0041	27.1620
205.1238	27.1475
205.2426	27.1725
205.3592	27.1371
205.4721	27.1636
205.5906	27.1612
205.7100	27.1556
205.8309	27.1475
205.9507	27.1346
206.0719	27.1491
206.1879	27.1596
206.3096	27.1781
206.4291	27.1475
206.5445	27.1524
206.6627	27.1540
206.7766	27.1701
206.8975	27.1564
207.0181	27.1757
207.1378	27.1580
207.2522	27.1902
207.3705	27.1524
207.4898	27.1717
207.6105	27.1669
207.7302	27.1628
207.8444	27.1717
207.9563	27.1854
208.0754	27.1669
208.1881	27.1548
208.3083	27.1516
208.4275	27.1580
208.5465	27.1612
208.6620	27.1564
208.7779	27.1733
208.8911	27.1604
209.0045	27.1435
209.1244	27.1532
209.2432	27.1427
209.3570	27.1701
209.4774	27.1427
209.5979	27.1733
209.7191	27.1532
209.8371	27.1612
209.9519	27.1612
210.0717	27.1757
210.1908	27.1491
210.3096	27.1862
210.4231	27.1483
210.5415	27.1749
210.6602	27.1773
210.7790	27.1483
210.8965	27.1886
211.0117	27.1483
211.1285	27.1628
211.2478	27.1483
211.3638	27.1419
211.4783	27.1741
211.5939	27.1773
211.7150	27.1435
211.8319	27.1588
211.9466	27.1757
212.0609	27.1765
212.1782	27.1556
212.2914	27.1588
212.4055	27.1483
212.5231	27.1467
212.6366	27.1669
212.7520	27.1548
212.8686	27.1652
212.9864	27.1556
213.0994	27.1435
213.2131	27.1483
213.3280	27.1620
213.4450	27.1499
213.5618	27.1725
213.6770	27.1733
213.7977	27.1483
213.9185	27.1628
214.0381	27.1580
214.1577	27.1475
214.2806	27.1540
214.4026	27.1669
214.5231	27.1620
214.6434	27.1677
214.7602	27.1814
214.8786	27.1475
215.0003	27.1532
215.1200	27.1669
215.2340	27.1435
215.3474	27.1572
215.4657	27.1669
215.5831	27.1306
215.6970	27.1556
215.8115	27.1652
215.9287	27.1661
216.0423	27.1822
216.1553	27.1765
216.2671	27.1644
216.3842	27.1693
216.4962	27.1757
216.6094	27.1467
216.7305	27.1532
216.8450	27.1628
216.9646	27.1564
217.0762	27.1564
217.1888	27.1322
217.3085	27.1854
217.4223	27.1636
217.5429	27.1540
217.6577	27.1556
217.7768	27.1830
217.8909	27.1596
218.0030	27.1797
218.1170	27.1250
218.2363	27.1644
218.3480	27.1604
218.4621	27.1379
218.5806	27.1524
218.6946	27.1620
218.8078	27.1693
218.9268	27.1757
219.0482	27.1540
219.1661	27.1306
219.2861	27.1403
219.4050	27.1491
219.5207	27.1669
219.6415	27.1580
219.7637	27.1628
219.8860	27.1620
220.0001	27.1419
220.1207	27.1652
220.2362	27.1459
220.3565	27.1652
220.4747	27.1661
220.5901	27.1781
220.7106	27.1733
220.8285	27.1709
220.9479	27.1733
221.0605	27.1371
221.1792	27.1677
221.2909	27.1564
221.4043	27.1846
221.5172	27.1789
221.6320	27.1580
221.7504	27.1548
221.8641	27.1516
221.9768	27.1596
222.0909	27.1636
222.2040	27.1540
222.3165	27.1886
222.4304	27.1693
222.5528	27.1427
222.6697	27.1403
222.7926	27.1862
222.9138	27.1701
223.0358	27.1661
223.1555	27.1838
223.2703	27.1669
223.3900	27.1346
223.5042	27.1677
223.6237	27.1572
223.7380	27.1395
223.8525	27.1806
223.9654	27.1773
224.0792	27.1709
224.1911	27.1685
224.3069	27.1733
224.4277	27.1822
224.5488	27.1612
224.6690	27.1894
224.7836	27.1797
224.9053	27.1588
225.0245	27.1604
225.1454	27.1814
225.2651	27.1797
225.3792	27.1717
225.4993	27.1765
225.6188	27.1741
225.7382	27.1789
225.8552	27.1709
225.9750	27.1894
226.0964	27.1797
226.2175	27.1894
226.3392	27.1612
226.4590	27.1491
226.5793	27.1749
226.7003	27.1854
226.8203	27.1789
226.9338	27.1661
227.0482	27.1733
227.1663	27.1709
227.2822	27.1669
227.3990	27.1427
227.5154	27.1757
227.6327	27.1661
227.7456	27.1612
227.8619	27.1749
227.9766	27.1910
228.0922	27.1717
228.2143	27.1652
228.3342	27.1491
228.4480	27.1620
228.5613	27.1814
228.6754	27.1572
228.7915	27.1862
228.9067	27.1773
229.0237	27.1677
229.1358	27.1508
229.2511	27.1451
229.3704	27.1596
229.4856	27.1483
229.6020	27.1572
229.7172	27.1636
229.8312	27.1838
229.9510	27.1636
230.0635	27.1491
230.1757	27.1556
230.2872	27.1814
230.3992	27.1620
230.5142	27.1773
230.6292	27.1644
230.7416	27.1830
230.8562	27.1548
230.9784	27.1870
231.0928	27.1693
231.2081	27.1838
231.3216	27.1862
231.4375	27.1709
231.5573	27.1967
231.6684	27.1685
231.7800	27.1685
231.8927	27.1741
232.0093	27.1693
232.1292	27.1572
232.2455	27.1773
232.3663	27.1717
232.4866	27.1789
232.6082	27.1717
232.7293	27.1628
232.8525	27.1588
232.9735	27.1926
233.0953	27.2031
233.2096	27.1959
233.3249	27.1934
233.4479	27.1765
233.5673	27.1902
233.6882	27.1749
233.8053	27.1765
233.9270	27.1894
234.0482	27.1918
234.1658	27.1854
234.2850	27.1959
234.3987	27.2079
234.5156	27.1789
234.6288	27.1701
234.7499	27.1741
234.8679	27.1991
234.9890	27.1725
235.1072	27.1725
235.2222	27.1894
235.3411	27.1814
235.4554	27.1797
235.5761	27.1475
235.6945	27.2039
235.8160	27.1797
235.9290	27.1830
236.0514	27.1854
236.1737	27.1644
236.2971	27.1701
236.4175	27.1717
236.5339	27.2063
236.6492	27.1661
236.7730	27.1636
236.8940	27.1846
237.0102	27.1942
237.1323	27.1757
237.2485	27.1814
237.3706	27.2095
237.4892	27.1806
237.6030	27.1789
237.7240	27.1773
237.8428	27.1934
237.9551	27.1773
238.0694	27.1959
238.1877	27.1669
238.3006	27.1806
238.4145	27.1878
238.5329	27.1741
238.6470	27.2007
238.7600	27.1870
238.8746	27.1886
238.9965	27.1789
239.1159	27.1661
239.2344	27.1741
239.3545	27.1999
239.4733	27.1701
239.5850	27.2031
239.6990	27.1975
239.8198	27.1765
239.9385	27.1765
240.0577	27.1741
240.1765	27.1540
240.2974	27.1950
240.4180	27.1765
240.5352	27.1806
240.6486	27.1661
240.7614	27.1950
240.8770	27.1806
240.9991	27.1967
241.1193	27.1934
241.2364	27.2144
241.3529	27.1733
241.4730	27.1757
241.5916	27.2055
241.7034	27.1918
241.8166	27.1950
241.9290	27.1725
242.0426	27.1870
242.1570	27.1749
242.2772	27.1862
242.3926	27.1677
242.5161	27.1959
242.6359	27.1918
242.7541	27.1669
242.8685	27.1709
242.9858	27.1781
243.1052	27.1830
243.2191	27.1701
243.3359	27.1862
243.4494	27.1822
243.5661	27.1878
243.6882	27.2095
243.8099	27.1991
243.9225	27.1701
244.0383	27.1693
244.1538	27.1765
244.2727	27.1862
244.3845	27.1975
244.4981	27.1789
244.6151	27.1838
244.7365	27.1886
244.8563	27.1942
244.9695	27.1773
245.0872	27.1910
245.2005	27.1701
245.3179	27.1959
245.4314	27.1846
245.5457	27.1789
245.6680	27.1652
245.7902	27.1967
245.9119	27.1781
246.0302	27.1749
246.1536	27.1886
246.2716	27.1693
246.3856	27.1806
246.5063	27.1757
246.6207	27.1661
246.7359	27.2015
246.8516	27.2152
246.9710	27.2015
247.0873	27.1814
247.2082	27.1757
247.3306	27.1878
247.4524	27.1846
247.5702	27.1644
247.6822	27.1822
247.8014	27.1854
247.9196	27.2063
248.0326	27.1926
248.1465	27.1942
248.2643	27.1685
248.3794	27.1975
248.4991	27.1934
248.6177	27.2023
248.7320	27.1870
248.8519	27.1677
248.9721	27.1773
249.0926	27.1942
249.2099	27.1870
249.3320	27.1733
249.4523	27.1781
249.5714	27.1806
249.6872	27.1661
249.8037	27.1822
249.9236	27.1741
250.0416	27.1789
250.1621	27.1717
250.2792	27.1983
250.4002	27.1797
250.5204	27.1661
250.6398	27.1838
250.7592	27.1846
250.8772	27.1580
250.9990	27.1886
251.1184	27.2039
251.2379	27.1838
251.3526	27.1733
251.4727	27.1661
251.5921	27.1781
251.7114	27.1757
251.8296	27.1830
251.9490	27.1991
252.0682	27.1677
252.1867	27.1652
252.3039	27.1781
252.4200	27.1661
252.5405	27.1765
252.6616	27.1644
252.7801	27.1822
252.8987	27.2104
253.0127	27.1709
253.1315	27.1580
253.2522	27.1580
253.3703	27.1830
253.4861	27.1612
253.6067	27.1894
253.7267	27.1918
253.8457	27.1846
253.9594	27.1806
254.0818	27.1814
254.1942	27.1830
254.3052	27.1789
254.4168	27.1806
254.5326	27.1950
254.6560	27.1636
254.7793	27.1797
254.9025	27.1862
255.0236	27.1959
255.1454	27.1854
255.2675	27.1499
255.3880	27.1669
255.5065	27.1467
255.6255	27.1604
255.7454	27.1830
255.8664	27.1677
255.9839	27.1564
256.1016	27.1612
256.2177	27.1685
256.3369	27.1806
256.4523	27.1733
256.5725	27.1725
256.6902	27.1725
256.8048	27.1773
256.9179	27.1967
257.0334	27.1459
257.1536	27.1644
257.2712	27.1846
257.3857	27.1701
257.4977	27.1604
257.6098	27.1669
257.7217	27.1483
257.8371	27.1467
257.9592	27.1854
258.0810	27.1685
258.2009	27.1669
258.3157	27.1838
258.4320	27.1548
258.5549	27.1709
258.6743	27.1749
258.7856	27.1644
258.9011	27.1580
259.0138	27.1661
259.1273	27.1733
259.2437	27.1564
259.3658	27.1669
259.4834	27.1717
259.6058	27.1596
259.7196	27.1733
259.8313	27.1757
259.9436	27.1652
260.0581	27.1532
260.1818	27.1830
260.3032	27.1701
260.4188	27.1749
260.5378	27.1862
260.6515	27.1652
260.7741	27.1765
260.8969	27.1652
261.0167	27.1620
261.1377	27.1483
261.2597	27.1870
261.3808	27.1789
261.5031	27.1789
261.6257	27.1524
261.7463	27.1677
261.8655	27.1781
261.9820	27.1419
262.1004	27.1612
262.2211	27.1814
262.3398	27.1749
262.4589	27.1838
262.5712	27.1918
262.6832	27.1628
262.7954	27.1701
262.9090	27.1612
263.0269	27.1838
263.1456	27.1773
263.2685	27.1596
263.3897	27.1749
263.5112	27.1636
263.6326	27.1870
263.7548	27.1709
263.8750	27.1435
263.9970	27.1491
264.1203	27.1717
264.2421	27.1781
264.3612	27.1830
264.4826	27.1709
264.6040	27.1894
264.7242	27.1717
264.8454	27.1435
264.9663	27.1564
265.0878	27.1862
265.2083	27.1604
265.3299	27.1467
265.4511	27.1757
265.5700	27.1475
265.6848	27.1532
265.7989	27.1612
265.9186	27.1749
266.0393	27.1596
266.1596	27.1725
266.2753	27.1725
266.3949	27.1765
266.5154	27.1717
266.6365	27.1789
266.7559	27.1669
266.8772	27.1669
266.9974	27.1548
267.1167	27.1846
267.2349	27.1652
267.3479	27.1467
267.4690	27.1636
267.6002	27.1644
267.7208	27.1532
267.8431	27.1443
267.9645	27.1838
268.0835	27.1733
268.2003	27.1620
268.3207	27.1701
268.4414	27.1475
268.5602	27.1636
268.6763	27.1814
268.7980	27.1693
268.9179	27.1620
269.0383	27.1588
269.1590	27.1814
269.2804	27.1733
269.4011	27.1483
269.5216	27.1516
269.6391	27.1765
269.7535	27.1701
269.8699	27.1580
269.9816	27.1781
270.1005	27.1652
270.2117	27.1781
270.3306	27.1830
270.4439	27.1814
270.5589	27.1773
270.6802	27.1741
270.7933	27.1548
270.9137	27.1604
271.0274	27.1846
271.1459	27.1475
271.2595	27.1572
271.3794	27.1709
271.4939	27.1693
271.6144	27.1878
271.7297	27.1717
271.8444	27.1604
271.9586	27.1814
272.0743	27.1669
272.1959	27.1669
272.3116	27.1781
272.4265	27.1757
272.5463	27.1677
272.6616	27.1749
272.7775	27.1628
272.8957	27.1564
273.0097	27.1652
273.1303	27.1427
273.2517	27.1669
273.3710	27.1741
273.4854	27.1757
273.6027	27.1733
273.7215	27.1797
273.8346	27.1508
273.9522	27.1661
274.0738	27.1451
274.1954	27.1588
274.3163	27.1773
274.4347	27.1572
274.5500	27.1596
274.6635	27.1677
274.7826	27.1652
274.8950	27.1709
275.0095	27.1765
275.1315	27.1757
275.2518	27.1395
275.3707	27.1572
275.4853	27.1677
275.6022	27.1934
275.7161	27.1878
275.8360	27.1411
275.9500	27.1346
276.0625	27.1620
276.1800	27.1773
276.3000	27.1701
276.4200	27.1749
276.5317	27.1580
276.6469	27.1540
276.7657	27.1822
276.8773	27.1991
276.9970	27.1193
277.1152	27.1604
277.2347	27.1483
277.3526	27.1717
277.4649	27.1701
277.5779	27.1773
277.6926	27.1556
277.8055	27.1588
277.9189	27.1814
278.0394	27.1491
278.1614	27.1516
278.2827	27.1467
278.4035	27.1475
278.5233	27.1556
278.6354	27.2168
278.7497	27.1677
278.8711	27.1491
278.9901	27.1459
279.1112	27.1725
279.2318	27.1741
279.3502	27.1483
279.4710	27.1878
279.5908	27.1644
279.7072	27.1532
279.8216	27.1596
279.9416	27.1612
280.0618	27.1652
280.1819	27.1757
280.2993	27.1346
280.4262	27.1709
280.5414	27.1773
280.6613	27.1475
280.7746	27.1451
280.8900	27.1379
281.0104	27.1459
281.1281	27.1524
281.2442	27.1644
281.3614	27.1588
281.4772	27.1532
281.5915	27.1403
281.7032	27.1644
281.8165	27.1612
281.9308	27.1749
282.0483	27.1540
282.1650	27.1524
282.2780	27.1419
282.3897	27.1435
282.5055	27.1427
282.6232	27.1564
282.7364	27.1411
282.8567	27.1330
282.9779	27.1467
283.0953	27.1395
283.2100	27.1636
283.3299	27.1459
283.4435	27.1604
283.5576	27.1604
283.6792	27.1532
283.7989	27.1580
283.9203	27.1483
284.0402	27.1644
284.1606	27.1290
284.2785	27.1282
284.3916	27.1797
284.5113	27.1524
284.6245	27.1717
284.7439	27.1314
284.8574	27.1234
284.9689	27.1636
285.0836	27.1346
285.2003	27.1475
285.3195	27.1451
285.4326	27.1596
285.5528	27.1290
285.6661	27.1499
285.7877	27.1725
285.9060	27.1491
286.0198	27.1491
286.1382	27.1588
286.2532	27.1371
286.3728	27.1250
286.4881	27.1806
286.6080	27.1604
286.7210	27.1524
286.8353	27.1701
286.9496	27.1499
287.0705	27.1363
287.1872	27.1814
287.3004	27.1467
287.4142	27.1354
287.5348	27.1467
287.6527	27.1290
287.7638	27.1451
287.8782	27.1387
287.9987	27.1443
288.1144	27.1580
288.2330	27.1652
288.3478	27.1564
288.4636	27.1379
288.5848	27.1298
288.7064	27.1636
288.8277	27.1379
288.9408	27.1314
289.0578	27.1612
289.1792	27.1435
289.2996	27.1516
289.4129	27.1379
289.5338	27.1564
289.6554	27.1387
289.7753	27.1580
289.8958	27.1540
290.0166	27.1532
290.1380	27.1314
290.2586	27.1467
290.3784	27.1322
290.4958	27.1274
290.6160	27.1443
290.7369	27.1330
290.8554	27.1419
290.9754	27.1403
291.0947	27.1250
291.2142	27.1354
291.3358	27.1250
291.4545	27.1443
291.5700	27.1290
291.6908	27.1274
291.8092	27.1298
291.9274	27.1354
292.0410	27.1371
292.1621	27.1298
292.2821	27.1419
292.4017	27.1387
292.5210	27.1314
292.6384	27.1508
292.7576	27.1250
292.8758	27.1226
292.9938	27.1346
293.1062	27.1379
293.2284	27.1193
293.3460	27.1475
293.4592	27.1403
293.5726	27.1548
293.6853	27.1242
293.7983	27.1346
293.9117	27.1338
294.0287	27.1403
294.1424	27.1411
294.2617	27.1185
294.3746	27.1274
294.4903	27.1298
294.6068	27.1628
294.7208	27.1354
294.8407	27.1379
294.9528	27.1306
295.0660	27.1451
295.1807	27.1354
295.3002	27.1056
295.4141	27.1153
295.5271	27.1266
295.6493	27.1322
295.7665	27.1532
295.8868	27.1499
296.0036	27.1258
296.1239	27.1371
296.2456	27.1387
296.3675	27.1451
296.4907	27.1354
296.6116	27.1467
296.7323	27.1491
296.8475	27.1322
296.9663	27.1499
297.0863	27.1395
297.2055	27.1322
297.3270	27.1371
297.4490	27.1387
297.5708	27.1266
297.6916	27.1387
297.8120	27.1403
297.9274	27.1290
298.0478	27.1266
298.1653	27.1274
298.2869	27.1387
298.4061	27.1314
298.5263	27.1274
298.6377	27.1564
298.7688	27.1250
298.8816	27.1234
298.9921	27.1330
299.1025	27.1145
299.2149	27.1379
299.3271	27.1322
299.4394	27.1024
299.5513	27.1137
299.6643	27.1371
299.7800	27.1065
299.8976	27.1491
