0.0000	26.5791
0.1126	26.5936
0.2230	26.5695
0.3413	26.4391
0.4601	26.5405
0.5778	26.5550
0.6912	26.5695
0.8098	26.4922
0.9283	26.4729
1.0476	26.5646
1.1632	26.5163
1.2738	26.5501
1.3876	26.5598
1.5038	26.5743
1.6181	26.5067
1.7341	26.5212
1.8517	26.5115
1.9706	26.5357
2.0884	26.5308
2.1992	26.5067
2.3104	26.4874
2.4240	26.4970
2.5330	26.5163
2.6456	26.5453
2.7615	26.4487
2.8720	26.4777
2.9841	26.5501
3.1019	26.4584
3.2139	26.5791
3.3292	26.6274
3.4404	26.5501
3.5527	26.5405
3.6671	26.4970
3.7788	26.5067
3.8932	26.4922
4.0106	26.5453
4.1236	26.5888
4.2357	26.4439
4.3450	26.4391
4.4580	26.4825
4.5751	26.6419
4.6856	26.5260
4.7948	26.5163
4.9074	26.5646
5.0184	26.5598
5.1328	26.5550
5.2445	26.5067
5.3548	26.5501
5.4650	26.5405
5.5836	26.5163
5.6955	26.5501
5.8123	26.5115
5.9256	26.5115
6.0391	26.5163
6.1577	26.6033
6.2754	26.5695
6.3866	26.5888
6.4989	26.5791
6.6103	26.5550
6.7213	26.6033
6.8337	26.5260
6.9505	26.5212
7.0604	26.5067
7.1750	26.5598
7.2871	26.4632
7.4056	26.5936
7.5170	26.4681
7.6275	26.5357
7.7371	26.5115
7.8488	26.5453
7.9637	26.4922
8.0752	26.6033
8.1861	26.5115
8.2980	26.5260
8.4155	26.5405
8.5276	26.5260
8.6405	26.5067
8.7598	26.5888
8.8708	26.3763
8.9877	26.4729
9.1041	26.4487
9.2173	26.4632
9.3337	26.5212
9.4439	26.5695
9.5539	26.4970
9.6665	26.5115
9.7842	26.5067
9.9032	26.5115
10.0203	26.5453
10.1370	26.5115
10.2502	26.5743
10.3620	26.6419
10.4755	26.5212
10.5892	26.6033
10.7017	26.4970
10.8141	26.5598
10.9336	26.5984
11.0515	26.6371
11.1705	26.5791
11.2885	26.5743
11.4027	26.5743
11.5144	26.5695
11.6229	26.5453
11.7306	26.5357
11.8443	26.4922
11.9608	26.5646
12.0727	26.5743
12.1912	26.5646
12.3085	26.5453
12.4213	26.5598
12.5343	26.5646
12.6446	26.5308
12.7592	26.5453
12.8724	26.4777
12.9855	26.5453
13.1017	26.5453
13.2125	26.4149
13.3223	26.6129
13.4342	26.5212
13.5498	26.5936
13.6636	26.5453
13.7834	26.4874
13.9014	26.5357
14.0141	26.5453
14.1317	26.5743
14.2506	26.6177
14.3686	26.6081
14.4847	26.4487
14.6014	26.5115
14.7188	26.5839
14.8293	26.5067
14.9394	26.5791
15.0517	26.5646
15.1681	26.5357
15.2859	26.5357
15.4029	26.5743
15.5131	26.5067
15.6265	26.5550
15.7440	26.5501
15.8532	26.5791
15.9618	26.5888
16.0705	26.5936
16.1793	26.5453
16.2889	26.5453
16.3992	26.5453
16.5085	26.5357
16.6171	26.5163
16.7258	26.5839
16.8345	26.5501
16.9433	26.5115
17.0517	26.5743
17.1617	26.5212
17.2777	26.5888
17.3981	26.5695
17.5138	26.5308
17.6259	26.5598
17.7416	26.5357
17.8565	26.5405
17.9769	26.5115
18.0995	26.5501
18.2163	26.5550
18.3328	26.5695
18.4455	26.5212
18.5639	26.5598
18.6810	26.5019
18.7957	26.6419
18.9145	26.5212
19.0347	26.5743
19.1531	26.5598
19.2698	26.5598
19.3816	26.4922
19.4924	26.4777
19.6055	26.5308
19.7213	26.4825
19.8343	26.5067
19.9540	26.5260
20.0724	26.5598
20.1904	26.4970
20.3095	26.5115
20.4291	26.5984
20.5460	26.5453
20.6603	26.5212
20.7785	26.5501
20.8912	26.6033
21.0090	26.5308
21.1190	26.5695
21.2327	26.4922
21.3484	26.5308
21.4604	26.6129
21.5707	26.6226
21.6834	26.5453
21.7996	26.5598
21.9082	26.5453
22.0183	26.5936
22.1284	26.4632
22.2476	26.4922
22.3633	26.5453
22.4768	26.5019
22.5951	26.7047
22.7074	26.4681
22.8229	26.5212
22.9316	26.5598
23.0411	26.5067
23.1554	26.4922
23.2686	26.5888
23.3815	26.6371
23.4926	26.5550
23.6052	26.5308
23.7180	26.5212
23.8356	26.5260
23.9484	26.4922
24.0649	26.5405
24.1821	26.5839
24.3021	26.5260
24.4150	26.5598
24.5265	26.6177
24.6385	26.5163
24.7533	26.5067
24.8665	26.5308
24.9781	26.5598
25.0877	26.5163
25.2005	26.5308
25.3129	26.5067
25.4262	26.5550
25.5433	26.5308
25.6548	26.5791
25.7715	26.6081
25.8892	26.6564
26.0067	26.5839
26.1231	26.5501
26.2349	26.6226
26.3537	26.5405
26.4677	26.5646
26.5839	26.5839
26.6985	26.5405
26.8167	26.4777
26.9340	26.5695
27.0504	26.5550
27.1671	26.5405
27.2801	26.4487
27.3976	26.6081
27.5127	26.5646
27.6253	26.5791
27.7363	26.5550
27.8466	26.5357
27.9585	26.6177
28.0753	26.5598
28.1878	26.5163
28.3027	26.6419
28.4143	26.6371
28.5265	26.5308
28.6388	26.5212
28.7570	26.5839
28.8687	26.6322
28.9837	26.6322
29.1007	26.5501
29.2110	26.6322
29.3287	26.4874
29.4483	26.5163
29.5661	26.5646
29.6810	26.5163
29.7994	26.6612
29.9126	26.4536
30.0336	26.5550
30.1539	26.5405
30.2709	26.4632
30.3816	26.5646
30.4922	26.5646
30.6071	26.5501
30.7221	26.6129
30.8425	26.5550
30.9616	26.6033
31.0817	26.5646
31.2018	26.5308
31.3218	26.5695
31.4408	26.6371
31.5520	26.4777
31.6630	26.5598
31.7767	26.5357
31.8957	26.5888
32.0137	26.5936
32.1338	26.5357
32.2522	26.5646
32.3702	26.6226
32.4863	26.5888
32.5972	26.5791
32.7156	26.6612
32.8361	26.6081
32.9549	26.5839
33.0736	26.5888
33.1923	26.5598
33.3109	26.5019
33.4302	26.5019
33.5490	26.5936
33.6613	26.5550
33.7802	26.5695
33.8987	26.5308
34.0179	26.5984
34.1358	26.5115
34.2470	26.5019
34.3644	26.5888
34.4838	26.4874
34.5979	26.5888
34.7109	26.5453
34.8263	26.5163
34.9456	26.5791
35.0633	26.5260
35.1814	26.4681
35.2982	26.4922
35.4186	26.4922
35.5346	26.6854
35.6452	26.6516
35.7607	26.5550
35.8786	26.5550
35.9964	26.5598
36.1134	26.5163
36.2300	26.5019
36.3444	26.5163
36.4612	26.4970
36.5786	26.5936
36.6931	26.5936
36.8031	26.5501
36.9115	26.5405
37.0222	26.5695
37.1326	26.5646
37.2420	26.5598
37.3527	26.5019
37.4648	26.6033
37.5756	26.5260
37.6853	26.6322
37.7964	26.5550
37.9078	26.5260
38.0200	26.5260
38.1362	26.5888
38.2488	26.5212
38.3679	26.5791
38.4847	26.4922
38.5960	26.5019
38.7060	26.5260
38.8195	26.6419
38.9290	26.5357
39.0400	26.5646
39.1612	26.6660
39.2743	26.4874
39.3933	26.5791
39.5038	26.5453
39.6149	26.5453
39.7295	26.5839
39.8474	26.5115
39.9657	26.5598
40.0808	26.5936
40.2012	26.6177
40.3178	26.5888
40.4283	26.5695
40.5398	26.5646
40.6502	26.4536
40.7623	26.5743
40.8720	26.5067
40.9832	26.5743
41.1002	26.6274
41.2195	26.5695
41.3384	26.5405
41.4510	26.6129
41.5711	26.5888
41.6900	26.6129
41.8042	26.4825
41.9248	26.5743
42.0428	26.5550
42.1569	26.5405
42.2758	26.6033
42.3961	26.5453
42.5133	26.5260
42.6265	26.5646
42.7449	26.5115
42.8607	26.4729
42.9802	26.5260
43.0974	26.5550
43.2107	26.5405
43.3295	26.5501
43.4482	26.5405
43.5651	26.6177
43.6848	26.4825
43.8039	26.5453
43.9237	26.4874
44.0429	26.5501
44.1617	26.4632
44.2770	26.5646
44.3955	26.5019
44.5130	26.5598
44.6269	26.5308
44.7444	26.5695
44.8587	26.6322
44.9718	26.6033
45.0901	26.5405
45.2081	26.5357
45.3204	26.5743
45.4368	26.5598
45.5547	26.5453
45.6696	26.4584
45.7857	26.5163
45.8993	26.5550
46.0161	26.4825
46.1343	26.4922
46.2523	26.4970
46.3700	26.5936
46.4952	26.4922
46.6085	26.6419
46.7261	26.5984
46.8392	26.5357
46.9562	26.5501
47.0733	26.5260
47.1908	26.5501
47.3075	26.6033
47.4238	26.5115
47.5391	26.5357
47.6521	26.5260
47.7684	26.4729
47.8833	26.4874
47.9960	26.4874
48.1096	26.4584
48.2264	26.4584
48.3437	26.5067
48.4608	26.5212
48.5778	26.5115
48.6916	26.5115
48.8093	26.4584
48.9281	26.4777
49.0419	26.5936
49.1598	26.6177
49.2770	26.5260
49.3938	26.5405
49.5116	26.4777
49.6252	26.5984
49.7454	26.5357
49.8637	26.5550
49.9809	26.5984
50.0951	26.5743
50.2128	26.5163
50.3242	26.5743
50.4386	26.5115
50.5524	26.5501
50.6638	26.5308
50.7778	26.4922
50.8900	26.5212
51.0039	26.5212
51.1193	26.5212
51.2363	26.5453
51.3535	26.4439
51.4708	26.5067
51.5877	26.5791
51.7000	26.5984
51.8261	26.6177
51.9386	26.5550
52.0560	26.5163
52.1735	26.5260
52.2940	26.5163
52.4137	26.4391
52.5312	26.5839
52.6438	26.5260
52.7560	26.4439
52.8686	26.6081
52.9869	26.5212
53.1052	26.5839
53.2217	26.5791
53.3390	26.5550
53.4567	26.5598
53.5732	26.5453
53.6866	26.5115
53.8035	26.5598
53.9220	26.5453
54.0413	26.5936
54.1604	26.5019
54.2756	26.5308
54.3887	26.6129
54.5044	26.5163
54.6173	26.4874
54.7362	26.5308
54.8507	26.6033
54.9648	26.5598
55.0827	26.5308
55.1983	26.5163
55.3148	26.6516
55.4284	26.4777
55.5458	26.4922
55.6566	26.6081
55.7685	26.6226
55.8797	26.5357
55.9926	26.5163
56.1057	26.5115
56.2191	26.6371
56.3343	26.5936
56.4513	26.6177
56.5675	26.6081
56.6803	26.5984
56.7992	26.5212
56.9127	26.5743
57.0264	26.5405
57.1432	26.5260
57.2625	26.5453
57.3772	26.5357
57.4901	26.4729
57.6023	26.4053
57.7222	26.5453
57.8412	26.5695
57.9578	26.5260
58.0680	26.5646
58.1834	26.5888
58.3018	26.6226
58.4194	26.5308
58.5351	26.5791
58.6462	26.5501
58.7662	26.5598
58.8824	26.6033
58.9914	26.5646
59.1033	26.5357
59.2156	26.5453
59.3325	26.6516
59.4452	26.5888
59.5614	26.5936
59.6737	26.5743
59.7856	26.5839
59.9029	26.5501
60.0139	26.5550
60.1235	26.5260
60.2323	26.5791
60.3430	26.5646
60.4539	26.5308
60.5704	26.6177
60.6848	26.5888
60.8031	26.6081
60.9130	26.5212
61.0231	26.5743
61.1427	26.5695
61.2529	26.5936
61.3639	26.5453
61.4780	26.5936
61.5983	26.5839
61.7169	26.5260
61.8296	26.6129
61.9493	26.5115
62.0691	26.5598
62.1890	26.5743
62.3083	26.5791
62.4261	26.5067
62.5378	26.5260
62.6511	26.5598
62.7686	26.5163
62.8820	26.4584
62.9998	26.5550
63.1181	26.5357
63.2325	26.5163
63.3452	26.5791
63.4566	26.6226
63.5655	26.5405
63.6768	26.5501
63.7891	26.6274
63.9014	26.5550
64.0152	26.5260
64.1329	26.5501
64.2465	26.5839
64.3668	26.4874
64.4846	26.5501
64.5990	26.5936
64.7118	26.5936
64.8278	26.5695
64.9449	26.6709
65.0627	26.5984
65.1779	26.5888
65.2897	26.5598
65.3997	26.5598
65.5102	26.5453
65.6229	26.6081
65.7399	26.5598
65.8498	26.5550
65.9607	26.5936
66.0725	26.5308
66.1846	26.5019
66.2968	26.5163
66.4093	26.5550
66.5188	26.5405
66.6311	26.5839
66.7414	26.5453
66.8519	26.5839
66.9634	26.5308
67.0738	26.5936
67.1854	26.5501
67.3016	26.5501
67.4125	26.5115
67.5227	26.6033
67.6361	26.5839
67.7558	26.5501
67.8760	26.6081
67.9884	26.6564
68.1060	26.5260
68.2166	26.6226
68.3266	26.5453
68.4407	26.5791
68.5512	26.6033
68.6663	26.5888
68.7856	26.6033
68.9025	26.5743
69.0210	26.5501
69.1383	26.5501
69.2518	26.5550
69.3698	26.4777
69.4828	26.5163
69.5944	26.5888
69.7044	26.5067
69.8203	26.5115
69.9324	26.4777
70.0499	26.5501
70.1585	26.4246
70.2733	26.6322
70.3908	26.5405
70.5087	26.5550
70.6215	26.5067
70.7401	26.5695
70.8506	26.5453
70.9593	26.5453
71.0704	26.5115
71.1894	26.5743
71.3096	26.5067
71.4261	26.5839
71.5444	26.5019
71.6585	26.5260
71.7749	26.5308
71.8875	26.5019
72.0061	26.4922
72.1268	26.6226
72.2486	26.5019
72.3660	26.5646
72.4822	26.5019
72.6014	26.5453
72.7216	26.5115
72.8397	26.5839
72.9538	26.5888
73.0732	26.5598
73.1930	26.5598
73.3120	26.5501
73.4306	26.5743
73.5415	26.4825
73.6541	26.6129
73.7734	26.4970
73.8904	26.4874
74.0043	26.5743
74.1216	26.5453
74.2400	26.5550
74.3591	26.5308
74.4718	26.5839
74.5853	26.5646
74.7024	26.5260
74.8191	26.5501
74.9375	26.5936
75.0540	26.5212
75.1707	26.4922
75.2880	26.5936
75.4056	26.5501
75.5172	26.5308
75.6310	26.4777
75.7491	26.5308
75.8672	26.4922
75.9857	26.4777
76.1031	26.6226
76.2200	26.5743
76.3363	26.5405
76.4538	26.5405
76.5708	26.5695
76.6841	26.5260
76.8025	26.5212
76.9203	26.6854
77.0374	26.5550
77.1548	26.5308
77.2715	26.6177
77.3888	26.5743
77.5037	26.5598
77.6159	26.5260
77.7304	26.4729
77.8498	26.5405
77.9669	26.5019
78.0854	26.5501
78.2018	26.4825
78.3184	26.5936
78.4359	26.6516
78.5511	26.5695
78.6631	26.4149
78.7800	26.6033
78.8981	26.5550
79.0160	26.5598
79.1328	26.5550
79.2457	26.5888
79.3582	26.5308
79.4742	26.5646
79.5934	26.5743
79.7115	26.5212
79.8276	26.5163
79.9431	26.6226
80.0615	26.6081
80.1801	26.5405
80.2959	26.5453
80.4078	26.5308
80.5243	26.6081
80.6377	26.5550
80.7532	26.6371
80.8705	26.5163
80.9853	26.4970
81.1015	26.4970
81.2181	26.5501
81.3342	26.5695
81.4473	26.5598
81.5612	26.6274
81.6726	26.5598
81.7873	26.5550
81.9014	26.5357
82.0124	26.6081
82.1282	26.6805
82.2463	26.5405
82.3622	26.5212
82.4786	26.5067
82.5944	26.5163
82.7091	26.5598
82.8277	26.5598
82.9445	26.5308
83.0587	26.5453
83.1760	26.6419
83.2940	26.5357
83.4076	26.5839
83.5244	26.5308
83.6367	26.6419
83.7529	26.5743
83.8664	26.5791
83.9818	26.5936
84.0968	26.5163
84.2122	26.5163
84.3289	26.5984
84.4439	26.5501
84.5571	26.6177
84.6694	26.5308
84.7872	26.4825
84.9035	26.5453
85.0145	26.5115
85.1238	26.5888
85.2600	26.6129
85.4015	26.5646
85.5146	26.5163
85.6216	26.5984
85.7302	26.5357
85.8389	26.5067
85.9479	26.5839
86.0555	26.5163
86.1642	26.5984
86.2720	26.5453
86.3797	26.5984
86.4884	26.6129
86.5961	26.7192
86.7051	26.5163
86.8126	26.5067
86.9202	26.5260
87.0289	26.5984
87.1380	26.5936
87.2464	26.6226
87.3551	26.5936
87.4627	26.5550
87.5716	26.5308
87.6801	26.5067
87.7888	26.5646
87.8973	26.5695
88.0062	26.5936
88.1155	26.5743
88.2231	26.5839
88.3324	26.5984
88.4407	26.5308
88.5494	26.5743
88.6581	26.5550
88.7668	26.5695
88.8744	26.5405
88.9822	26.5115
89.0910	26.4777
89.1997	26.5308
89.3078	26.5260
89.4155	26.5791
89.5244	26.5888
89.6340	26.5936
89.7424	26.4970
89.8510	26.5888
89.9588	26.5308
90.0665	26.5357
90.1742	26.6177
90.2829	26.6564
90.3917	26.5212
90.5004	26.5695
90.6092	26.4825
90.7176	26.5936
90.8257	26.4970
90.9342	26.5115
91.0429	26.4970
91.1517	26.6371
91.2606	26.5453
91.3693	26.5695
91.4778	26.5839
91.5865	26.4536
91.6952	26.5212
91.8039	26.5019
91.9126	26.5839
92.0214	26.5550
92.1300	26.4970
92.2388	26.5888
92.3463	26.5405
92.4542	26.4825
92.6397	26.5984
92.7515	26.5115
92.8683	26.6274
92.9845	26.5115
93.0961	26.5598
93.2165	26.5308
93.3352	26.5357
93.4529	26.4922
93.5686	26.5405
93.6807	26.5839
93.7993	26.4970
93.9174	26.5598
94.0348	26.6322
94.1501	26.6033
94.2618	26.5260
94.3756	26.5260
94.4908	26.5453
94.6014	26.5453
94.7216	26.6177
94.8430	26.5501
94.9570	26.5888
95.0664	26.5453
95.1767	26.5984
95.2888	26.4922
95.3996	26.5067
95.5106	26.5598
95.6218	26.5791
95.7334	26.5308
95.8471	26.5984
95.9639	26.5839
96.0780	26.6226
96.1932	26.4825
96.3055	26.5453
96.4253	26.5501
96.5429	26.5115
96.6533	26.5646
96.7654	26.5308
96.8785	26.5019
96.9935	26.5405
97.1055	26.5598
97.2152	26.6081
97.3264	26.5260
97.4391	26.6081
97.5563	26.5598
97.6688	26.5405
97.7864	26.4874
97.9000	26.5115
98.0178	26.5791
98.1305	26.5357
98.2393	26.4439
98.3490	26.5308
98.4600	26.4632
98.5699	26.5212
98.6815	26.5357
98.7908	26.4825
98.9032	26.4874
99.0171	26.5163
99.1367	26.5501
99.2534	26.6612
99.3667	26.5405
99.4843	26.5791
99.5953	26.5550
99.7070	26.4729
99.8228	26.5646
99.9372	26.5019
100.0542	26.4439
100.1744	26.4874
100.2914	26.5019
100.4053	26.5550
100.5225	26.5260
100.6351	26.4825
100.7556	26.5598
100.8744	26.5260
100.9900	26.5453
101.1006	26.5598
101.2132	26.5357
101.3267	26.5308
101.4410	26.5357
101.5574	26.6129
101.6711	26.5598
101.7886	26.5695
101.9055	26.5405
102.0222	26.5212
102.1334	26.5260
102.2474	26.5550
102.3623	26.5308
102.4815	26.5260
102.5985	26.4777
102.7108	26.5308
102.8281	26.5453
102.9447	26.5067
103.0641	26.5550
103.1770	26.5984
103.2860	26.5453
103.4009	26.5067
103.5184	26.5791
103.6313	26.5646
103.7500	26.5598
103.8650	26.5405
103.9849	26.4729
104.1039	26.4681
104.2210	26.5260
104.3336	26.5308
104.4547	26.5212
104.5708	26.4922
104.6873	26.4970
104.8062	26.5357
104.9199	26.5212
105.0389	26.5501
105.1585	26.5984
105.2758	26.5501
105.3890	26.5212
105.5048	26.5839
105.6172	26.5695
105.7331	26.5212
105.8475	26.5357
105.9639	26.5598
106.0811	26.5839
106.1983	26.5598
106.3142	26.4729
106.4268	26.5019
106.5382	26.4825
106.6512	26.6274
106.7685	26.5308
106.8850	26.5453
106.9968	26.4970
107.1119	26.5212
107.2311	26.5743
107.3469	26.5936
107.4610	26.5019
107.5796	26.5501
107.6921	26.6177
107.8014	26.5888
107.9093	26.4487
108.0172	26.5501
108.1250	26.5115
108.2336	26.5598
108.3424	26.4536
108.4511	26.4536
108.5597	26.5550
108.6686	26.5405
108.7761	26.4777
108.8852	26.5212
108.9947	26.5163
109.1037	26.4487
109.2120	26.5308
109.3209	26.5695
109.4305	26.5743
109.5383	26.5791
109.6470	26.4777
109.7557	26.6419
109.8643	26.5019
109.9732	26.5212
110.0809	26.5115
110.1895	26.4874
110.2982	26.5115
110.4137	26.5308
110.5214	26.5405
110.6293	26.5743
110.7369	26.5357
110.8456	26.5067
110.9544	26.5308
111.0631	26.5308
111.1707	26.5260
111.2795	26.5791
111.3882	26.5646
111.4969	26.5743
111.6056	26.5695
111.7144	26.5888
111.8232	26.5839
111.9328	26.5598
112.0414	26.5695
112.1502	26.4874
112.2589	26.5695
112.3676	26.5888
112.4754	26.5308
112.5842	26.5453
112.6927	26.5743
112.8005	26.5357
112.9092	26.5695
113.0179	26.5550
113.1256	26.5212
113.2344	26.4825
113.3430	26.5115
113.4507	26.5453
113.5626	26.5501
113.6808	26.5260
113.8009	26.5115
113.9145	26.4970
114.0360	26.5646
114.1567	26.5260
114.2765	26.5453
114.3916	26.5260
114.5097	26.5550
114.6217	26.5019
114.7343	26.5646
114.8478	26.5501
114.9617	26.6419
115.0794	26.5743
115.1914	26.4584
115.3065	26.5695
115.4250	26.5163
115.5408	26.5936
115.6540	26.5115
115.7713	26.6371
115.8879	26.4874
116.0002	26.6467
116.1165	26.5405
116.2310	26.5308
116.3483	26.5212
116.4644	26.5791
116.5767	26.4777
116.6955	26.5308
116.8127	26.5743
116.9288	26.4922
117.0431	26.6177
117.1549	26.4825
117.2651	26.6129
117.3860	26.4777
117.5032	26.5308
117.6162	26.6177
117.7377	26.5550
117.8577	26.5357
117.9786	26.5357
118.0954	26.6564
118.2143	26.5791
118.3350	26.5936
118.4531	26.5212
118.5723	26.5646
118.6843	26.5212
118.8019	26.5163
118.9171	26.4825
119.0359	26.5357
119.1514	26.6033
119.2699	26.5984
119.3882	26.5550
119.5057	26.5501
119.6181	26.5405
119.7319	26.5260
119.8477	26.5888
119.9616	26.5550
120.0742	26.6129
120.1903	26.5163
120.2989	26.5695
120.4077	26.5888
120.5164	26.5067
120.6242	26.5695
120.7341	26.5646
120.8448	26.5357
120.9577	26.5646
121.0759	26.5067
121.1924	26.4777
121.3028	26.4874
121.4152	26.5019
121.5337	26.5260
121.6453	26.5550
121.7642	26.5888
121.8772	26.4584
121.9963	26.4584
122.1146	26.6274
122.2301	26.5839
122.3505	26.5308
122.4682	26.5839
122.5847	26.4584
122.6974	26.5888
122.8127	26.5163
122.9245	26.4777
123.0417	26.5067
123.1592	26.5791
123.2780	26.5115
123.3951	26.5695
123.5101	26.4632
123.6217	26.5936
123.7351	26.5405
123.8479	26.5936
123.9604	26.5357
124.0762	26.5212
124.1916	26.5453
124.3074	26.5743
124.4201	26.5646
124.5325	26.6419
124.6456	26.6612
124.7611	26.5115
124.8711	26.4632
124.9831	26.5888
125.1024	26.5308
125.2135	26.5115
125.3270	26.5405
125.4408	26.5163
125.5542	26.5984
125.6674	26.6322
125.7799	26.6226
125.8989	26.5695
126.0156	26.5212
126.1295	26.5791
126.2498	26.5743
126.3673	26.5115
126.4850	26.5839
126.5971	26.5646
126.7155	26.4439
126.8348	26.6757
126.9527	26.5067
127.0697	26.4777
127.1835	26.5308
127.3036	26.6564
127.4223	26.5308
127.5392	26.6081
127.6500	26.4391
127.7689	26.5791
127.8871	26.5501
128.0055	26.5405
128.1246	26.5646
128.2357	26.5598
128.3491	26.5260
128.4615	26.5019
128.5742	26.6033
128.6866	26.5743
128.7999	26.5405
128.9150	26.5743
129.0306	26.5453
129.1483	26.5163
129.2631	26.5695
129.3827	26.5984
129.5008	26.5405
129.6130	26.5695
129.7208	26.5791
129.8294	26.6081
129.9382	26.5888
130.0469	26.5115
130.1556	26.5598
130.2653	26.6226
130.3740	26.6129
130.4850	26.7143
130.6007	26.6322
130.7116	26.5357
130.8238	26.6033
130.9342	26.5550
131.0455	26.5646
131.1562	26.5357
131.2664	26.5936
131.3766	26.6274
131.4897	26.5839
131.6089	26.5260
131.7281	26.6177
131.8406	26.5695
131.9588	26.4922
132.0726	26.6709
132.1852	26.5646
132.3039	26.4922
132.4202	26.6033
132.5361	26.5646
132.6479	26.5357
132.7666	26.6274
132.8791	26.6081
132.9943	26.6177
133.1102	26.6709
133.2297	26.5453
133.3439	26.5888
133.4570	26.4825
133.5724	26.4874
133.6860	26.5212
133.8051	26.5308
133.9182	26.6274
134.0308	26.5743
134.1495	26.6081
134.2638	26.5888
134.3784	26.5695
134.4919	26.6177
134.6113	26.5308
134.7232	26.5453
134.8413	26.5888
134.9561	26.5308
135.0734	26.5936
135.1863	26.6226
135.2979	26.6612
135.4112	26.6564
135.5207	26.6226
135.6325	26.5163
135.7482	26.5067
135.8646	26.5888
135.9755	26.5839
136.0887	26.5453
136.2084	26.6564
136.3274	26.5646
136.4454	26.4922
136.5635	26.5308
136.6766	26.4729
136.7964	26.5550
136.9159	26.5501
137.0292	26.6322
137.1419	26.5888
137.2548	26.4777
137.3676	26.6226
137.4796	26.5888
137.5929	26.5984
137.7064	26.5501
137.8241	26.5646
137.9404	26.5163
138.0539	26.6612
138.1706	26.5695
138.2825	26.5984
138.3999	26.5550
138.5156	26.6274
138.6261	26.6419
138.7400	26.6757
138.8589	26.4584
138.9754	26.4874
139.0948	26.4729
139.2125	26.5743
139.3249	26.5646
139.4436	26.5453
139.5597	26.5839
139.6706	26.5936
139.7832	26.5212
139.9018	26.5212
140.0210	26.5501
140.1381	26.5405
140.2555	26.5405
140.3717	26.6612
140.4904	26.4970
140.6056	26.5695
140.7246	26.5212
140.8409	26.5646
140.9608	26.5839
141.0799	26.5260
141.1989	26.5212
141.3155	26.5501
141.4297	26.5550
141.5482	26.5743
141.6644	26.5163
141.7826	26.6226
141.8975	26.5163
142.0162	26.5067
142.1347	26.5357
142.2511	26.6322
142.3690	26.5839
142.4827	26.5163
142.5987	26.6033
142.7163	26.5453
142.8351	26.5019
142.9538	26.4246
143.0722	26.5839
143.1921	26.4825
143.3094	26.5695
143.4215	26.5405
143.5322	26.4922
143.6448	26.5888
143.7619	26.6419
143.8802	26.5357
143.9992	26.5936
144.1172	26.6081
144.2349	26.5405
144.3533	26.5550
144.4700	26.5598
144.5823	26.4970
144.7001	26.5163
144.8150	26.5598
144.9315	26.4343
145.0496	26.5501
145.1648	26.6129
145.2829	26.5212
145.4019	26.5453
145.5191	26.5646
145.6329	26.5839
145.7506	26.5115
145.8684	26.5791
145.9870	26.5212
146.1052	26.4777
146.2169	26.5598
146.3298	26.5357
146.4453	26.5550
146.5622	26.6081
146.6739	26.5695
146.7902	26.5115
146.9056	26.5888
147.0235	26.6371
147.1395	26.4874
147.2507	26.5936
147.3689	26.5695
147.4868	26.5212
147.6023	26.5067
147.7189	26.5743
147.8306	26.5598
147.9457	26.5646
148.0601	26.5695
148.1777	26.5695
148.2907	26.5453
148.4070	26.4487
148.5205	26.4149
148.6336	26.5936
148.7504	26.5019
148.8624	26.5936
148.9801	26.4922
149.0973	26.5550
149.2092	26.5984
149.3261	26.6322
149.4395	26.5115
149.5593	26.6033
149.6727	26.5501
149.7879	26.5984
149.9028	26.5308
150.0142	26.5308
150.1263	26.5791
150.2435	26.5212
150.3556	26.6371
150.4709	26.5598
150.5858	26.5791
150.7033	26.4922
150.8187	26.4777
150.9292	26.5453
151.0466	26.5260
151.1627	26.4874
151.2754	26.5067
151.3888	26.5212
151.5015	26.5501
151.6166	26.5067
151.7342	26.5550
151.8462	26.4874
151.9623	26.5405
152.0743	26.5695
152.1907	26.5308
152.3026	26.5743
152.4205	26.4777
152.5325	26.5501
152.6448	26.5260
152.7572	26.5646
152.8755	26.6129
152.9886	26.5501
153.1003	26.5695
153.2138	26.4922
153.3324	26.6177
153.4490	26.6081
153.5624	26.5260
153.6785	26.5839
153.7979	26.5453
153.9171	26.4632
154.0343	26.5453
154.1472	26.5163
154.2660	26.5260
154.3848	26.5067
154.5026	26.4825
154.6168	26.5839
154.7344	26.5695
154.8470	26.5839
154.9662	26.5743
155.0824	26.5453
155.1955	26.5501
155.3147	26.5115
155.4315	26.4825
155.5497	26.4970
155.6630	26.4729
155.7757	26.5357
155.8876	26.5308
156.0057	26.5357
156.1237	26.5212
156.2380	26.4874
156.3563	26.5357
156.4690	26.5646
156.5866	26.5791
156.7014	26.4825
156.8139	26.5357
156.9303	26.4922
157.0455	26.5888
157.1631	26.5115
157.2774	26.5067
157.3951	26.5598
157.5103	26.5550
157.6244	26.5163
157.7366	26.5646
157.8494	26.5019
157.9651	26.4439
158.0752	26.5163
158.1879	26.6129
158.3043	26.5646
158.4163	26.5163
158.5270	26.5357
158.6408	26.5646
158.7586	26.5550
158.8773	26.5839
158.9963	26.5501
159.1152	26.5598
159.2342	26.5308
159.3519	26.5357
159.4657	26.5260
159.5834	26.5163
159.7022	26.4487
159.8153	26.5791
159.9327	26.4970
160.0450	26.4874
160.1563	26.4970
160.2679	26.5888
160.3783	26.5405
160.4905	26.5550
160.5985	26.5501
160.7116	26.5308
160.8266	26.5115
160.9368	26.5598
161.0493	26.6129
161.1665	26.5501
161.2779	26.5791
161.3904	26.5308
161.5090	26.5163
161.6236	26.5743
161.7425	26.4681
161.8587	26.5695
161.9711	26.5405
162.0836	26.5791
162.1954	26.4777
162.3095	26.5260
162.4290	26.4777
162.5462	26.5501
162.6568	26.6081
162.7697	26.5308
162.8820	26.5695
162.9968	26.5308
163.1153	26.6322
163.2324	26.5646
163.3507	26.5405
163.4669	26.4632
163.5846	26.6033
163.6972	26.5212
163.8152	26.5405
163.9302	26.5791
164.0397	26.5357
164.1536	26.5839
164.2700	26.5453
164.3818	26.5260
164.5015	26.4584
164.6140	26.5019
164.7262	26.5405
164.8385	26.5212
164.9514	26.4825
165.0693	26.6322
165.1843	26.6902
165.3027	26.5646
165.4215	26.5212
165.5392	26.5019
165.6505	26.5115
165.7676	26.5308
165.8800	26.5695
165.9965	26.4439
166.1075	26.5405
166.2265	26.4825
166.3413	26.5260
166.4596	26.5212
166.5758	26.4729
166.6897	26.5067
166.8066	26.5115
166.9239	26.4729
167.0444	26.5550
167.1580	26.5405
167.2744	26.5212
167.3890	26.5357
167.5082	26.6322
167.6206	26.4198
167.7406	26.6612
167.8534	26.5212
167.9652	26.6516
168.0805	26.5839
168.2012	26.5598
168.3199	26.5163
168.4378	26.4874
168.5538	26.5115
168.6666	26.5115
168.7829	26.4729
168.8973	26.5405
169.0180	26.5260
169.1335	26.5936
169.2468	26.5839
169.3656	26.5888
169.4834	26.5067
169.6004	26.5839
169.7172	26.5501
169.8287	26.4681
169.9412	26.5984
170.0521	26.5695
170.1668	26.5550
170.2832	26.5550
170.3964	26.5260
170.5123	26.5743
170.6249	26.5791
170.7426	26.5646
170.8543	26.5212
170.9666	26.5453
171.0820	26.4825
171.1966	26.5598
171.3110	26.4922
171.4233	26.5695
171.5426	26.5501
171.6538	26.5791
171.7665	26.5501
171.8801	26.5067
171.9940	26.5212
172.1094	26.5501
172.2222	26.6033
172.3405	26.6081
172.4552	26.4922
172.5684	26.5357
172.6805	26.5163
172.7983	26.4584
172.9113	26.4922
173.0197	26.5019
173.1298	26.5308
173.2456	26.4729
173.3586	26.5888
173.4727	26.4922
173.5857	26.5550
173.6964	26.4391
173.8083	26.5163
173.9221	26.6612
174.0340	26.5453
174.1475	26.5695
174.2668	26.5405
174.3843	26.5260
174.4931	26.5212
174.6054	26.5695
174.7216	26.5308
174.8349	26.5501
174.9451	26.5791
175.0574	26.6371
175.1742	26.5405
175.2914	26.4439
175.4038	26.5598
175.5169	26.4825
175.6296	26.5936
175.7503	26.5115
175.8638	26.4922
175.9753	26.4874
176.0900	26.5646
176.2057	26.6564
176.3202	26.5260
176.4343	26.6274
176.5496	26.5357
176.6614	26.5308
176.7771	26.5453
176.8983	26.5695
177.0164	26.5550
177.1288	26.5598
177.2465	26.5791
177.3667	26.4970
177.4837	26.4149
177.6019	26.5212
177.7208	26.6322
177.8411	26.6033
177.9580	26.5115
178.0694	26.6371
178.1861	26.5598
178.3007	26.5308
178.4125	26.5260
178.5222	26.5260
178.6338	26.5453
178.7475	26.5646
178.8600	26.4729
178.9737	26.5019
179.0865	26.5357
179.2048	26.5743
179.3190	26.5357
179.4350	26.4777
179.5509	26.5115
179.6627	26.5550
179.7770	26.6226
179.8897	26.5405
180.0031	26.4487
180.1155	26.5115
180.2250	26.6177
180.3392	26.4874
180.4529	26.4536
180.5651	26.6129
180.6762	26.5839
180.7870	26.5115
180.8985	26.5019
181.0117	26.5019
181.1237	26.5019
181.2369	26.5163
181.3459	26.6660
181.4556	26.5067
181.5658	26.4970
181.6769	26.5163
181.7894	26.5743
181.9061	26.5501
182.0232	26.4922
182.1354	26.5260
182.2498	26.5598
182.3639	26.5791
182.4769	26.4777
182.5892	26.5405
182.7029	26.5936
182.8169	26.6322
182.9311	26.5260
183.0466	26.5743
183.1660	26.5260
183.2847	26.5163
183.4002	26.5308
183.5137	26.5453
183.6251	26.4970
183.7383	26.5550
183.8559	26.5405
183.9688	26.5695
184.0880	26.5839
184.2089	26.4632
184.3281	26.5888
184.4468	26.5936
184.5636	26.4487
184.6764	26.5598
184.7973	26.5598
184.9171	26.5743
185.0294	26.5550
185.1469	26.5357
185.2643	26.5212
185.3794	26.5357
185.4938	26.4391
185.6132	26.6177
185.7321	26.5598
185.8499	26.5260
185.9665	26.5936
186.0784	26.5791
186.1953	26.5357
186.3131	26.5743
186.4340	26.5163
186.5519	26.5163
186.6638	26.5839
186.7772	26.5115
186.8929	26.5067
187.0057	26.5501
187.1179	26.4681
187.2306	26.5212
187.3469	26.5212
187.4624	26.5260
187.5792	26.5405
187.6921	26.5598
187.8094	26.4005
187.9275	26.5212
188.0461	26.5453
188.1650	26.4825
188.2848	26.5308
188.4046	26.5067
188.5213	26.5453
188.6328	26.5501
188.7467	26.5646
188.8609	26.5308
188.9799	26.5163
189.0981	26.5598
189.2165	26.6081
189.3343	26.5550
189.4481	26.6081
189.5652	26.5357
189.6771	26.4825
189.7904	26.5260
189.9068	26.6081
190.0230	26.5598
190.1397	26.5695
190.2553	26.5550
190.3709	26.5115
190.4900	26.4922
190.6060	26.5501
190.7243	26.6033
190.8374	26.6033
190.9538	26.4825
191.0667	26.5067
191.1834	26.5405
191.2994	26.5501
191.4114	26.5453
191.5229	26.5212
191.6359	26.4970
191.7534	26.5598
191.8706	26.6033
191.9867	26.4874
192.1035	26.5598
192.2148	26.5260
192.3320	26.5308
192.4456	26.5501
192.5587	26.5695
192.6708	26.6564
192.7886	26.5695
192.9052	26.5019
193.0200	26.5695
193.1380	26.5791
193.2553	26.4681
193.3714	26.5453
193.4865	26.5163
193.6033	26.5936
193.7222	26.5695
193.8355	26.5115
193.9524	26.5115
194.0653	26.4729
194.1848	26.5405
194.3024	26.5695
194.4208	26.4874
194.5372	26.5598
194.6513	26.5453
194.7683	26.4922
194.8850	26.5212
194.9985	26.6660
195.1115	26.5260
195.2303	26.4970
195.3488	26.5646
195.4672	26.6081
195.5850	26.5019
195.7004	26.6371
195.8181	26.6564
195.9366	26.5357
196.0526	26.5598
196.1634	26.5598
196.2810	26.5984
196.4003	26.5308
196.5163	26.4777
196.6295	26.5308
196.7461	26.5260
196.8583	26.5405
196.9788	26.6322
197.0970	26.4632
197.2122	26.5115
197.3307	26.4487
197.4475	26.5984
197.5614	26.5791
197.6730	26.5019
197.7865	26.5984
197.9041	26.5405
198.0211	26.5550
198.1372	26.6274
198.2542	26.5695
198.3712	26.5453
198.4890	26.5695
198.6023	26.5163
198.7191	26.5501
198.8326	26.5308
198.9463	26.5115
199.0638	26.5646
199.1790	26.5163
199.2940	26.5163
199.4087	26.5163
199.5249	26.5888
199.6365	26.5695
199.7491	26.5936
199.8652	26.5646
199.9806	26.5936
200.0939	26.4681
200.2070	26.4825
200.3227	26.5019
200.4336	26.5550
200.5492	26.5501
200.6608	26.5695
200.7739	26.5405
200.8876	26.5115
201.0012	26.5888
201.1161	26.5405
201.2341	26.5598
201.3521	26.5067
201.4662	26.5019
201.5828	26.5501
201.6960	26.5163
201.8129	26.5888
201.9273	26.5308
202.0431	26.5839
202.1599	26.5936
202.2708	26.5115
202.3814	26.5646
202.4930	26.5550
202.6062	26.5260
202.7250	26.5067
202.8446	26.5019
202.9611	26.5888
203.0736	26.5695
203.1932	26.5550
203.3107	26.5453
203.4305	26.6033
203.5461	26.4681
203.6595	26.5260
203.7778	26.5550
203.8967	26.5695
204.0128	26.5163
204.1265	26.4343
204.2439	26.5936
204.3610	26.5260
204.4796	26.5115
204.5956	26.5984
204.7111	26.5163
204.8264	26.6274
204.9434	26.5453
205.0618	26.5743
205.1764	26.5791
205.2941	26.5019
205.4132	26.4777
205.5296	26.5405
205.6421	26.4970
205.7593	26.5212
205.8786	26.5212
205.9980	26.5067
206.1164	26.5212
206.2330	26.5646
206.3500	26.5839
206.4681	26.5067
206.5856	26.5646
206.7008	26.5260
206.8134	26.5260
206.9324	26.5115
207.0447	26.5357
207.1606	26.3956
207.2777	26.5357
207.3945	26.5260
207.5105	26.5405
207.6245	26.4439
207.7428	26.5598
207.8562	26.4729
207.9709	26.5115
208.0830	26.4777
208.1991	26.5067
208.3134	26.5791
208.4277	26.6226
208.5459	26.4343
208.6579	26.5019
208.7706	26.5839
208.8825	26.4874
209.0012	26.5888
209.1135	26.5115
209.2334	26.4874
209.3509	26.5019
209.4639	26.6033
209.5841	26.4536
209.7003	26.5501
209.8128	26.5501
209.9308	26.5501
210.0440	26.6033
210.1598	26.5405
210.2707	26.5791
210.3801	26.5115
210.4906	26.5067
210.6022	26.5646
210.7202	26.5839
210.8410	26.4922
210.9581	26.4343
211.0684	26.4970
211.1771	26.5453
211.2868	26.5936
211.3956	26.4198
211.5044	26.4246
211.6140	26.4922
211.7239	26.5212
211.8366	26.4632
211.9551	26.5598
212.0699	26.5550
212.1806	26.4632
212.2974	26.5212
212.4081	26.5791
212.5253	26.5743
212.6368	26.5598
212.7549	26.4439
212.8675	26.4922
212.9834	26.5501
213.1010	26.4825
213.2137	26.5453
213.3335	26.4777
213.4533	26.5501
213.5705	26.5598
213.6831	26.4487
213.8021	26.5067
213.9209	26.5936
214.0420	26.5984
214.1617	26.5501
214.2754	26.4198
214.3939	26.5743
214.5102	26.5163
214.6218	26.5308
214.7402	26.4343
214.8596	26.5357
214.9771	26.5357
215.0937	26.6177
215.2101	26.4681
215.3239	26.5646
215.4426	26.4874
215.5616	26.5743
215.6740	26.4729
215.7901	26.5212
215.9093	26.5791
216.0287	26.5646
216.1469	26.5163
216.2640	26.4922
216.3766	26.5453
216.4933	26.5067
216.6072	26.5646
216.7260	26.5405
216.8423	26.5791
216.9540	26.4632
217.0673	26.5695
217.1842	26.5260
217.2954	26.4970
217.4074	26.4681
217.5222	26.5839
217.6328	26.4874
217.7493	26.4970
217.8671	26.5743
217.9793	26.4874
218.0975	26.4391
218.2154	26.5115
218.3314	26.5357
218.4470	26.5163
218.5623	26.5308
218.6746	26.5357
218.7931	26.4632
218.9102	26.5163
219.0228	26.5501
219.1347	26.5115
219.2498	26.5357
219.3625	26.5598
219.4803	26.4970
219.5955	26.5501
219.7119	26.5501
219.8237	26.4681
219.9427	26.4970
220.0574	26.4970
220.1728	26.5357
220.2876	26.4825
220.4044	26.5115
220.5161	26.5501
220.6306	26.5212
220.7484	26.5695
220.8682	26.4874
220.9866	26.5260
221.1032	26.4970
221.2208	26.5646
221.3391	26.6129
221.4586	26.6177
221.5749	26.4391
221.6877	26.5357
221.8058	26.5308
221.9210	26.5405
222.0402	26.4922
222.1581	26.5357
222.2710	26.5598
222.3899	26.5260
222.5069	26.4536
222.6184	26.4439
222.7315	26.5212
222.8504	26.6660
222.9679	26.3908
223.0845	26.4632
223.2016	26.4825
223.3160	26.6033
223.4325	26.5019
223.5440	26.4681
223.6583	26.4777
223.7714	26.5357
223.8824	26.5695
223.9973	26.5163
224.1127	26.4536
224.2263	26.5019
224.3379	26.5550
224.4549	26.5019
224.5711	26.5598
224.6802	26.5695
224.7890	26.5501
224.8984	26.5743
225.0076	26.5260
225.1156	26.4777
225.2253	26.5405
225.3371	26.5163
225.4552	26.5501
225.5658	26.5308
225.6804	26.4825
225.7986	26.5453
225.9108	26.4343
226.0261	26.5260
226.1435	26.4632
226.2616	26.5550
226.3773	26.4343
226.4914	26.5501
226.6108	26.5405
226.7218	26.5308
226.8342	26.4487
226.9853	26.4681
227.0939	26.5163
227.2028	26.4777
227.3120	26.5308
227.4269	26.5163
227.5391	26.5163
227.6493	26.5115
227.7605	26.4825
227.8702	26.4681
227.9810	26.5743
228.0930	26.5115
228.2044	26.4970
228.3155	26.5743
228.4271	26.5019
228.5378	26.5405
228.6475	26.5163
228.7563	26.4391
228.8650	26.4439
228.9755	26.4246
229.0875	26.5019
229.1979	26.5501
229.3126	26.5019
229.4347	26.5115
229.5527	26.4053
229.6652	26.5212
229.7830	26.5308
229.8958	26.4922
230.0121	26.4922
230.1291	26.5115
230.2402	26.5260
230.3515	26.4729
230.4630	26.5839
230.5724	26.5212
230.6841	26.4874
230.7998	26.4970
230.9095	26.5791
231.0189	26.5115
231.1283	26.4729
231.2371	26.4487
231.3476	26.5212
231.4572	26.5115
231.5676	26.5019
231.6785	26.4922
231.7889	26.5067
231.9010	26.5115
232.0111	26.4053
232.1242	26.5501
232.2485	26.4101
232.3645	26.5115
232.4734	26.5212
232.5832	26.5212
232.6948	26.5598
232.8136	26.5550
232.9235	26.5212
233.0332	26.5212
233.1463	26.4584
233.2681	26.4922
233.3860	26.5308
233.5107	26.4777
233.6243	26.5984
233.7354	26.4874
233.8479	26.5308
233.9561	26.4584
234.0675	26.5646
234.1771	26.4536
234.2855	26.5550
234.4017	26.5019
234.5158	26.5550
234.6271	26.5163
234.7413	26.5501
234.8595	26.4874
234.9731	26.5115
235.0818	26.5357
235.1899	26.4729
235.3004	26.5115
235.4121	26.4729
235.5213	26.5067
235.6309	26.4101
235.7402	26.5357
235.8507	26.4874
235.9634	26.5357
236.0759	26.5212
236.1884	26.4922
236.2977	26.5646
236.4072	26.5888
236.5194	26.4536
236.6323	26.5550
236.7434	26.5550
236.8517	26.5501
236.9623	26.5550
237.0751	26.5888
237.1888	26.5357
237.3071	26.5115
237.4248	26.5646
237.5398	26.5212
237.6504	26.4294
237.7709	26.4632
237.8906	26.5260
238.0095	26.6129
238.1268	26.5067
238.2438	26.5791
238.3601	26.5115
238.4706	26.5308
238.5805	26.5308
238.6887	26.5453
238.7984	26.5791
238.9108	26.5260
239.0221	26.6129
239.1328	26.4729
239.2406	26.5163
239.3537	26.5453
239.4673	26.5115
239.5783	26.5453
239.6873	26.5163
239.7982	26.5646
239.9076	26.5984
240.0165	26.5695
240.1368	26.4343
240.2475	26.5743
240.3572	26.5550
240.4693	26.5646
240.5800	26.4825
240.6881	26.5984
240.8016	26.5888
240.9170	26.5839
241.0325	26.5646
241.1445	26.5453
241.2533	26.5405
241.3649	26.5405
241.4741	26.5260
241.5854	26.5308
241.7011	26.5743
241.8152	26.5598
241.9293	26.5115
242.0373	26.4343
242.1473	26.5453
242.2642	26.5260
242.3722	26.5984
242.4834	26.5646
242.5939	26.5019
242.7108	26.5695
242.8321	26.5839
242.9534	26.5501
243.0737	26.6177
243.1941	26.5598
243.3145	26.4970
243.4341	26.5357
243.5497	26.5115
243.6630	26.5550
243.7722	26.5067
243.8819	26.5984
243.9934	26.5550
244.1060	26.5743
244.2173	26.5743
244.3369	26.6033
244.4537	26.6033
244.5659	26.5212
244.6739	26.5501
244.7826	26.5888
244.8941	26.5839
245.0149	26.4922
245.1334	26.6033
245.2444	26.5212
245.3549	26.5695
245.4662	26.5453
245.5765	26.5839
245.6953	26.5405
245.8039	26.5163
245.9172	26.5695
246.0282	26.5453
246.1383	26.4874
246.2540	26.5936
246.3761	26.5550
246.4965	26.5501
246.6154	26.5839
246.7301	26.6805
246.8403	26.5550
246.9547	26.5936
247.0634	26.4874
247.1741	26.5791
247.2832	26.6177
247.3934	26.5405
247.5029	26.5791
247.6140	26.5936
247.7221	26.4970
247.8334	26.5550
247.9537	26.6081
248.0719	26.6612
248.1831	26.5260
248.2953	26.4874
248.4025	26.4970
248.5145	26.5357
248.6247	26.5163
248.7355	26.5163
248.8460	26.5501
248.9558	26.5308
249.0659	26.5501
249.1787	26.5405
249.2892	26.5743
249.4052	26.5212
249.5240	26.5260
249.6388	26.4922
249.7551	26.5163
249.8705	26.5598
249.9808	26.4681
250.0939	26.6129
250.2175	26.5695
250.3281	26.4922
250.4457	26.5936
250.5597	26.5067
250.6718	26.5019
250.7833	26.5115
250.8910	26.5163
251.0006	26.5405
251.1119	26.4970
251.2245	26.5453
251.3362	26.6612
251.4484	26.6081
251.5607	26.4874
251.6719	26.4970
251.7858	26.5695
251.8994	26.4825
252.0174	26.5260
252.1315	26.5212
252.2463	26.5598
252.3601	26.5260
252.4764	26.5357
252.5922	26.5550
252.7050	26.5067
252.8203	26.5212
252.9332	26.6081
253.0514	26.5743
253.1667	26.5598
253.2835	26.4487
253.4008	26.4874
253.5153	26.4584
253.6262	26.5019
253.7370	26.5405
253.8477	26.4343
253.9615	26.5550
254.0722	26.4874
254.1852	26.5067
254.3010	26.4681
254.4168	26.5308
254.5271	26.5695
254.6407	26.6033
254.7602	26.5791
254.8773	26.5357
254.9911	26.5791
255.1100	26.5550
255.2269	26.5260
255.3439	26.6226
255.4617	26.6274
255.5719	26.4777
255.6846	26.5550
255.8012	26.5357
255.9162	26.4825
256.0271	26.5695
256.1466	26.5115
256.2670	26.6033
256.3852	26.5453
256.5043	26.4922
256.6154	26.4536
256.7343	26.4632
256.8523	26.6226
256.9700	26.5163
257.0889	26.4970
257.2016	26.5839
257.3176	26.5260
257.4346	26.5357
257.5498	26.5308
257.6631	26.5067
257.7797	26.4874
257.8963	26.5453
258.0138	26.5501
258.1293	26.5260
258.2412	26.5308
258.3606	26.5839
258.4791	26.5260
258.5944	26.4536
258.7140	26.5067
258.8299	26.5405
258.9476	26.5212
259.0670	26.4922
259.1830	26.5839
259.2946	26.5115
259.4129	26.4729
259.5298	26.5598
259.6428	26.4729
259.7612	26.4970
259.8780	26.4922
259.9962	26.5501
260.1135	26.5646
260.2282	26.5695
260.3430	26.5791
260.4601	26.4922
260.5798	26.5019
260.6987	26.5646
260.8149	26.5357
260.9306	26.5550
261.0493	26.4970
261.1677	26.5453
261.2846	26.5115
261.4000	26.5163
261.5153	26.4970
261.6290	26.5405
261.7482	26.5115
261.8644	26.5212
261.9765	26.5695
262.0933	26.5308
262.2101	26.5598
262.3280	26.5405
262.4461	26.4632
262.5617	26.5695
262.6741	26.5984
262.7927	26.5019
262.9111	26.4825
263.0235	26.5791
263.1420	26.5067
263.2596	26.5839
263.3769	26.5888
263.4933	26.5839
263.6084	26.6419
263.7251	26.5163
263.8425	26.5936
263.9584	26.5839
264.0723	26.5888
264.1896	26.4729
264.3073	26.4632
264.4268	26.5743
264.5446	26.4729
264.6575	26.5308
264.7787	26.5357
264.8970	26.5357
265.0138	26.4729
265.1265	26.4970
265.2437	26.5115
265.3573	26.5115
265.4750	26.5405
265.5924	26.4632
265.7067	26.5791
265.8232	26.5357
265.9414	26.5453
266.0575	26.5839
266.1702	26.5839
266.2870	26.5357
266.4043	26.5308
266.5215	26.5067
266.6325	26.5405
266.7448	26.5405
266.8642	26.5501
266.9838	26.5067
267.1005	26.5212
267.2184	26.6226
267.3358	26.5646
267.4521	26.5405
267.5700	26.4922
267.6806	26.6371
267.7938	26.4584
267.9098	26.5308
268.0271	26.5839
268.1434	26.5598
268.2592	26.5067
268.3754	26.6033
268.4938	26.6419
268.6061	26.5212
268.7261	26.5695
268.8404	26.5357
268.9593	26.5260
269.0767	26.6226
269.1902	26.5550
269.3071	26.5019
269.4211	26.6226
269.5386	26.5791
269.6508	26.5936
269.7674	26.4970
269.8848	26.5405
270.0007	26.4825
270.1185	26.5212
270.2364	26.5212
270.3513	26.6129
270.4630	26.4970
270.5808	26.5019
270.6992	26.5598
270.8174	26.4970
270.9336	26.5550
271.0496	26.6467
271.1675	26.5453
271.2874	26.5598
271.4052	26.5260
271.5155	26.5839
271.6297	26.6226
271.7473	26.6322
271.8650	26.5357
271.9813	26.5260
272.0948	26.5260
272.2117	26.5550
272.3292	26.5357
272.4442	26.5743
272.5572	26.5598
272.6754	26.5888
272.7927	26.5550
272.9091	26.5453
273.0263	26.6033
273.1392	26.5501
273.2573	26.5839
273.3738	26.5019
273.4880	26.5501
273.5983	26.4729
273.7090	26.5791
273.8199	26.5115
273.9317	26.5019
274.0482	26.4584
274.1603	26.5453
274.2761	26.5598
274.3896	26.5308
274.5070	26.5212
274.6164	26.5357
274.7253	26.5791
274.8378	26.6419
274.9518	26.5019
275.0731	26.5067
275.1856	26.5598
275.2991	26.5067
275.4126	26.5888
275.5251	26.5984
275.6363	26.5405
275.7521	26.5357
275.8647	26.5743
275.9777	26.6081
276.0979	26.5501
276.2161	26.5163
276.3291	26.5598
276.4464	26.5357
276.5660	26.5888
276.6793	26.5260
276.7970	26.5260
276.9154	26.5405
277.0344	26.5839
277.1534	26.5743
277.2720	26.5260
277.3852	26.4825
277.5020	26.5163
277.6140	26.5550
277.7322	26.5984
277.8506	26.5550
277.9641	26.5501
278.0811	26.6081
278.1971	26.6033
278.3115	26.5357
278.4267	26.5357
278.5436	26.5115
278.6536	26.5501
278.7650	26.5888
278.8812	26.5453
278.9943	26.5405
279.1141	26.5453
279.2329	26.6660
279.3442	26.4632
279.4548	26.5308
279.5723	26.4825
279.6828	26.5357
279.7976	26.6081
279.9153	26.5405
280.0274	26.4922
280.1477	26.5839
280.2683	26.5357
280.3868	26.6322
280.5045	26.5212
280.6170	26.5163
280.7329	26.5550
280.8434	26.6033
280.9570	26.5019
281.0683	26.5212
281.1818	26.5646
281.2992	26.6226
281.4104	26.5936
281.5265	26.5212
281.6389	26.5501
281.7504	26.5405
281.8636	26.5453
281.9807	26.5163
282.0962	26.5260
282.2163	26.5453
282.3368	26.5308
282.4560	26.6419
282.5683	26.4970
282.6822	26.6226
282.8025	26.4777
282.9201	26.5501
283.0396	26.5260
283.1580	26.6226
283.2765	26.5212
283.3959	26.5646
283.5135	26.5695
283.6261	26.5936
283.7387	26.5453
283.8586	26.5646
283.9784	26.5453
284.0976	26.5357
284.2157	26.5067
284.3333	26.5260
284.4516	26.5743
284.5682	26.5405
284.6806	26.5550
284.7938	26.5695
284.9082	26.4584
285.0275	26.5357
285.1439	26.5067
285.2588	26.5212
285.3709	26.5791
285.4831	26.6129
285.5977	26.5598
285.7110	26.5115
285.8253	26.5357
285.9407	26.5598
286.0538	26.5308
286.1753	26.5260
286.2937	26.6950
286.4066	26.5212
286.5200	26.5984
286.6321	26.5646
286.7492	26.5453
286.8620	26.5598
286.9778	26.4198
287.0962	26.5163
287.2074	26.4922
287.3204	26.4825
287.4342	26.5163
287.5505	26.4439
287.6652	26.4681
287.7848	26.5501
287.9008	26.5550
288.0128	26.5067
288.1314	26.5936
288.2485	26.4922
288.3655	26.4825
288.4767	26.5501
288.5890	26.5743
288.7006	26.5260
288.8178	26.5115
288.9290	26.5260
289.0430	26.5501
289.1555	26.5115
289.2666	26.5501
289.3827	26.4825
289.4942	26.5115
289.6037	26.5405
289.7136	26.5115
289.8267	26.4825
289.9392	26.4632
290.0566	26.5598
290.1712	26.5646
290.2894	26.5405
290.4074	26.5019
290.5194	26.5839
290.6305	26.4970
290.7432	26.5405
290.8634	26.5260
290.9834	26.5357
291.1003	26.5357
291.2125	26.5019
291.3309	26.5936
291.4486	26.5791
291.5657	26.4487
291.6821	26.4825
291.8005	26.4729
291.9183	26.5839
292.0362	26.5019
292.1530	26.5453
292.2650	26.5260
292.3840	26.6081
292.4999	26.5067
292.6141	26.5695
292.7305	26.4632
292.8463	26.4970
292.9657	26.5212
293.0791	26.5163
293.1966	26.5550
293.3094	26.5501
293.4217	26.5357
293.5352	26.5212
293.6483	26.5550
293.7588	26.5501
293.8706	26.4777
293.9841	26.5260
294.1028	26.5791
294.2140	26.5019
294.3283	26.5357
294.4456	26.4777
294.5573	26.5550
294.6719	26.5019
294.7823	26.5453
294.8963	26.5163
295.0140	26.4632
295.1265	26.5019
295.2396	26.5163
295.3557	26.5260
295.4679	26.5550
295.5864	26.5212
295.6980	26.4874
295.8191	26.5260
295.9373	26.5163
296.0572	26.5115
296.1766	26.6129
296.2957	26.4970
296.4127	26.4825
296.5237	26.5115
296.6372	26.4874
296.7500	26.4825
296.8689	26.5839
296.9841	26.5212
297.0916	26.5163
297.2002	26.5260
297.3092	26.5743
297.4178	26.5839
297.5278	26.5839
297.6385	26.5453
297.7486	26.5501
297.8593	26.5695
297.9722	26.5550
298.0868	26.5405
298.2052	26.5163
298.3213	26.5212
298.4339	26.5308
298.5513	26.5019
298.6642	26.5453
298.7797	26.4970
298.8916	26.5695
299.0108	26.5115
299.1307	26.5260
299.2488	26.5019
299.3624	26.5501
299.4748	26.5791
299.5925	26.5453
299.7081	26.5501
299.8167	26.4825
299.9265	26.5598
