0.0000	24.1732
0.1139	24.2213
0.2267	24.1539
0.3401	24.1732
0.4546	24.2406
0.5699	24.1828
0.6812	24.1154
0.7916	24.1539
0.9008	24.1635
1.0079	24.1443
1.1190	24.2117
1.2263	24.1828
1.3420	24.1635
1.4502	24.1154
1.5577	24.1828
1.6675	24.2021
1.7734	24.2117
1.8866	24.1058
1.9978	24.2309
2.1077	24.1828
2.2190	24.1443
2.3275	24.1732
2.4358	24.2406
2.5467	24.1347
2.6592	24.1924
2.7715	24.2117
2.8823	24.1635
2.9957	24.1154
3.1049	24.1732
3.2115	24.1924
3.3227	24.1635
3.4345	24.2021
3.5545	24.2309
3.6745	24.1732
3.7905	24.1924
3.9108	24.0961
4.0300	24.1443
4.1493	24.0673
4.2688	24.1828
4.3851	24.2213
4.4998	24.1443
4.6072	24.1154
4.7164	24.1058
4.8275	24.1828
4.9414	24.1250
5.0580	24.1347
5.1773	24.1732
5.2952	24.1347
5.4088	24.2021
5.5285	24.0961
5.6503	24.1732
5.9012	24.1347
6.0904	24.1347
6.2202	24.1828
6.3300	24.1635
6.4390	24.2213
6.5493	24.1347
6.6572	24.1924
6.7656	24.0961
6.8771	24.1828
6.9861	24.1924
7.0979	24.1250
7.2168	24.1347
7.3335	24.1347
7.4519	24.1347
7.5701	24.1828
7.6917	24.1250
7.8086	24.1347
7.9266	24.1635
8.0453	24.0769
8.1633	24.1828
8.2794	24.2117
8.4006	24.2983
8.5202	24.2117
8.6340	23.9999
8.7584	24.2213
8.8767	24.1058
8.9976	24.1539
9.1147	24.1635
9.2319	24.2021
9.3495	24.1539
9.4681	24.2309
9.5884	24.1924
9.7085	24.2695
9.8265	24.2309
9.9443	24.1347
10.0547	24.1347
10.1669	24.1250
10.2754	24.1732
10.3864	24.1250
10.4937	24.1347
10.6079	24.1732
10.7189	24.1250
10.8329	24.1732
10.9534	24.1828
11.0716	24.1732
11.1890	24.1732
11.3016	24.1250
11.4092	24.1154
11.5247	24.1539
11.6447	24.1443
11.7605	24.0961
11.8949	24.1539
12.0201	24.2117
12.1326	24.0865
12.2429	24.1539
12.3543	24.2117
12.4715	24.1539
12.5903	24.1539
12.7108	24.1924
12.8350	24.2021
12.9575	24.1828
13.0764	24.1635
13.2046	24.2695
13.3222	24.1635
13.4379	24.2117
13.5510	24.0961
13.6621	24.1154
13.7767	24.1635
13.8874	24.2021
14.0019	24.1924
14.1202	24.2021
14.2431	24.1154
14.3742	24.4043
14.4857	24.2309
14.5990	24.2887
14.7115	24.1732
14.8283	24.1828
14.9596	24.2021
15.0902	24.1732
15.2194	24.1347
15.3309	24.2117
15.4495	24.0384
15.5710	24.2213
15.6907	24.1828
15.8106	24.1828
15.9363	24.2213
16.0595	24.1539
16.1796	24.0673
16.2982	24.1828
16.4211	24.0865
16.5434	24.1635
16.6638	24.1732
16.7846	24.2598
16.9019	24.1732
17.0194	24.1732
17.1363	24.0769
17.2564	24.1635
17.3755	24.1443
17.5001	24.2021
17.6185	24.3369
17.7369	24.1732
17.8515	24.2117
17.9685	24.1058
18.0836	24.0769
18.2031	24.1058
18.3191	24.2213
18.4395	24.1443
18.5587	24.1635
18.6785	24.2309
18.7972	24.1154
18.9176	24.2213
19.0362	24.2021
19.1510	24.2213
19.2654	24.0961
19.3821	24.2021
19.4967	24.1732
19.6102	24.3465
19.7255	24.2021
19.8407	24.1732
19.9565	24.2983
20.0749	24.3850
20.1912	24.1154
20.3113	24.1154
20.4281	24.2309
20.5435	24.2117
20.6686	24.1924
20.7885	24.1828
20.9039	24.1347
21.0222	24.0961
21.1357	24.1058
21.2502	24.2598
21.3640	24.1732
21.4779	24.1635
21.6030	24.1732
21.7203	24.2021
21.8311	24.2695
21.9501	24.2117
22.0645	24.2791
22.1818	24.2213
22.3018	24.1828
22.4197	24.1635
22.5384	24.2021
22.6561	24.1347
22.7724	24.1732
22.8986	24.1732
23.0201	24.1443
23.1382	24.1443
23.2567	24.2309
23.3732	24.0191
23.4933	24.2213
23.6039	24.0865
23.7140	23.9806
23.8299	24.1828
23.9550	24.1924
24.0769	24.1443
24.2012	24.1347
24.3101	24.2309
24.4228	24.0961
24.5349	24.2598
24.6498	24.1732
24.7615	24.1539
24.8737	24.2598
24.9861	24.2598
25.1073	24.1732
25.2256	24.2117
25.3399	24.1058
25.4921	24.2598
25.6323	24.3754
25.7560	24.2887
25.8697	24.1635
25.9817	24.1250
26.0975	24.1924
26.2233	24.1443
26.3765	24.2406
26.4897	24.1539
26.6042	24.1924
26.7183	24.1539
26.8572	24.2406
26.9918	24.1443
27.1017	24.1828
27.2083	24.1443
27.3206	24.2983
27.4345	24.1347
27.5434	24.0865
27.6589	24.1539
27.7742	24.1924
27.8869	24.0961
28.0061	24.2502
28.1261	24.3080
28.2477	24.1828
28.3666	24.1732
28.4913	24.1635
28.6161	24.2117
28.7261	24.1732
28.8418	24.1443
28.9519	24.3272
29.0703	24.2598
29.1890	24.2117
29.3116	24.2021
29.4312	24.3369
29.5526	24.2021
29.6726	24.3465
29.8067	23.9806
29.9235	24.0769
30.0337	24.1539
30.1461	24.1058
30.2773	24.1924
30.4177	24.0384
30.5307	24.1924
30.6404	24.2598
30.7511	24.1443
30.8741	24.1058
31.0093	24.1250
31.1482	24.1443
31.2592	24.3369
31.3718	24.2502
31.4934	24.1732
31.6180	24.0769
31.7428	24.1732
31.8617	24.3080
31.9829	24.1250
32.1076	24.3465
32.2421	24.3561
32.3568	24.2598
32.4688	24.0769
32.5772	24.1732
32.6942	24.2406
32.8074	24.1154
32.9232	24.2502
33.0415	24.1828
33.1590	24.1828
33.2684	24.1347
33.3786	24.1250
33.5017	24.2309
33.6218	24.2021
33.7385	24.2695
33.8504	24.1635
33.9608	24.2791
34.0762	24.2309
34.2045	24.2598
34.3233	24.2695
34.4342	24.1154
34.5428	24.3369
34.6588	24.3850
34.7737	24.2213
34.8837	24.1058
34.9935	24.4813
35.1089	24.1539
35.2280	24.2695
35.3507	24.1732
35.4716	24.1154
35.5928	24.2117
35.7187	24.1250
35.8277	24.2213
35.9395	24.2117
36.0600	24.1539
36.1977	24.1347
36.3091	24.1924
36.4166	24.2309
36.5323	24.2021
36.6581	24.2213
36.7888	24.2309
36.9014	24.1924
37.0161	24.2695
37.1269	24.2695
37.2371	24.1443
37.3487	24.1347
37.4666	24.1924
37.5892	24.1828
37.7065	24.1828
37.8174	24.2502
37.9271	24.1828
38.0387	24.2502
38.1502	24.3465
38.2612	24.2887
38.3729	24.1732
38.4852	24.2502
38.5991	24.0480
38.7139	24.2983
38.8350	24.2502
38.9439	24.1732
39.0587	24.2309
39.1686	24.2695
39.2836	24.2309
39.3950	24.1924
39.5078	24.2791
39.6190	24.0673
39.7353	24.2406
39.8480	24.3272
39.9655	24.2117
40.0773	24.2406
40.1883	24.1732
40.3013	24.0865
40.4107	24.1058
40.5244	24.1443
40.6361	24.3561
40.7440	24.1732
40.8606	24.1154
40.9807	24.1924
41.1053	24.0288
41.2262	24.2117
41.3374	24.2695
41.4499	24.4428
41.5614	24.4235
41.6751	24.1635
41.7926	24.2791
41.9036	24.2406
42.0204	24.2213
42.1359	24.1635
42.2495	24.2983
42.3614	24.2213
42.4805	24.2598
42.6015	24.2695
42.7194	24.2213
42.8372	24.1828
42.9554	24.2021
43.0669	24.2406
43.1808	24.2021
43.2923	24.1635
43.4053	24.2117
43.5235	24.2502
43.6498	24.3272
43.7643	24.3176
43.8902	24.1924
44.0013	24.2983
44.1090	24.2213
44.2191	24.2887
44.3334	24.1924
44.4402	24.2213
44.5490	24.1924
44.6695	24.2117
44.7999	24.1828
44.9087	24.1443
45.0225	24.2406
45.1345	24.2695
45.2498	24.2791
45.3578	24.2695
45.4669	24.2021
45.5837	24.2406
45.6945	24.2309
45.8050	24.2598
45.9191	24.2021
46.0386	24.2117
46.1568	24.2309
46.2688	24.2021
46.3824	24.1154
46.4948	24.1539
46.6111	24.3369
46.7290	24.2213
46.8426	24.2406
46.9564	24.2695
47.0676	24.2598
47.1773	24.2117
47.2915	24.2502
47.4033	24.2887
47.5100	24.3272
47.6209	24.3465
47.7355	24.2117
47.8438	24.2309
47.9535	24.2598
48.0652	24.2021
48.1727	24.2695
48.2829	24.1732
48.3936	24.1732
48.5088	24.1635
48.6276	24.2887
48.7431	24.3369
48.8574	24.2117
48.9682	24.1828
49.0764	24.2117
49.1863	24.2213
49.2971	24.3176
49.4092	24.2406
49.5209	24.2598
49.6334	24.2309
49.7442	24.2213
49.8643	24.1924
49.9735	24.1635
50.0850	24.2983
50.1998	24.2502
50.3197	24.1732
50.4314	24.3080
50.5425	24.1443
50.6555	24.1250
50.7679	24.1924
50.8771	24.2309
50.9876	24.1828
51.1003	24.4235
51.2106	24.2887
51.3212	24.2021
51.4384	24.1539
51.5527	24.3080
51.6623	24.2887
51.7737	24.2213
51.8840	24.2983
52.0006	24.1924
52.1090	24.2502
52.2211	24.1154
52.3317	24.2309
52.4429	24.2406
52.5569	24.2117
52.6679	24.0961
52.7801	24.1250
52.8934	24.2983
53.0027	24.2791
53.1148	24.1924
53.2224	24.3561
53.3326	24.1924
53.4432	24.2213
53.5572	24.1924
53.6660	24.3561
53.7734	24.2598
53.8856	24.2021
54.0003	24.2598
54.1155	24.2021
54.2266	24.0769
54.3389	24.2309
54.4478	24.2598
54.5574	24.2021
54.6668	24.1539
54.7745	24.2117
54.8831	24.2598
54.9979	24.2021
55.1068	24.2117
55.2156	24.3080
55.3301	24.3080
55.4409	24.2502
55.5524	24.2502
55.6605	24.1347
55.7680	24.2021
55.8818	24.2695
55.9899	24.2117
56.0991	24.2213
56.2077	24.1539
56.3189	24.1828
56.4271	24.3080
56.5405	24.2406
56.6480	24.2406
56.7568	24.2502
56.8658	24.1828
56.9721	24.1347
57.0800	24.2117
57.1864	24.1828
57.2959	24.2791
57.4046	24.2502
57.5145	24.3080
57.6264	24.2021
57.7348	24.1828
57.8433	24.2406
57.9492	24.2887
58.0574	24.1058
58.1650	24.2598
58.2745	24.2021
58.3874	24.2117
58.4950	24.2598
58.6047	24.2117
58.7175	24.1828
58.8347	24.2213
58.9535	24.2309
59.0681	24.3272
59.1856	24.2213
59.3005	24.2502
59.4139	24.2791
59.5292	24.2021
59.6501	24.1828
59.7661	24.2695
59.8860	24.3272
60.0014	24.2791
60.1145	24.1347
60.2305	24.2021
60.3457	24.1924
60.4633	24.1732
60.5798	24.2309
60.6956	24.2887
60.8118	24.2406
60.9291	24.2695
61.0499	24.2309
61.1647	24.2887
61.2799	24.2021
61.3992	24.3176
61.5130	24.3176
61.6289	24.2213
61.7437	24.2117
61.8600	24.1058
61.9750	24.1635
62.0909	24.2406
62.2065	24.3465
62.3212	24.2695
62.4330	24.1828
62.5481	24.2117
62.6617	24.2695
62.7811	24.1635
62.8949	24.1924
63.0095	24.2021
63.1283	24.2598
63.2419	24.1154
63.3579	24.2117
63.4734	24.2021
63.5894	24.1828
63.7043	24.2791
63.8199	24.2309
63.9351	24.1828
64.0543	24.2117
64.1686	24.1924
64.2827	24.1347
64.4001	24.1154
64.5154	24.2791
64.6284	24.1732
64.7430	24.1924
64.8576	24.1828
64.9708	24.2791
65.0855	24.1828
65.2000	24.2502
65.3144	24.2021
65.4298	24.2598
65.5429	24.1539
65.6565	24.2309
65.7715	24.2021
65.8887	24.1347
66.0084	24.2213
66.1285	24.2406
66.2422	24.1828
66.3601	24.1443
66.4777	24.2213
66.5956	24.2213
66.7151	24.2791
66.8350	24.1347
66.9542	24.0865
67.0708	24.1443
67.1899	24.2887
67.3043	24.2021
67.4182	24.2213
67.5322	24.2213
67.6473	24.1828
67.7616	24.2309
67.8777	24.2117
67.9938	24.1154
68.1096	24.1828
68.2255	24.2117
68.3428	24.2213
68.4619	24.2502
68.5766	24.2598
68.6937	24.2406
68.8095	24.2791
68.9258	24.1250
69.0418	24.1539
69.1598	24.2406
69.2730	24.1732
69.3884	24.0769
69.5031	24.2598
69.6176	24.2117
69.7320	24.1924
69.8465	24.2309
69.9605	24.1058
70.0741	24.1828
70.1892	24.1347
70.3094	24.2213
70.4254	24.2213
70.5412	24.0673
70.6579	24.1635
70.7737	24.2598
70.8938	24.2406
71.0096	24.1924
71.1249	24.2309
71.2399	24.1443
71.3545	24.2021
71.4743	24.2117
71.5905	24.1924
71.7115	24.2021
71.8247	24.0673
71.9408	24.1539
72.0575	24.0865
72.1731	24.0673
72.2927	24.2309
72.4127	24.2021
72.5261	24.1635
72.6477	24.1828
72.7635	24.1539
72.8819	24.1924
73.0000	24.2598
73.1157	24.1539
73.2301	24.1732
73.3472	24.2406
73.4619	24.2021
73.5765	24.2117
73.6956	24.1828
73.8091	24.0865
73.9270	24.0865
74.0438	24.1539
74.1587	24.2598
74.2710	24.1924
74.3885	24.2406
74.5060	24.1443
74.6255	24.1828
74.7430	24.2021
74.8591	24.1732
74.9746	24.1635
75.0945	24.1443
75.2104	24.1828
75.3281	24.1924
75.4460	24.1539
75.5624	24.0961
75.6774	24.1154
75.7920	24.1154
75.9096	24.3080
76.0297	24.1635
76.1492	24.2021
76.2651	24.1924
76.3761	24.2213
76.4925	24.1347
76.6060	24.1924
76.7204	24.1635
76.8348	24.2117
76.9519	24.1635
77.0683	24.2791
77.1844	24.1924
77.2998	24.2598
77.4182	24.2021
77.5345	24.1828
77.6508	24.1347
77.7668	24.1924
77.8864	24.2406
78.0038	24.1347
78.1192	24.1539
78.2358	24.2021
78.3503	24.2406
78.4645	24.1924
78.5844	24.1635
78.6982	24.1828
78.8128	24.1924
78.9301	24.0865
79.0450	24.1828
79.1598	24.1635
79.2753	24.1924
79.3901	24.2117
79.5126	24.1924
79.6280	24.1828
79.7475	24.0384
79.8669	24.1347
79.9799	24.1732
80.0984	24.1347
80.2150	24.2213
80.3311	24.2117
80.4492	24.1828
80.5628	24.1924
80.6811	24.2021
80.7966	24.1347
80.9132	24.1058
81.0281	24.1539
81.1425	24.2021
81.2603	24.0865
81.3767	24.2117
81.4906	24.2117
81.6078	24.1828
81.7284	24.1732
81.8424	24.1635
81.9580	24.2117
82.0734	24.1250
82.1935	24.2502
82.3098	24.1924
82.4292	24.1828
82.5457	24.1635
82.6596	24.0961
82.7762	24.2309
82.8955	24.1732
83.0175	24.2406
83.1343	24.2213
83.2500	24.1924
83.3662	24.1732
83.4813	24.1443
83.5975	24.1828
83.7122	24.1828
83.8277	24.1154
83.9478	24.1924
84.0638	24.1732
84.1775	24.1154
84.2929	24.1058
84.4097	24.2598
84.5290	24.2021
84.6456	24.0769
84.7589	24.2117
84.8783	24.1443
84.9949	24.1250
85.1101	24.1443
85.2292	24.1443
85.3453	24.1347
85.4755	24.2021
85.6049	24.1443
85.7191	24.2021
85.8384	24.1828
85.9570	24.1443
86.0722	24.1828
86.1901	24.2117
86.3077	24.1828
86.4265	24.2791
86.5415	24.2117
86.6605	24.1443
86.7768	24.1154
86.8927	24.2309
87.0085	24.2021
87.1253	24.2021
87.2441	24.0095
87.3626	24.1539
87.4846	24.1635
87.6007	24.0865
87.7164	24.1539
87.8353	24.2021
87.9514	24.2021
88.0714	24.2021
88.1857	24.1250
88.3015	24.2695
88.4208	24.0769
88.5358	24.1828
88.6503	24.1154
88.7690	24.2695
88.8876	24.1828
89.0023	24.1058
89.1181	24.2213
89.2313	24.1635
89.3447	24.1924
89.4584	24.2021
89.5739	24.1250
89.6929	24.1635
89.8126	24.2695
89.9292	24.2598
90.0446	24.1635
90.1599	24.1443
90.2729	24.0961
90.3885	24.2117
90.5037	24.1924
90.6186	24.2021
90.7334	24.2309
90.8542	24.2309
90.9691	24.1154
91.0867	24.2117
91.1996	24.1539
91.3128	24.1828
91.4265	24.0961
91.5414	24.1250
91.6555	24.1828
91.7736	24.1250
91.8892	24.2695
92.0026	24.1635
92.1224	24.2117
92.2388	24.0865
92.3536	24.1154
92.4684	24.2213
92.5883	24.1732
92.7000	24.0865
92.8170	24.0095
92.9386	24.1154
93.0575	24.0865
93.1778	24.2598
93.2942	24.1732
93.4109	24.1635
93.5274	24.1828
93.6491	24.2213
93.7661	24.1250
93.8860	24.1732
94.0027	24.1828
94.1179	24.1539
94.2361	24.1635
94.3524	24.1347
94.4685	24.1924
94.5842	24.1924
94.7057	24.1732
94.8234	24.1924
94.9462	24.1154
95.0631	24.1250
95.1784	24.1154
95.2990	24.2021
95.4153	24.0576
95.5306	24.1732
95.6462	24.2021
95.7607	24.1250
95.8773	24.1539
95.9927	24.1347
96.1119	24.1924
96.2259	24.2213
96.3416	24.1924
96.4593	24.0769
96.5742	24.0865
96.6909	24.1828
96.8075	24.1828
96.9235	24.1250
97.0422	24.2021
97.1604	24.1058
97.2745	24.1347
97.3889	24.2213
97.5061	24.1250
97.6248	24.1250
97.7411	24.2021
97.8571	24.2021
97.9781	24.1635
98.0937	24.2213
98.2085	24.1154
98.3244	24.1924
98.4402	24.1828
98.5561	24.1828
98.6768	24.1250
98.7917	24.1539
98.9155	24.1539
99.0302	24.1924
99.1496	24.1828
99.2644	24.1058
99.3838	24.2598
99.5045	24.2598
99.6211	24.1732
99.7372	24.1154
99.8537	24.1539
99.9696	24.1828
100.0883	24.1635
100.2024	24.2021
100.3174	24.1250
100.4401	24.1635
100.5566	24.1250
100.6765	24.1635
100.7915	24.3080
100.9076	24.1635
101.0246	24.2117
101.1384	24.1058
101.2521	24.1732
101.3677	24.2406
101.4825	24.1924
101.5998	24.1539
101.7162	24.1828
101.8308	24.2117
101.9501	24.3272
102.0669	24.2213
102.1819	24.0576
102.2959	24.1539
102.4102	24.1347
102.5245	24.1250
102.6399	24.2213
102.7573	24.2598
102.8714	24.2117
102.9911	24.1828
103.1108	24.0865
103.2257	24.1539
103.3405	24.0961
103.4572	24.1347
103.5724	24.1635
103.6906	24.1347
103.8079	24.1347
103.9250	24.2021
104.0415	24.2309
104.1575	24.1539
104.2707	24.2213
104.3859	24.1154
104.5001	24.1732
104.6175	24.1732
104.7328	24.2213
104.8495	24.1924
104.9661	24.1347
105.0813	24.1443
105.1957	24.2598
105.3087	24.2117
105.4256	24.1924
105.5418	24.2021
105.6575	24.2406
105.7758	24.2406
105.8907	24.0769
106.0051	24.2695
106.1206	24.1924
106.2377	24.0961
106.3537	24.1443
106.4716	24.1539
106.5872	24.1828
106.7034	24.1828
106.8193	24.1828
106.9365	24.1154
107.0504	24.1443
107.1649	24.2502
107.2845	24.2021
107.4061	24.2213
107.5276	24.1443
107.6446	24.1924
107.7612	24.1539
107.8775	24.1732
107.9918	24.1828
108.1088	24.1154
108.2237	24.2406
108.3387	24.1347
108.4543	24.0769
108.5693	24.1924
108.6841	24.2598
108.8076	24.1154
108.9247	24.1443
109.0407	24.1635
109.1554	24.1828
109.2698	24.1443
109.3862	24.2309
109.5054	24.2309
109.6197	24.2117
109.7346	24.1732
109.8494	24.2117
109.9710	24.2021
110.0854	24.1732
110.1996	24.2213
110.3181	24.2695
110.4324	24.2502
110.5491	24.0865
110.6630	24.1828
110.7775	24.2309
110.8915	24.1635
111.0074	24.2213
111.1236	24.2021
111.2400	24.2406
111.3577	24.1732
111.4719	24.1924
111.5869	24.1154
111.7064	24.2213
111.8227	24.1154
111.9393	24.1250
112.0556	24.2309
112.1754	24.1924
112.2918	24.2791
112.4096	24.1154
112.5246	24.1732
112.6415	24.1732
112.7578	24.1539
112.8725	24.1828
112.9896	24.0961
113.1052	24.1635
113.2201	24.2983
113.3395	24.1443
113.4536	24.2406
113.5821	24.2117
113.6996	24.2117
113.8145	24.1250
113.9361	24.2117
114.0561	24.2309
114.1731	24.2213
114.2937	24.1635
114.4107	24.2406
114.5287	24.1347
114.6450	24.2406
114.7579	24.2213
114.8748	24.1635
114.9922	24.2502
115.1075	24.1732
115.2208	24.2598
115.3368	24.1154
115.4559	24.1924
115.5707	24.1539
115.6860	24.2695
115.8001	24.2502
115.9158	24.1732
116.0355	24.1828
116.1516	24.2021
116.2675	24.2309
116.3827	24.1828
116.5020	24.2791
116.6172	24.2021
116.7318	24.1347
116.8457	24.2021
116.9672	24.2502
117.0838	24.2213
117.2045	24.1443
117.3235	24.3272
117.4389	24.2309
117.5542	24.2791
117.6712	24.2309
117.7872	24.2213
117.9085	24.2117
118.0242	24.1058
118.1426	24.1635
118.2605	24.2406
118.3757	24.2309
118.4940	24.2598
118.6111	24.1732
118.7283	24.2791
118.8461	24.2309
118.9631	24.1443
119.0817	24.2213
119.1992	24.1635
119.3190	24.2117
119.4353	24.2021
119.5499	24.2021
119.6705	24.1924
119.7867	24.3369
119.9046	24.2598
120.0217	24.1154
120.1361	24.2021
120.2538	24.2117
120.3701	24.2983
120.4846	24.0961
120.5981	24.1443
120.7125	24.2213
120.8301	24.2117
120.9448	24.2406
121.0625	24.1828
121.1800	24.1250
121.2954	24.2021
121.4115	24.1732
121.5349	24.2695
121.6533	24.2791
121.7689	24.2502
121.8859	24.2117
122.0021	24.1732
122.1180	24.2791
122.2321	24.2309
122.3454	24.2117
122.4594	24.2213
122.5745	24.2213
122.6905	24.1347
122.8087	24.2406
122.9225	24.1828
123.0364	24.2502
123.1515	24.2117
123.2661	24.1635
123.3827	24.1732
123.4967	24.2213
123.6116	24.2117
123.7253	24.1924
123.8427	24.2406
123.9599	24.1635
124.0742	24.1347
124.1903	24.2502
124.3068	24.2309
124.4219	24.2791
124.5391	24.1539
124.6571	24.2598
124.7736	24.2887
124.8972	24.2983
125.0147	24.2021
125.1369	24.1635
125.2533	24.1828
125.3688	24.2598
125.4825	24.2406
125.5967	24.2695
125.7141	24.2213
125.8352	24.2021
125.9501	24.2983
126.0670	24.3272
126.1856	24.3850
126.2996	24.1250
126.4156	24.2021
126.5281	24.1828
126.6453	24.2887
126.7670	24.2598
126.8876	24.1732
127.0043	24.2309
127.1266	24.1635
127.2428	24.2021
127.3586	24.2502
127.4752	24.1828
127.5961	24.2021
127.7127	24.2309
127.8280	24.2021
127.9469	24.2213
128.0630	24.2406
128.1776	24.3369
128.2979	24.2309
128.4155	24.1635
128.5338	24.1732
128.6474	24.2406
128.7660	24.2406
128.8838	24.2983
129.0033	24.3272
129.1204	24.2598
129.2353	24.2213
129.3493	24.4043
129.4645	24.1828
129.5810	24.1539
129.6948	24.1924
129.8101	24.2309
129.9304	24.2021
130.0461	24.1732
130.1649	24.2598
130.2861	24.1443
130.4034	24.2887
130.5198	24.2598
130.6399	24.2021
130.7567	24.2406
130.8741	24.2309
130.9915	24.2887
131.1052	24.1732
131.2216	24.2117
131.3390	24.2887
131.4574	24.2791
131.5739	24.2117
131.6904	24.2791
131.8093	24.1443
131.9241	24.2117
132.0399	24.2791
132.1573	24.3176
132.2715	24.3946
132.3846	24.2598
132.4992	24.2309
132.6126	24.0865
132.7262	24.2598
132.8451	24.3080
132.9651	24.2406
133.0806	24.1154
133.1980	24.1635
133.3142	24.1924
133.4299	24.1443
133.5399	24.2021
133.6515	24.2406
133.7684	24.3272
133.8827	24.2309
133.9977	24.2695
134.1170	24.2791
134.2340	24.3465
134.3514	24.2309
134.4657	24.3465
134.5862	24.2695
134.7005	24.3176
134.8161	24.1924
134.9304	24.2695
135.0452	24.3176
135.1619	24.2983
135.2764	24.2695
135.3911	24.2309
135.5059	24.2887
135.6265	24.2117
135.7395	24.1250
135.8564	24.0769
135.9764	24.2117
136.0925	24.1924
136.2075	24.2406
136.3245	24.2791
136.4401	24.2213
136.5605	24.3176
136.6782	24.2309
136.7993	24.3465
136.9156	24.3658
137.0328	24.2983
137.1490	24.2695
137.2640	24.3465
137.3801	24.2117
137.4970	24.3176
137.6130	24.1828
137.7267	24.2695
137.8410	24.3080
137.9569	24.2502
138.0761	24.2695
138.1919	24.2983
138.3069	24.2791
138.4285	24.2021
138.5420	24.2213
138.6571	24.1635
138.7778	24.2406
138.8915	24.2695
139.0078	24.2309
139.1250	24.2309
139.2451	24.2983
139.3617	24.3080
139.4766	24.3658
139.5951	24.2213
139.7082	24.2887
139.8253	24.1058
139.9444	24.1539
140.0581	24.2021
140.1721	24.2406
140.2901	24.2213
140.4054	24.2983
140.5241	24.2117
140.6405	24.1828
140.7562	24.3369
140.8763	24.2406
140.9983	24.2502
141.1143	24.2598
141.2302	24.2598
141.3472	24.1539
141.4635	24.2791
141.5785	24.2021
141.6985	24.2502
141.8125	24.2887
141.9308	24.3369
142.0488	24.0961
142.1625	24.2983
142.2778	24.2791
142.3917	24.1924
142.5084	24.2502
142.6235	24.3080
142.7410	24.2117
142.8565	24.1828
142.9716	24.2695
143.0884	24.2309
143.2056	24.2117
143.3233	24.2117
143.4375	24.1924
143.5532	24.1828
143.6685	24.2213
143.7857	24.2309
143.9003	24.2309
144.0167	24.2213
144.1319	24.1828
144.2499	24.2598
144.3676	24.2598
144.4919	24.1924
144.6075	24.3369
144.7194	24.4043
144.8339	24.2791
144.9490	24.2406
145.0676	24.4235
145.1809	24.2791
145.2954	24.2021
145.4088	24.2502
145.5228	24.2791
145.6388	24.4524
145.7550	24.2117
145.8698	24.4332
145.9848	24.2791
146.1048	24.2213
146.2219	24.1828
146.3375	24.2406
146.4557	24.2502
146.5716	24.3272
146.6891	24.2887
146.8067	24.2309
146.9239	24.3080
147.0420	24.2502
147.1602	24.2406
147.2788	24.1635
147.3936	24.3176
147.5123	24.2021
147.6270	24.1732
147.7449	24.2309
147.8621	24.2791
147.9781	24.1154
148.0936	24.1732
148.2091	24.2406
148.3241	24.3272
148.4421	24.2983
148.5574	24.3080
148.6735	24.2406
148.7927	24.2695
148.9097	24.2887
149.0281	24.2213
149.1442	24.3272
149.2623	24.2213
149.3758	24.1732
149.4907	24.1635
149.6072	24.2213
149.7281	24.1924
149.8426	24.2213
149.9573	24.2213
150.0748	24.3369
150.1891	24.2309
150.3097	24.2598
150.4234	24.2983
150.5401	24.2213
150.6537	24.2598
150.7679	24.2791
150.8825	24.3658
150.9984	24.2117
151.1125	24.1539
151.2287	24.2309
151.3470	24.1924
151.4624	24.1732
151.5839	24.2309
151.7003	24.2309
151.8162	24.2502
151.9318	24.3080
152.0464	24.2309
152.1602	24.1732
152.2733	24.2117
152.3905	24.2406
152.5079	24.2791
152.6238	24.2695
152.7398	24.2021
152.8586	24.2117
152.9739	24.2406
153.0887	24.2117
153.2060	24.2502
153.3236	24.1828
153.4389	24.2021
153.5575	24.2117
153.6800	24.2791
153.8010	24.1828
153.9198	24.2213
154.0365	24.1924
154.1541	24.0961
154.2666	24.2309
154.3809	24.2213
154.4949	24.2213
154.6154	24.2117
154.7358	24.2502
154.8529	24.0480
154.9707	24.1924
155.0857	24.1732
155.2064	24.2117
155.3227	24.2213
155.4390	24.2502
155.5533	24.2309
155.6696	24.2117
155.7862	24.2502
155.9015	24.2309
156.0153	24.0769
156.1342	24.2117
156.2499	24.2598
156.3695	24.2406
156.4897	24.2791
156.6050	24.1539
156.7258	24.1924
156.8476	24.2213
156.9619	24.1828
157.0779	24.2117
157.1956	24.2983
157.3141	24.1828
157.4293	24.1924
157.5463	24.1828
157.6614	24.2117
157.7800	24.1732
157.8986	24.1539
158.0164	24.1924
158.1324	24.2213
158.2465	24.2117
158.3657	24.1154
158.4829	24.1732
158.5990	24.1828
158.7165	24.1635
158.8353	24.1250
158.9526	24.1539
159.0696	24.1924
159.1865	24.1635
159.3031	24.2117
159.4195	24.2021
159.5374	24.2117
159.6537	24.1443
159.7712	24.1924
159.8859	24.1443
160.0037	24.2117
160.1205	24.1250
160.2381	24.2502
160.3573	24.1732
160.4761	24.2117
160.5991	24.2502
160.7187	24.1539
160.8363	24.1924
160.9534	24.1250
161.0710	24.2598
161.1863	24.1443
161.3030	24.2213
161.4197	24.1539
161.5364	24.2021
161.6516	24.1635
161.7673	24.1539
161.8844	24.1635
161.9985	24.1635
162.1182	24.1058
162.2312	24.1539
162.3471	24.1347
162.4665	24.0865
162.5808	24.2021
162.6970	24.1924
162.8117	24.0961
162.9310	24.1828
163.0464	24.1828
163.1659	24.1828
163.2820	24.2309
163.3994	24.1347
163.5153	24.1924
163.6277	24.2309
163.7450	24.1250
163.8653	24.3080
163.9805	24.2309
164.0946	24.1058
164.2085	24.2309
164.3226	24.1635
164.4392	24.2502
164.5563	24.1250
164.6741	24.2117
164.7887	24.1828
164.9044	24.2887
165.0220	24.1250
165.1352	24.1539
165.2544	24.2117
165.3693	24.1828
165.4870	24.1828
165.6069	24.1539
165.7235	24.2309
165.8396	24.1250
165.9566	24.1347
166.0746	24.2791
166.1888	24.1058
166.3064	24.1924
166.4235	24.1539
166.5390	24.1250
166.6570	24.1250
166.7732	24.2598
166.8904	24.2309
167.0083	24.1635
167.1278	24.1924
167.2446	24.2117
167.3618	24.2213
167.4773	24.1635
167.5961	24.1732
167.7183	24.2213
167.8356	24.1924
167.9492	24.1347
168.0645	24.2117
168.1834	24.2887
168.2989	24.1443
168.4157	24.1154
168.5384	24.1828
168.6541	24.2309
168.7738	24.0769
168.8886	24.2117
169.0063	24.1539
169.1209	24.2117
169.2368	24.2502
169.3522	24.1154
169.4683	24.2021
169.5876	24.1250
169.7022	24.1732
169.8186	24.2213
169.9353	24.1635
170.0541	24.1347
170.1719	24.1635
170.2850	24.0961
170.4024	24.2502
170.5154	24.2309
170.6310	24.2887
170.7449	24.1828
170.8655	24.0865
170.9810	24.1250
171.0969	24.2213
171.2193	24.0961
171.3366	24.1539
171.4531	24.2021
171.5692	24.2213
171.6828	24.1635
171.7984	24.1347
171.9116	24.1732
172.0275	24.2791
172.1487	24.1154
172.2627	24.1635
172.3804	24.1443
172.4958	24.1924
172.6090	24.2598
172.7258	24.1924
172.8452	24.1828
172.9654	24.2021
173.0812	24.2213
173.1995	24.1924
173.3164	24.2309
173.4354	24.1828
173.5553	24.0961
173.6765	24.1058
173.7956	24.1828
173.9152	24.2695
174.0385	24.3176
174.1559	24.2887
174.2739	24.1347
174.3881	24.1347
174.5078	24.2021
174.6235	24.2021
174.7396	24.1732
174.8564	24.2021
174.9734	24.2598
175.0887	24.1443
175.2059	24.2021
175.3214	24.1635
175.4371	24.1828
175.5524	24.1732
175.6665	24.1539
175.7834	24.2598
175.8971	24.2502
176.0155	24.1539
176.1310	24.1635
176.2460	24.2021
176.3616	24.2598
176.4803	24.1539
176.5955	24.1250
176.7123	24.1058
176.8280	24.1154
176.9480	24.2021
177.0671	24.2213
177.1813	24.1250
177.2949	24.1828
177.4107	24.2309
177.5275	24.1443
177.6421	24.2021
177.7575	24.1058
177.8730	24.2117
177.9896	24.1828
178.1086	24.1250
178.2285	24.1635
178.3454	24.2213
178.4610	24.0673
178.5769	24.2021
178.6980	24.2502
178.8158	24.2213
178.9337	24.2021
179.0489	24.1443
179.1652	24.2309
179.2853	24.1250
179.4032	24.2117
179.5170	24.2213
179.6325	24.2213
179.7480	24.1347
179.8684	24.1154
179.9856	24.1539
180.1004	24.1635
180.2153	24.2213
180.3312	24.0865
180.4503	24.1732
180.5660	24.1924
180.6803	24.1635
180.7943	24.0961
180.9082	24.1828
181.0239	24.1250
181.1393	24.1539
181.2570	24.2406
181.3790	24.2887
181.4984	24.0865
181.6113	24.2309
181.7276	24.0961
181.8438	24.1732
181.9638	24.1732
182.0815	24.1828
182.1990	24.2117
182.3139	24.1924
182.4281	24.2598
182.5410	24.2309
182.6580	24.2117
182.7737	24.2117
182.8908	24.2309
183.0073	24.1924
183.1236	24.1539
183.2392	24.0673
183.3544	24.2309
183.4692	24.1924
183.5856	24.1732
183.6999	24.0288
183.8163	24.1250
183.9326	24.1250
184.0487	24.1347
184.1652	24.1924
184.2853	24.2983
184.4021	24.1347
184.5160	24.1250
184.6311	24.2213
184.7465	24.1635
184.8624	24.1443
184.9801	24.1732
185.0953	24.2406
185.2185	24.1828
185.3325	24.2406
185.4464	24.1347
185.5632	24.2309
185.6760	24.1732
185.7941	24.2309
185.9127	24.1443
186.0281	24.2406
186.1475	24.1635
186.2622	24.1828
186.3810	24.1539
186.4979	24.1347
186.6110	24.2406
186.7231	24.1443
186.8395	24.2213
186.9564	24.2213
187.0782	24.2598
187.2002	24.1250
187.3160	24.1635
187.4317	24.1924
187.5469	24.2213
187.6614	24.1443
187.7773	24.1154
187.8979	24.1635
188.0121	24.1924
188.1273	24.1443
188.2456	24.1828
188.3616	24.2406
188.4770	24.1828
188.5963	24.1154
188.7116	24.1635
188.8331	24.2309
188.9507	24.1539
189.0670	24.0961
189.1818	24.1732
189.2953	24.1732
189.4090	24.1732
189.5257	24.1443
189.6440	24.3272
189.7588	24.1539
189.8732	24.1443
189.9875	24.1539
190.1058	24.1250
190.2276	24.2021
190.3431	24.1732
190.4582	24.1732
190.5733	24.1154
190.6900	24.2021
190.8078	24.2309
190.9238	24.2021
191.0380	24.0865
191.1564	24.0769
191.2720	24.1347
191.3897	24.2213
191.5074	24.1635
191.6247	24.0480
191.7436	24.1635
191.8580	24.0865
191.9729	24.1058
192.0894	24.1154
192.2033	24.1924
192.3190	24.0769
192.4352	24.1443
192.5509	24.0865
192.6650	24.1924
192.7872	24.1635
192.9041	24.1443
193.0188	24.1539
193.1333	24.2406
193.2469	24.2406
193.3608	24.2502
193.4792	24.1058
193.5938	24.1058
193.7082	24.1539
193.8234	24.1443
193.9421	24.1732
194.0628	24.0480
194.1776	24.1250
194.2950	24.1635
194.4166	24.1058
194.5312	24.0961
194.6505	24.1347
194.7665	24.1347
194.8820	24.1347
194.9980	24.2021
195.1165	24.1347
195.2336	24.0576
195.3499	24.1539
195.4649	24.1347
195.5804	24.1539
195.7011	24.1635
195.8155	24.1347
195.9315	24.1732
196.0469	24.2117
196.1604	24.0480
196.2750	24.1539
196.3898	24.1058
196.5060	24.0288
196.6220	24.2117
196.7375	24.0865
196.8538	24.1250
196.9693	24.1828
197.0860	24.1828
197.2012	24.0384
197.3169	24.1635
197.4321	24.1732
197.5528	24.1635
197.6694	24.0961
197.7874	24.1443
197.9075	24.2502
198.0234	24.1732
198.1413	24.1732
198.2576	24.1154
198.3730	24.0384
198.4897	24.1635
198.6034	24.0769
198.7201	24.1058
198.8372	24.1732
198.9541	24.0865
199.0718	24.0191
199.1894	24.1347
199.3046	24.1443
199.4210	24.1058
199.5394	24.2021
199.6580	24.1828
199.7800	24.0961
199.8979	24.1828
200.0187	24.0576
200.1351	24.0673
200.2500	24.2117
200.3670	24.1058
200.4813	24.2117
200.5973	24.1732
200.7156	24.0769
200.8328	24.1347
200.9461	24.2309
201.0619	24.1924
201.1806	24.2309
201.2943	24.2021
201.4107	24.0673
201.5267	24.3272
201.6475	24.0384
201.7607	24.2502
201.8805	24.1924
201.9938	24.1924
202.1082	24.1154
202.2229	24.1539
202.3387	24.1250
202.4571	24.1635
202.5767	24.2117
202.6951	24.1732
202.8137	24.2695
202.9311	24.0865
203.0448	24.1924
203.1615	24.2406
203.2768	24.1732
203.3956	24.1732
203.5114	24.1250
203.6297	24.1347
203.7497	24.0961
203.8660	24.1443
203.9872	24.2695
204.1060	24.2309
204.2227	24.1154
204.3408	24.1828
204.4559	24.1443
204.5737	24.1539
204.6872	24.0769
204.8039	24.1539
204.9250	24.1443
205.0405	24.0865
205.1547	24.2502
205.2678	24.0480
205.3820	24.1828
205.5016	24.2406
205.6185	24.0480
205.7350	24.0480
205.8527	24.1443
205.9665	24.0480
206.0809	24.0961
206.2006	23.9999
206.3193	24.1732
206.4348	24.2117
206.5515	24.1443
206.6660	24.2021
206.7841	24.1250
206.9000	24.1635
207.0153	24.2213
207.1311	24.1058
207.2451	24.0961
207.3609	24.0865
207.4762	24.1828
207.5949	24.1635
207.7091	24.1732
207.8236	24.1154
207.9389	24.1828
208.0563	24.1828
208.1730	24.1732
208.2870	24.2117
208.4080	24.3369
208.5227	24.1924
208.6385	24.2502
208.7555	24.1443
208.8719	24.0480
208.9889	24.1443
209.1054	24.0288
209.2236	24.0961
209.3393	23.9999
209.4560	24.1250
209.5735	24.1732
209.6895	24.2406
209.8109	24.1539
209.9281	24.0961
210.0438	24.1058
210.1610	24.0769
210.2791	24.0865
210.3943	24.1347
210.5099	24.1635
210.6234	24.1443
210.7372	24.1828
210.8513	24.1347
210.9683	24.1828
211.0830	24.0865
211.2005	24.0480
211.3169	24.1732
211.4310	24.1154
211.5460	24.1443
211.6613	24.0769
211.7773	24.1539
211.8931	24.1924
212.0094	24.2021
212.1243	24.0961
212.2355	24.1250
212.3469	24.1347
212.4585	24.0191
212.5690	24.2406
212.6847	24.1924
212.7985	24.1635
212.9166	24.1443
213.0305	24.0673
213.1497	24.1154
213.2647	24.1347
213.3809	24.1828
213.4982	24.2021
213.6135	24.0865
213.7301	24.2021
213.8501	24.1732
213.9659	24.0673
214.0810	24.1347
214.1977	24.1732
214.3164	24.0961
214.4322	24.1347
214.5477	24.2406
214.6650	24.1443
214.7811	24.0673
214.8975	24.1924
215.0141	24.1058
215.1306	24.0576
215.2457	24.2213
215.3642	24.1347
215.4817	24.1539
215.5990	24.2502
215.7151	24.0673
215.8356	24.1635
215.9518	24.0191
216.0702	24.1635
216.1851	24.2021
216.3019	24.1154
216.4187	24.2598
216.5367	24.1250
216.6590	24.0673
216.7812	24.1443
216.9005	24.1635
217.0155	24.0769
217.1316	24.1154
217.2465	24.1924
217.3619	24.1443
217.4773	24.1635
217.5948	24.2117
217.7110	24.2983
217.8281	24.1250
217.9447	24.2406
218.0614	24.1924
218.1771	24.0769
218.2943	24.1635
218.4103	24.0576
218.5310	24.1443
218.6465	24.1058
218.7644	24.1732
218.8808	24.1250
218.9953	24.1154
219.1120	24.0769
219.2309	24.2021
219.3500	24.1539
219.4644	24.1635
219.5807	24.2021
219.6971	24.1539
219.8109	24.0961
219.9270	24.1732
220.0432	24.1828
220.1596	24.0769
220.2757	24.0961
220.3899	24.1924
220.5056	24.1347
220.6227	24.2887
220.7403	24.1828
220.8573	24.1635
220.9750	24.1058
221.0977	24.1250
221.2143	24.0865
221.3306	24.0961
221.4448	24.1058
221.5651	24.1058
221.6814	24.0769
221.7986	24.1443
221.9120	24.1924
222.0268	24.0865
222.1460	24.2309
222.2621	24.1154
222.3762	24.1924
222.4932	24.1828
222.6119	24.0865
222.7286	24.1154
222.8435	24.1924
222.9657	24.2021
223.0851	24.1539
223.2019	24.1154
223.3190	24.1443
223.4389	24.2309
223.5592	24.1539
223.6752	24.0480
223.7910	24.0865
223.9055	24.0769
224.0235	24.1347
224.1390	24.2502
224.2600	24.1635
224.3802	24.0384
224.4964	24.1347
224.6143	24.1924
224.7310	24.1443
224.8498	24.0288
224.9654	24.1250
225.0880	24.0769
225.2093	24.2021
225.3301	24.0576
225.4459	24.1154
225.5620	24.0480
225.6770	24.1347
225.7975	24.0961
225.9178	24.0961
226.0340	24.1347
226.1509	24.1443
226.2659	24.1154
226.3825	24.0576
226.5017	24.1250
226.6159	24.0576
226.7337	24.0865
226.8501	24.0769
226.9663	24.0865
227.0813	24.0288
227.1977	24.0480
227.3164	23.9999
227.4372	24.1443
227.5533	24.1058
227.6707	24.0673
227.7895	24.1924
227.9049	24.0673
228.0257	24.1250
228.1395	24.0865
228.2576	24.0095
228.3725	24.1443
228.4883	24.1635
228.6069	23.9806
228.7251	24.0384
228.8391	24.0673
228.9541	24.0480
229.0721	24.1250
229.1867	24.1250
229.3062	24.0673
229.4272	24.1924
229.5440	24.0769
229.6634	24.2695
229.7785	24.1347
229.8929	24.1635
230.0070	24.1058
230.1217	24.2309
230.2401	24.1347
230.3542	23.9517
230.4699	24.0769
230.5833	24.1924
230.6985	24.0480
230.8154	24.1250
230.9336	24.1443
231.0481	24.0961
231.1618	24.1732
231.2763	24.0769
231.3910	24.0576
231.5068	23.9710
231.6224	24.1635
231.7412	24.2309
231.8602	23.9999
231.9763	24.0673
232.0920	24.1443
232.2078	24.0769
232.3222	24.0769
232.4350	24.1635
232.5507	24.0961
232.6665	24.0480
232.7808	24.0865
232.8989	24.1058
233.0155	24.0769
233.1379	24.1347
233.2560	24.0865
233.3720	24.1539
233.4887	24.1635
233.6054	24.1732
233.7245	24.0769
233.8410	24.0961
233.9602	24.0576
234.0774	24.1347
234.1939	24.1347
234.3129	24.0095
234.4275	24.0288
234.5438	24.0576
234.6608	24.0961
234.7767	24.1058
234.8979	23.9903
235.0125	24.1443
235.1273	24.0480
235.2457	23.9903
235.3607	24.0288
235.4796	23.9999
235.5976	24.0095
235.7171	24.0384
235.8338	24.0288
235.9483	24.1058
236.0648	24.1058
236.1853	24.0095
236.2980	24.0865
236.4118	24.0480
236.5269	24.0384
236.6463	24.0865
236.7607	24.0095
236.8824	24.1154
236.9994	24.0288
237.1164	24.1058
237.2379	24.1828
237.3539	24.1250
237.4713	23.9999
237.5869	23.9806
237.7084	23.9710
237.8253	24.0480
237.9452	24.1443
238.0615	24.1154
238.1795	24.0576
238.2934	24.0384
238.4095	24.0673
238.5268	24.1154
238.6454	24.1154
238.7659	24.0865
238.8827	24.0865
239.0039	24.0384
239.1205	24.0095
239.2389	24.0769
239.3552	24.1443
239.4714	24.0769
239.5911	24.0288
239.7079	24.0961
239.8252	23.9806
239.9434	24.0384
240.0595	24.1443
240.1803	24.1635
240.3000	24.0384
240.4164	24.1058
240.5314	24.0576
240.6546	24.0576
240.7732	24.1058
240.8936	24.0769
241.0100	24.1347
241.1274	24.1058
241.2436	24.1058
241.3573	24.1058
241.4789	24.0480
241.5973	24.0288
241.7110	24.0191
241.8333	24.1154
241.9487	24.0480
242.0696	24.0288
242.1902	24.0673
242.3061	24.0384
242.4282	24.0480
242.5442	24.1154
242.6625	24.0191
242.7805	24.1154
242.8949	24.0769
243.0102	24.0384
243.1267	24.0191
243.2427	24.1828
243.3604	24.0384
243.4806	24.0673
243.5977	24.0576
243.7159	24.0769
243.8320	24.0288
243.9529	23.9710
244.0705	24.1058
244.1896	24.0384
244.3069	24.0576
244.4232	24.0384
244.5383	24.1732
244.6563	23.9999
244.7709	24.0384
244.8929	24.0769
245.0121	24.0769
245.1263	24.0961
245.2486	23.9710
245.3625	24.0576
245.4765	24.0865
245.5929	24.0288
245.7075	24.0384
245.8230	23.9999
245.9422	24.0576
246.0604	24.0865
246.1791	24.0961
246.3014	24.0384
246.4136	24.0191
246.5264	24.0288
246.6470	24.0480
246.7666	23.9806
246.8843	23.9903
247.0015	23.9806
247.1187	24.1347
247.2348	24.0288
247.3507	24.0384
247.4654	23.9903
247.5797	24.0865
247.6975	23.9229
247.8139	24.0480
247.9287	24.0673
248.0470	24.0576
248.1638	23.9999
248.2822	23.9421
248.4006	24.0769
248.5165	24.0961
248.6342	24.0961
248.7516	24.0384
248.8674	23.9325
248.9805	24.0384
249.0948	23.9421
249.2112	23.9517
249.3284	24.1154
249.4436	24.0576
249.5607	23.9903
249.6762	24.0288
249.7972	24.0480
249.9154	24.0095
250.0302	23.9325
250.1453	24.1154
250.2635	24.0384
250.3769	24.0480
250.4951	23.9806
250.6126	24.0095
250.7262	24.0191
250.8422	23.9710
250.9651	24.0288
251.0820	23.9325
251.1982	24.0095
251.3147	24.0288
251.4358	24.1058
251.5505	23.9421
251.6653	23.9421
251.7799	24.0480
251.8971	23.9999
252.0178	24.0384
252.1365	24.0191
252.2589	24.0288
252.3799	24.0095
252.4932	23.9999
252.6110	24.1058
252.7285	24.0384
252.8445	23.9614
252.9602	24.0769
253.0775	24.0095
253.1925	24.1154
253.3085	24.0576
253.4249	24.0288
253.5464	24.1058
253.6609	23.9903
253.7766	23.9325
253.8939	24.0095
254.0109	23.9710
254.1269	24.0095
254.2430	24.0095
254.3583	24.0673
254.4724	23.9903
254.5919	23.9517
254.7074	24.0480
254.8298	24.0961
254.9470	23.9903
255.0625	23.9903
255.1777	24.0576
255.2929	23.8844
255.4079	23.9903
255.5263	23.9903
255.6426	24.1154
255.7614	24.1635
255.8784	24.1058
255.9965	24.0191
256.1123	24.0191
256.2299	24.1154
256.3494	24.0576
256.4642	23.9517
256.5819	24.0095
256.6978	24.0384
256.8110	24.0384
256.9279	23.9421
257.0430	23.9517
257.1593	24.0865
257.2719	24.0095
257.3883	24.0480
257.5060	23.9325
257.6216	23.9710
257.7431	23.7978
257.8596	24.0576
257.9754	23.9325
258.0937	23.9517
258.2089	24.0576
258.3267	23.9903
258.4445	24.0095
258.5658	24.0191
258.6819	23.9806
258.7977	24.0191
258.9112	23.9614
259.0258	24.0191
259.1400	24.1539
259.2539	24.1250
259.3732	23.9903
259.4903	24.1154
259.6114	23.9710
259.7262	23.9710
259.8454	24.0576
259.9641	24.0480
260.0806	23.9999
260.1985	23.9806
260.3206	24.0769
260.4379	24.0095
260.5546	24.1058
260.6718	23.9903
260.7883	23.9806
260.9089	24.0769
261.0262	23.9614
261.1434	24.0480
261.2603	24.0384
261.3788	24.0288
261.4940	23.9999
261.6083	24.0191
261.7289	24.0576
261.8425	23.9229
261.9603	24.0769
262.0769	24.1250
262.1932	24.1058
262.3102	24.1635
262.4293	24.0191
262.5466	24.0576
262.6608	24.0865
262.7777	24.0673
262.8945	24.0191
263.0112	23.9614
263.1274	24.0288
263.2462	24.1058
263.3610	23.9903
263.4770	24.0288
263.5926	24.0095
263.7105	23.9325
263.8248	24.0576
263.9407	24.0288
264.0594	24.0576
264.1775	24.0480
264.2914	23.9614
264.4093	24.0769
264.5280	24.0288
264.6458	24.0384
264.7604	23.8940
264.8749	23.9132
264.9967	23.9132
265.1121	23.9517
265.2267	24.0769
265.3432	24.0191
265.4605	24.0095
265.5991	23.9517
265.7151	23.9999
265.8316	23.9614
265.9482	23.8747
266.0642	24.0288
266.1812	23.9325
266.2983	24.0673
266.4163	23.9999
266.5344	23.9806
266.6533	23.9036
266.7704	23.9517
266.8897	24.0095
267.0101	23.8651
267.1257	24.0480
267.2439	24.0384
267.3610	23.9710
267.4762	24.0095
267.5930	23.9806
267.7094	24.0095
267.8273	23.9614
267.9428	24.0095
268.0574	24.0961
268.1797	23.9229
268.2925	24.0673
268.4092	23.9229
268.5247	23.9517
268.6463	24.0191
268.7618	24.0288
268.8788	23.9710
268.9937	23.9325
269.1109	24.0095
269.2262	24.0769
269.3453	24.0191
269.4615	24.0480
269.5812	23.9517
269.6966	24.0288
269.8140	23.9229
269.9299	24.0191
270.0463	24.0191
270.1623	24.0191
270.2800	23.9710
270.3974	23.9132
270.5142	24.0480
270.6295	23.9903
270.7480	24.0384
270.8631	24.0288
270.9783	23.9806
271.0940	24.0769
271.2110	23.9710
271.3302	23.9806
271.4482	23.9421
271.5622	24.0288
271.6870	23.9421
271.8046	23.9710
271.9216	24.0576
272.0382	23.9517
272.1553	24.0865
272.2710	23.9517
272.3881	23.9999
272.5040	23.9710
272.6212	23.9614
272.7394	24.0288
272.8582	24.0576
272.9757	23.9903
273.0925	23.9710
273.2066	24.0095
273.3221	24.0769
273.4404	23.9421
273.5579	23.9999
273.6767	23.9614
273.7931	23.9999
273.9112	24.0384
274.0269	24.0865
274.1418	23.9132
274.2578	23.9903
274.3716	23.9710
274.4884	23.9903
274.6069	24.0288
274.7257	23.9903
274.8422	23.9132
274.9621	24.0384
275.0795	24.0480
275.2014	23.9132
275.3206	23.8940
275.4355	24.0095
275.5552	24.0288
275.6769	23.9903
275.7926	24.0191
275.9099	23.9999
276.0250	23.9325
276.1415	23.9806
276.2593	24.0576
276.3788	23.8651
276.4978	23.9806
276.6119	23.8747
276.7311	23.9229
276.8479	23.9903
276.9618	23.9999
277.0755	23.9710
277.1931	24.0384
277.3087	23.9517
277.4257	24.0095
277.5427	24.0288
277.6606	23.9710
277.7796	24.0961
277.8982	23.9806
278.0166	24.1732
278.1315	24.0095
278.2503	24.0673
278.3672	23.8651
278.4835	23.9517
278.6004	23.8844
278.7183	23.9710
278.8378	24.0576
278.9566	24.0191
279.0741	23.9999
279.1936	23.9421
279.3093	24.0384
279.4294	24.0095
279.5431	23.9036
279.6590	24.1154
279.7794	23.9806
279.8965	24.0288
280.0129	24.0095
280.1297	23.9229
280.2481	24.0673
280.3620	23.9999
280.4763	23.9903
280.5945	23.9421
280.7107	23.9517
280.8298	24.0576
280.9443	23.9999
281.0630	23.9036
281.1774	24.1828
281.2919	24.1250
281.4087	23.8940
281.5284	24.0576
281.6426	24.0480
281.7614	24.0384
281.8759	24.0480
281.9940	24.1635
282.1150	23.8555
282.2299	23.8747
282.3496	23.9903
282.4658	23.9421
282.5834	24.0384
282.6999	24.0095
282.8150	24.0288
282.9310	24.0288
283.0516	23.9999
283.1693	24.1058
283.2841	23.9710
283.4008	23.9710
283.5168	24.0480
283.6309	23.9517
283.7457	23.9036
283.8590	24.0673
283.9791	24.0769
284.0983	23.9903
284.2148	24.0384
284.3345	24.0576
284.4498	24.0384
284.5669	24.1828
284.6873	24.0480
284.8024	23.9903
284.9234	24.0769
285.0398	24.0576
285.1563	23.9999
285.2718	23.9325
285.3900	24.0288
285.5058	23.9999
285.6236	23.9517
285.7394	23.9806
285.8549	23.9999
285.9696	24.0384
286.0866	23.9421
286.2005	23.9229
286.3141	23.8651
286.4296	24.0095
286.5524	23.9806
286.6692	24.0865
286.7852	23.9614
286.8990	23.7978
287.0152	24.0288
287.1307	23.9999
287.2479	23.9517
287.3678	24.0191
287.4839	24.1058
287.6010	24.0191
287.7167	23.9710
287.8319	24.1539
287.9465	23.9710
288.0644	24.0769
288.1812	23.9229
288.2956	24.0191
288.4129	23.9614
288.5298	23.9325
288.6471	24.1154
288.7657	24.0769
288.8825	24.0191
288.9982	24.0384
289.1199	23.9036
289.2383	23.9806
289.3544	24.0576
289.4684	24.0191
289.5835	23.9325
289.6999	23.9036
289.8156	23.9614
289.9299	24.2695
290.0460	24.0673
290.1624	23.9229
290.2792	24.0191
290.3979	24.1250
290.5139	24.0288
290.6299	24.0288
290.7457	24.0191
290.8589	24.0865
290.9770	24.1443
291.0979	23.9999
291.2128	24.0480
291.3338	24.0191
291.4502	24.0384
291.5680	23.9999
291.6852	23.9806
291.8018	24.0480
291.9163	24.0095
292.0318	23.9710
292.1504	23.9806
292.2669	23.9903
292.3836	23.9903
292.4982	23.9710
292.6175	24.1635
292.7342	24.0384
292.8509	23.9614
292.9656	23.9999
293.0796	23.9229
293.1923	23.9517
293.3067	23.9903
293.4220	23.9614
293.5360	24.0288
293.6552	23.9614
293.7723	24.0095
293.8915	23.9806
294.0145	23.9421
294.1383	24.0288
294.2553	23.9999
294.3710	23.9517
294.4865	24.0576
294.6066	24.0288
294.7227	23.9806
294.8394	23.8844
294.9572	23.9710
295.0771	23.9806
295.1901	23.9806
295.3051	24.0576
295.4255	24.0384
295.5328	23.9806
295.6425	23.9710
295.7534	23.9229
295.8609	24.1154
295.9761	24.0191
296.0888	24.0865
296.1988	23.9614
296.3071	24.0095
296.4147	23.9614
296.5229	24.0095
296.6332	23.9999
296.7494	24.0865
296.8650	23.9710
296.9814	24.0673
297.0970	24.0865
297.2133	24.1539
297.3300	24.1539
297.4463	24.0480
297.5658	23.9903
297.6831	24.0288
297.8008	23.9806
297.9160	24.0384
298.0355	23.9421
298.1541	24.0769
298.2690	24.0576
298.3888	24.1828
298.5047	24.0384
298.6253	23.9710
298.7419	23.9229
298.8587	23.9806
298.9777	23.9517
299.0968	24.1539
299.2139	24.1058
299.3295	24.0673
299.4424	23.9517
299.5570	24.0673
299.6729	24.0769
299.7924	24.0673
299.9103	24.1347
