0.0000	26.5646
0.1146	26.5196
0.2285	26.5453
0.3477	26.5324
0.4649	26.5357
0.5776	26.5099
0.6997	26.5357
0.8174	26.5163
0.9384	26.5453
1.0605	26.5099
1.1815	26.5550
1.3040	26.5131
1.4249	26.5228
1.5450	26.5389
1.6578	26.5228
1.7660	26.5357
1.8763	26.5163
1.9942	26.5260
2.1130	26.5131
2.2253	26.4681
2.3428	26.5421
2.5144	26.5067
2.6274	26.5067
2.7392	26.5421
2.8569	26.5357
2.9692	26.5292
3.0856	26.5614
3.2042	26.5324
3.3251	26.5614
3.4461	26.5775
3.5626	26.5260
3.6813	26.5196
3.7951	26.5389
3.9163	26.5614
4.0378	26.5067
4.1548	26.5292
4.2667	26.5196
4.3877	26.5485
4.5062	26.5453
4.6198	26.5002
4.7371	26.4713
4.8494	26.5099
4.9650	26.5582
5.0866	26.4938
5.2060	26.5292
5.3265	26.5099
5.4429	26.5421
5.5546	26.5228
5.6682	26.5131
5.7844	26.5260
5.8970	26.5357
6.0163	26.5775
6.1351	26.5421
6.2523	26.5839
6.3693	26.5260
6.4840	26.5002
6.5992	26.5002
6.7188	26.5389
6.8368	26.5485
6.9534	26.5646
7.0735	26.5646
7.1937	26.5421
7.3120	26.4938
7.4323	26.5357
7.5490	26.5292
7.6702	26.5904
7.7884	26.5357
7.9061	26.4906
8.0171	26.5711
8.1374	26.5357
8.2585	26.5421
8.3764	26.5324
8.4954	26.5678
8.6103	26.5067
8.7284	26.4841
8.8467	26.5421
8.9643	26.5357
9.0781	26.5485
9.1982	26.5453
9.3177	26.5357
9.4352	26.5131
9.5503	26.5357
9.6708	26.4938
9.7903	26.5453
9.9100	26.5389
10.0274	26.5711
10.1440	26.5357
10.2560	26.6065
10.3751	26.5067
10.4931	26.4938
10.6083	26.5099
10.7222	26.5421
10.8420	26.5518
10.9608	26.5035
11.0776	26.5872
11.1896	26.5389
11.3088	26.4841
11.4272	26.5968
11.5436	26.5357
11.6607	26.5389
11.7744	26.5389
11.8938	26.5485
12.0115	26.5582
12.1281	26.5582
12.2438	26.5196
12.3605	26.5936
12.4764	26.5421
12.5899	26.5002
12.7078	26.5324
12.8207	26.5582
12.9394	26.4616
13.0563	26.5421
13.1753	26.5292
13.2940	26.5260
13.4109	26.5518
13.5298	26.5163
13.6490	26.5678
13.7684	26.4841
13.8822	26.5485
14.0023	26.5453
14.1206	26.5614
14.2370	26.5550
14.3548	26.5292
14.4721	26.5936
14.5852	26.4841
14.7063	26.5131
14.8243	26.5872
14.9382	26.4938
15.0573	26.5550
15.1757	26.5518
15.2937	26.5067
15.4110	26.6194
15.5275	26.5067
15.6422	26.5518
15.7599	26.5550
15.8766	26.5324
15.9928	26.5035
16.1098	26.4713
16.2276	26.5711
16.3451	26.5163
16.4614	26.5518
16.5743	26.4809
16.6927	26.5775
16.8107	26.5453
16.9291	26.4970
17.0440	26.5807
17.1626	26.4906
17.2783	26.5453
17.3960	26.4745
17.5140	26.5324
17.6275	26.5839
17.7466	26.5292
17.8663	26.5582
17.9845	26.5324
18.0993	26.5421
18.2177	26.5357
18.3374	26.5485
18.4539	26.5228
18.5684	26.5357
18.6882	26.4841
18.8059	26.5324
18.9237	26.5228
19.0412	26.4713
19.1556	26.5614
19.2745	26.5292
19.3921	26.6033
19.5093	26.5067
19.6223	26.5614
19.7349	26.5067
19.8549	26.5485
19.9742	26.5163
20.0922	26.5196
20.2071	26.6065
20.3276	26.5389
20.4454	26.5518
20.5601	26.5260
20.6777	26.5324
20.7909	26.5678
20.9088	26.5228
21.0260	26.4777
21.1443	26.5743
21.2619	26.4970
21.3823	26.5839
21.5011	26.5292
21.6142	26.5099
21.7309	26.5614
21.8434	26.5163
21.9611	26.5485
22.0800	26.5002
22.1993	26.5163
22.3182	26.5614
22.4356	26.5131
22.5524	26.5743
22.6715	26.5131
22.7883	26.5228
22.9024	26.5518
23.0189	26.5968
23.1337	26.5453
23.2532	26.5518
23.3733	26.5421
23.4925	26.4841
23.6048	26.5324
23.7233	26.5646
23.8411	26.5389
23.9550	26.5357
24.0738	26.5646
24.1926	26.5228
24.3108	26.5904
24.4279	26.5453
24.5438	26.5485
24.6608	26.5485
24.7790	26.5196
24.8965	26.4809
25.0114	26.5421
25.1307	26.5131
25.2480	26.5968
25.3678	26.6033
25.4840	26.5775
25.5981	26.5582
25.7174	26.5421
25.8350	26.5807
25.9511	26.5485
26.0671	26.5453
26.1875	26.5582
26.3046	26.5035
26.4230	26.5904
26.5413	26.5099
26.6598	26.5421
26.7810	26.5292
26.9004	26.5389
27.0188	26.5067
27.1342	26.4906
27.2520	26.5485
27.3704	26.5389
27.4869	26.5518
27.6000	26.5002
27.7134	26.5807
27.8322	26.5099
27.9537	26.5550
28.0735	26.5196
28.1905	26.5324
28.3088	26.4809
28.4257	26.5389
28.5424	26.5228
28.6589	26.5131
28.7733	26.5453
28.8918	26.5002
29.0097	26.6033
29.1278	26.5646
29.2451	26.5196
29.3640	26.5646
29.4805	26.5614
29.5949	26.5550
29.7134	26.4938
29.8260	26.5453
29.9435	26.5260
30.0614	26.5743
30.1801	26.4841
30.2994	26.5163
30.4171	26.5324
30.5330	26.5711
30.6497	26.5260
30.7656	26.5582
30.8796	26.5196
30.9993	26.5453
31.1179	26.5292
31.2349	26.5067
31.3536	26.5614
31.4715	26.5228
31.5849	26.5614
31.7014	26.5292
31.8176	26.5518
31.9299	26.5518
32.0478	26.5550
32.1661	26.5550
32.2844	26.5485
32.4038	26.5582
32.5241	26.5678
32.6420	26.4874
32.7596	26.5453
32.8763	26.5582
32.9889	26.5324
33.1071	26.5904
33.2234	26.5550
33.3433	26.5163
33.4607	26.5582
33.5742	26.5035
33.6922	26.5453
33.8109	26.5582
33.9279	26.5260
34.0435	26.6065
34.1614	26.5872
34.2783	26.5582
34.3986	26.5518
34.5176	26.5453
34.6329	26.5839
34.7531	26.5968
34.8713	26.5389
34.9891	26.5743
35.1058	26.5646
35.2252	26.5421
35.3423	26.5582
35.4586	26.5228
35.5718	26.5614
35.6864	26.5453
35.8066	26.5324
35.9236	26.5228
36.0403	26.6161
36.1556	26.5518
36.2742	26.5711
36.3902	26.5550
36.5030	26.5775
36.6161	26.5389
36.7307	26.5550
36.8498	26.5485
36.9689	26.5228
37.0887	26.5163
37.2052	26.5260
37.3235	26.5389
37.4414	26.5421
37.5510	26.5614
37.6668	26.5421
37.7808	26.5389
37.9006	26.5131
38.0181	26.5614
38.1357	26.5646
38.2525	26.5260
38.3715	26.5550
38.4867	26.6065
38.6030	26.5453
38.7220	26.5904
38.8359	26.5775
38.9514	26.5324
39.0699	26.5839
39.1886	26.5453
39.3080	26.5646
39.4267	26.4809
39.5426	26.5839
39.6587	26.5518
39.7736	26.5582
39.8866	26.6033
40.0001	26.5550
40.1189	26.6161
40.2355	26.5196
40.3495	26.5614
40.4603	26.5872
40.5718	26.5196
40.6856	26.5678
40.7988	26.5904
40.9158	26.5389
41.0327	26.5453
41.1536	26.5292
41.2721	26.5131
41.3842	26.5453
41.4963	26.5646
41.6088	26.5453
41.7277	26.6097
41.8445	26.5582
41.9609	26.5260
42.0781	26.5711
42.1952	26.5807
42.3157	26.5646
42.4317	26.5099
42.5434	26.5453
42.6630	26.5421
42.7812	26.5196
42.8934	26.5936
43.0118	26.5775
43.1283	26.5099
43.2401	26.5389
43.3580	26.5550
43.4720	26.6033
43.5847	26.5582
43.7015	26.5582
43.8121	26.5421
43.9277	26.5518
44.0394	26.5646
44.1532	26.5582
44.2712	26.5035
44.3817	26.5646
44.4922	26.5550
44.6060	26.5453
44.7198	26.5067
44.8381	26.5099
44.9556	26.5550
45.0714	26.6129
45.1857	26.6000
45.3018	26.5453
45.4142	26.5807
45.5311	26.5743
45.6437	26.5968
45.7576	26.5196
45.8784	26.5260
45.9979	26.5646
46.1136	26.5131
46.2298	26.5228
46.3423	26.4906
46.4611	26.6194
46.5725	26.5163
46.6829	26.5678
46.7972	26.6355
46.9159	26.5228
47.0301	26.5228
47.1494	26.5582
47.2610	26.5453
47.3742	26.5550
47.4932	26.5614
47.6051	26.5582
47.7195	26.5453
47.8364	26.5163
47.9534	26.5357
48.0684	26.5839
48.1839	26.5099
48.2965	26.6000
48.4092	26.5807
48.5253	26.5485
48.6387	26.5324
48.7588	26.4906
48.8782	26.5614
48.9948	26.5035
49.1144	26.5678
49.2325	26.5518
49.3435	26.5196
49.4533	26.5646
49.5675	26.5260
49.6832	26.5196
49.7991	26.5550
49.9163	26.5550
50.0287	26.5968
50.1403	26.5485
50.2556	26.5228
50.3771	26.5324
50.4912	26.5582
50.6051	26.5711
50.7262	26.5614
50.8441	26.5743
50.9627	26.5196
51.0756	26.5518
51.1863	26.6194
51.2970	26.5518
51.4092	26.5324
51.5277	26.4906
51.6400	26.4616
51.7577	26.5163
51.8754	26.5292
51.9893	26.5131
52.1020	26.5743
52.2165	26.5357
52.3273	26.5389
52.4409	26.5421
52.5534	26.5453
52.6637	26.5839
52.7826	26.5614
52.8954	26.5357
53.0096	26.5421
53.1228	26.5550
53.2404	26.5968
53.3564	26.5904
53.4754	26.4938
53.5856	26.4906
53.7017	26.5228
53.8174	26.5131
53.9377	26.5711
54.0549	26.5872
54.1679	26.5711
54.2865	26.5485
54.3998	26.5131
54.5184	26.5389
54.6313	26.5775
54.7436	26.5163
54.8636	26.5389
54.9766	26.5292
55.0926	26.5196
55.2026	26.5968
55.3153	26.5807
55.4358	26.5807
55.5525	26.5324
55.6697	26.5646
55.7834	26.4906
55.9042	26.4777
56.0151	26.5260
56.1281	26.5099
56.2468	26.5614
56.3573	26.5067
56.4699	26.5453
56.5850	26.5228
56.7056	26.5614
56.8230	26.5743
56.9365	26.5550
57.0586	26.5196
57.1768	26.5099
57.2964	26.5614
57.4120	26.5646
57.5331	26.5550
57.6521	26.5228
57.7713	26.5228
57.8898	26.5453
58.0042	26.5678
58.1213	26.5421
58.2400	26.5067
58.3579	26.5421
58.4757	26.5485
58.5898	26.5582
58.7085	26.5196
58.8243	26.4713
58.9408	26.5518
59.0547	26.5228
59.1695	26.5357
59.2863	26.5453
59.4022	26.5904
59.5169	26.5582
59.6336	26.5614
59.7464	26.5131
59.8668	26.5936
59.9854	26.5421
60.0993	26.5807
60.2131	26.5904
60.3315	26.5453
60.4437	26.5614
60.5565	26.5292
60.6693	26.5904
60.7885	26.5421
60.9033	26.5485
61.0192	26.5196
61.1307	26.5099
61.2506	26.5646
61.3726	26.5421
61.4905	26.5035
61.6028	26.5839
61.7165	26.5260
61.8369	26.5292
61.9552	26.5389
62.0739	26.5421
62.1887	26.5614
62.3100	26.4970
62.4281	26.5357
62.5458	26.5389
62.6628	26.5485
62.7773	26.4970
62.8962	26.5228
63.0159	26.6065
63.1341	26.5324
63.2463	26.5485
63.3576	26.5357
63.4687	26.5067
63.5816	26.5131
63.6955	26.5002
63.8080	26.5421
63.9203	26.5582
64.0335	26.5131
64.1541	26.5163
64.2730	26.5743
64.3848	26.5067
64.4994	26.5421
64.6120	26.5292
64.7265	26.5228
64.8427	26.5260
64.9601	26.5421
65.0789	26.5389
65.1991	26.5518
65.3162	26.5453
65.4270	26.5518
65.5383	26.5196
65.6564	26.5485
65.7721	26.5002
65.8865	26.5292
66.0054	26.5872
66.1187	26.5260
66.2319	26.4713
66.3495	26.5550
66.4600	26.5614
66.5734	26.5099
66.6917	26.5550
66.8072	26.5228
66.9252	26.5550
67.0391	26.5324
67.1573	26.5453
67.2749	26.5357
67.3920	26.5389
67.5080	26.5389
67.6260	26.5550
67.7457	26.5357
67.8650	26.5163
67.9836	26.5002
68.0971	26.5389
68.2177	26.5453
68.3351	26.5131
68.4529	26.5035
68.5643	26.5485
68.6765	26.5324
68.7922	26.4841
68.9051	26.5196
69.0213	26.5646
69.1343	26.5904
69.2508	26.5035
69.3687	26.4906
69.4835	26.4713
69.5962	26.5099
69.7084	26.5196
69.8232	26.4809
69.9372	26.5324
70.0521	26.5807
70.1656	26.5518
70.2795	26.5421
70.3981	26.5711
70.5132	26.5163
70.6256	26.5518
70.7389	26.5453
70.8525	26.4906
70.9683	26.4745
71.0814	26.5324
71.1976	26.5099
71.3105	26.4809
71.4249	26.5485
71.5403	26.5260
71.6583	26.5711
71.7688	26.5324
71.8837	26.5582
72.0012	26.5196
72.1125	26.5228
72.2228	26.5614
72.3354	26.5357
72.4540	26.5324
72.5674	26.5453
72.6883	26.5550
72.8063	26.5775
72.9222	26.5678
73.0422	26.4938
73.1610	26.5678
73.2787	26.5099
73.3900	26.5357
73.5042	26.5131
73.6176	26.5357
73.7294	26.5260
73.8412	26.5196
73.9569	26.4584
74.0712	26.4874
74.1904	26.5550
74.3073	26.5196
74.4197	26.4970
74.5384	26.5260
74.6550	26.5550
74.7740	26.5260
74.8913	26.4809
75.0095	26.5357
75.1291	26.5292
75.2502	26.5131
75.3671	26.5453
75.4758	26.5196
75.5878	26.5421
75.7020	26.5775
75.8207	26.5163
75.9402	26.5421
76.0541	26.5485
76.1730	26.4970
76.2917	26.5550
76.4066	26.5550
76.5228	26.5260
76.6358	26.4970
76.7470	26.5711
76.8616	26.4423
76.9794	26.5099
77.0916	26.5775
77.2105	26.5260
77.3270	26.5131
77.4387	26.5389
77.5490	26.5775
77.6614	26.5550
77.7733	26.5357
77.8857	26.5389
78.0055	26.5582
78.1179	26.5518
78.2393	26.5904
78.3558	26.5324
78.4672	26.5292
78.5789	26.5711
78.6903	26.5131
78.8031	26.5196
78.9193	26.5389
79.0325	26.5550
79.1511	26.5518
79.2630	26.5035
79.3764	26.5485
79.4953	26.5099
79.6051	26.5646
79.7159	26.5550
79.8328	26.5292
79.9524	26.5324
80.0628	26.4809
80.1745	26.5743
80.2863	26.5131
80.3993	26.5292
80.5195	26.5389
80.6332	26.5646
80.7506	26.6033
80.8705	26.5292
80.9919	26.5002
81.1091	26.5099
81.2277	26.4970
81.3407	26.5357
81.4575	26.5485
81.5688	26.5582
81.6805	26.5614
81.7979	26.5002
81.9119	26.5485
82.0305	26.5099
82.1522	26.5389
82.2721	26.5485
82.3869	26.5292
82.5024	26.5228
82.6154	26.5035
82.7348	26.5389
82.8520	26.4906
82.9645	26.5196
83.0831	26.5067
83.2007	26.5421
83.3183	26.5228
83.4335	26.4841
83.5525	26.5099
83.6684	26.5582
83.7856	26.4938
83.9011	26.5324
84.0144	26.5646
84.1311	26.5711
84.2428	26.5228
84.3545	26.5228
84.4673	26.5646
84.5804	26.5550
84.6994	26.5518
84.8164	26.5228
84.9316	26.5292
85.0454	26.5163
85.1632	26.5035
85.2810	26.5357
85.3939	26.5260
85.5056	26.5614
85.6174	26.4841
85.7338	26.5035
85.8465	26.5099
85.9604	26.5099
86.0736	26.5357
86.1845	26.5807
86.2957	26.5067
86.4103	26.5196
86.5231	26.5775
86.6386	26.5324
86.7594	26.5485
86.8793	26.5196
86.9992	26.5131
87.1175	26.5389
87.2316	26.5067
87.3461	26.5357
87.4590	26.5035
87.5727	26.5453
87.6854	26.5872
87.8058	26.5389
87.9246	26.5453
88.0459	26.5196
88.1658	26.4970
88.2789	26.5292
88.3999	26.5389
88.5130	26.5389
88.6281	26.5550
88.7372	26.5163
88.8511	26.5163
88.9704	26.5260
89.0883	26.5678
89.1972	26.5292
89.3095	26.5228
89.4223	26.5324
89.5381	26.4777
89.6516	26.5453
89.7705	26.5228
89.8858	26.5775
90.0083	26.5711
90.1274	26.5646
90.2441	26.5614
90.3596	26.5646
90.4780	26.5518
90.5887	26.5453
90.7018	26.5453
90.8176	26.4970
90.9292	26.5453
91.0402	26.5678
91.1547	26.5002
91.2741	26.5131
91.3885	26.5453
91.5084	26.5228
91.6206	26.5518
91.7341	26.5228
91.8531	26.5743
91.9678	26.5582
92.0873	26.5807
92.1999	26.5292
92.3112	26.5775
92.4300	26.5002
92.5398	26.5131
92.6526	26.5904
92.7660	26.6033
92.8850	26.5260
92.9943	26.5646
93.1066	26.5614
93.2248	26.5357
93.3377	26.5357
93.4517	26.5421
93.5631	26.5421
93.6774	26.4648
93.7994	26.5582
93.9219	26.5228
94.0439	26.5067
94.1647	26.5518
94.2873	26.5357
94.4074	26.4874
94.5255	26.5099
94.6400	26.5002
94.7593	26.5163
94.8782	26.5357
94.9945	26.5292
95.1072	26.5743
95.2243	26.5035
95.3354	26.5775
95.4540	26.5131
95.5653	26.5292
95.6783	26.5099
95.7971	26.5453
95.9094	26.5453
96.0221	26.5518
96.1357	26.5453
96.2540	26.4648
96.3672	26.5099
96.4858	26.5678
96.5992	26.5099
96.7185	26.5485
96.8385	26.5421
96.9572	26.5389
97.0739	26.5067
97.1898	26.5839
97.3024	26.5228
97.4156	26.5389
97.5325	26.5163
97.6473	26.5196
97.7640	26.5518
97.8821	26.5099
97.9998	26.5711
98.1160	26.5324
98.2294	26.4970
98.3427	26.5518
98.4578	26.5775
98.5709	26.5453
98.6833	26.5550
98.8002	26.5228
98.9148	26.5485
99.0332	26.5260
99.1498	26.5518
99.2622	26.6355
99.3750	26.5163
99.4867	26.5711
99.5989	26.5002
99.7183	26.5518
99.8307	26.4906
99.9452	26.5485
100.0640	26.5002
100.1752	26.5421
100.2931	26.4809
100.4108	26.5775
100.5286	26.5485
100.6440	26.5807
100.7583	26.5711
100.8760	26.5131
100.9915	26.5131
101.1103	26.5163
101.2309	26.5968
101.3503	26.5550
101.4690	26.5131
101.5822	26.5775
101.7009	26.4938
101.8151	26.5131
101.9323	26.5196
102.0459	26.5389
102.1631	26.5646
102.2789	26.5453
102.3972	26.5743
102.5143	26.4938
102.6285	26.5421
102.7475	26.5614
102.8636	26.5099
102.9795	26.5518
103.0943	26.5099
103.2133	26.5485
103.3242	26.5228
103.4395	26.5743
103.5500	26.5453
103.6639	26.5614
103.7776	26.5067
103.8962	26.5163
104.0097	26.5646
104.1276	26.5678
104.2421	26.5678
104.3608	26.5775
104.4779	26.5872
104.5893	26.5743
104.7012	26.6161
104.8132	26.5163
104.9250	26.5389
105.0374	26.5614
105.1551	26.5453
105.2699	26.5775
105.3925	26.5324
105.5106	26.5485
105.6234	26.5002
105.7384	26.5936
105.8517	26.5357
105.9662	26.5292
106.0809	26.5646
106.1965	26.5389
106.3116	26.4938
106.4307	26.5453
106.5481	26.5421
106.6674	26.5002
106.7846	26.5550
106.8971	26.5196
107.0168	26.5485
107.1372	26.5421
107.2552	26.5839
107.3684	26.5067
107.4862	26.5646
107.5991	26.5292
107.7107	26.5550
107.8280	26.5550
107.9403	26.5646
108.0563	26.5357
108.1687	26.5067
108.2817	26.5614
108.3973	26.5872
108.5116	26.5453
108.6251	26.5260
108.7442	26.5775
108.8563	26.5582
108.9720	26.5711
109.0848	26.5228
109.1992	26.5324
109.3173	26.5582
109.4291	26.5163
109.5397	26.5421
109.6527	26.5292
109.7659	26.5518
109.8788	26.5453
109.9949	26.5550
110.1107	26.5807
110.2265	26.5035
110.3453	26.5389
110.4554	26.5678
110.5688	26.5550
110.6879	26.5614
110.8022	26.5711
110.9179	26.5357
111.0345	26.5260
111.1480	26.4906
111.2575	26.5485
111.3673	26.5743
111.4766	26.6065
111.5860	26.5099
111.6946	26.5453
111.8033	26.5453
111.9131	26.5614
112.0217	26.5067
112.1307	26.5678
112.2403	26.5743
112.3505	26.5324
112.4596	26.5421
112.5681	26.6097
112.6764	26.5582
112.7851	26.5196
112.8940	26.5260
113.0026	26.5357
113.1134	26.5550
113.2229	26.5421
113.3324	26.5067
113.4404	26.5775
113.5501	26.5260
113.6628	26.5518
113.7720	26.4874
113.8806	26.4809
113.9891	26.5421
114.0981	26.5260
114.2090	26.5646
114.3224	26.5421
114.4350	26.5582
114.5539	26.5067
114.6707	26.5485
114.7826	26.5839
114.9010	26.4970
115.0149	26.5678
115.1320	26.5357
115.2509	26.5292
115.3648	26.5035
115.4835	26.6000
115.5977	26.5163
115.7178	26.5711
115.8378	26.5550
115.9543	26.5678
116.0690	26.5002
116.1881	26.5228
116.3060	26.4777
116.4191	26.5743
116.5386	26.5002
116.6579	26.4841
116.7759	26.5485
116.8933	26.5357
117.0075	26.5872
117.1198	26.5357
117.2324	26.5711
117.3445	26.5518
117.4551	26.5421
117.5664	26.5421
117.6783	26.5518
117.7972	26.5518
117.9164	26.5550
118.0292	26.5582
118.1418	26.5678
118.2601	26.4906
118.3792	26.5936
118.4959	26.5678
118.6111	26.5357
118.7289	26.5389
118.8459	26.5646
118.9628	26.5228
119.0771	26.5872
119.1926	26.4745
119.3067	26.5292
119.4248	26.5357
119.5398	26.5421
119.6536	26.5485
119.7690	26.4841
119.8812	26.5485
119.9979	26.6097
120.1066	26.5646
120.2180	26.5485
120.3375	26.5131
120.4514	26.5453
120.5664	26.5357
120.6825	26.5678
120.8020	26.5357
120.9211	26.5485
121.0414	26.5067
121.1510	26.5582
121.2654	26.5324
121.3842	26.5518
121.5023	26.5678
121.6139	26.5228
121.7274	26.5324
121.8472	26.5067
121.9663	26.4777
122.0850	26.5389
122.2032	26.5614
122.3223	26.5324
122.4390	26.5421
122.5513	26.5357
122.6695	26.5646
122.7831	26.5872
122.9034	26.5839
123.0231	26.5485
123.1427	26.5292
123.2604	26.5582
123.3789	26.5485
123.4962	26.5228
123.6102	26.5646
123.7300	26.5839
123.8440	26.5646
123.9621	26.5550
124.0808	26.5453
124.1988	26.5518
124.3181	26.5421
124.4364	26.4745
124.5491	26.5260
124.6681	26.5324
124.7880	26.5196
124.9018	26.5839
125.0222	26.5357
125.1405	26.5324
125.2582	26.5518
125.3771	26.5035
125.4940	26.5518
125.6079	26.5775
125.7262	26.5292
125.8442	26.5807
125.9587	26.5550
126.0776	26.5067
126.1976	26.5228
126.3159	26.5067
126.4346	26.5453
126.5504	26.5743
126.6715	26.5582
126.7918	26.5518
126.9096	26.5260
127.0226	26.5518
127.1396	26.5292
127.2558	26.5582
127.3697	26.5453
127.4876	26.5582
127.6040	26.5839
127.7226	26.5131
127.8418	26.5550
127.9592	26.5260
128.0747	26.5421
128.1915	26.5711
128.3086	26.5936
128.4248	26.5614
128.5420	26.5582
128.6570	26.5904
128.7744	26.5228
128.8956	26.5646
129.0141	26.5260
129.1339	26.5002
129.2530	26.5228
129.3672	26.6194
129.4778	26.5002
129.5908	26.5550
129.7014	26.5163
129.8149	26.5163
129.9298	26.4970
130.0425	26.5904
130.1546	26.5131
130.2695	26.5067
130.3911	26.5936
130.5089	26.5453
130.6223	26.4841
130.7360	26.5518
130.8512	26.5550
130.9710	26.5357
131.0900	26.5002
131.2028	26.4938
131.3211	26.5035
131.4337	26.5260
131.5491	26.5775
131.6655	26.5614
131.7797	26.5421
131.8997	26.4906
132.0180	26.5743
132.1369	26.5646
132.2548	26.5807
132.3660	26.5131
132.4791	26.5260
132.5902	26.5389
132.7069	26.5711
132.8217	26.5582
132.9372	26.5518
133.0509	26.5260
133.1667	26.5807
133.2846	26.5453
133.3989	26.5421
133.5173	26.5292
133.6328	26.5518
133.7438	26.5292
133.8558	26.5163
133.9700	26.5099
134.0809	26.5582
134.2044	26.5324
134.3238	26.5646
134.4376	26.5485
134.5564	26.5582
134.6676	26.5389
134.7814	26.5711
134.9016	26.5099
135.0133	26.5357
135.1286	26.5389
135.2492	26.5228
135.3698	26.5518
135.4864	26.5131
135.5989	26.5389
135.7117	26.5292
135.8258	26.5260
135.9431	26.5099
136.0544	26.5518
136.1686	26.5775
136.2878	26.5324
136.4067	26.4970
136.5254	26.5453
136.6388	26.5453
136.7572	26.5582
136.8745	26.5389
136.9878	26.4906
137.1016	26.5743
137.2147	26.5163
137.3338	26.4359
137.4441	26.4809
137.5550	26.5550
137.6662	26.5002
137.7815	26.5550
137.9046	26.5646
138.0252	26.6000
138.1458	26.5099
138.2651	26.5646
138.3855	26.5163
138.5056	26.5904
138.6239	26.5324
138.7374	26.4970
138.8578	26.5518
138.9756	26.5324
139.0952	26.5550
139.2083	26.5389
139.3268	26.5292
139.4469	26.5324
139.5610	26.5099
139.6789	26.4906
139.7946	26.5518
139.9141	26.5485
140.0317	26.5421
140.1449	26.5711
140.2633	26.5292
140.3761	26.5357
140.4928	26.5357
140.6052	26.5421
140.7223	26.5743
140.8370	26.5550
140.9540	26.5775
141.0657	26.5582
141.1776	26.4874
141.2948	26.5260
141.4115	26.5324
141.5297	26.5035
141.6429	26.5550
141.7586	26.5002
141.8747	26.5678
141.9874	26.5518
142.1062	26.5357
142.2199	26.4874
142.3393	26.5357
142.4511	26.5357
142.5653	26.5067
142.6850	26.5324
142.8048	26.5324
142.9232	26.4970
143.0398	26.5646
143.1518	26.5839
143.2651	26.5518
143.3824	26.4874
143.4976	26.5131
143.6177	26.5743
143.7357	26.5839
143.8564	26.5614
143.9741	26.5292
144.0908	26.5260
144.2087	26.4970
144.3259	26.5453
144.4377	26.5357
144.5497	26.4874
144.6667	26.4938
144.7826	26.5743
144.9004	26.5035
145.0141	26.4648
145.1262	26.5839
145.2395	26.6097
145.3566	26.5485
145.4683	26.5872
145.5842	26.5743
145.7038	26.4938
145.8239	26.5743
145.9415	26.4809
146.0531	26.5260
146.1655	26.5872
146.2767	26.4809
146.3926	26.5614
146.5094	26.5518
146.6217	26.4874
146.7434	26.5421
146.8652	26.5968
146.9855	26.5035
147.1050	26.5292
147.2168	26.5163
147.3311	26.5357
147.4448	26.5711
147.5564	26.5485
147.6677	26.5839
147.7806	26.5518
147.8994	26.5614
148.0130	26.5099
148.1232	26.5067
148.2352	26.5678
148.3563	26.4938
148.4748	26.5035
148.5894	26.4713
148.7059	26.5485
148.8208	26.5002
148.9407	26.5646
149.0613	26.5357
149.1743	26.5839
149.2914	26.5163
149.4117	26.5260
149.5304	26.6290
149.6451	26.5131
149.7650	26.5196
149.8783	26.5518
150.0004	26.5839
150.1218	26.5163
150.2388	26.4809
150.3572	26.5807
150.4696	26.5357
150.5853	26.5067
150.7070	26.5550
150.8180	26.5163
150.9317	26.5324
151.0492	26.5099
151.1642	26.4681
151.2803	26.5324
151.3939	26.5002
151.5068	26.5421
151.6218	26.5614
151.7381	26.5646
151.8502	26.5421
151.9625	26.5292
152.0833	26.5067
152.1993	26.5518
152.3192	26.5904
152.4371	26.5614
152.5490	26.5067
152.6620	26.5518
152.7827	26.5646
152.8980	26.5196
153.0169	26.5228
153.1363	26.5485
153.2570	26.5228
153.3750	26.5324
153.4929	26.5485
153.6056	26.5228
153.7231	26.5389
153.8413	26.5228
153.9566	26.5260
154.0764	26.4938
154.1944	26.5678
154.3140	26.5872
154.4342	26.5550
154.5493	26.5228
154.6644	26.5357
154.7843	26.5067
154.9028	26.5485
155.0199	26.5678
155.1367	26.5421
155.2563	26.5775
155.3746	26.5646
155.4925	26.5614
155.6062	26.5453
155.7198	26.5711
155.8386	26.5421
155.9587	26.5163
156.0753	26.5775
156.1918	26.5196
156.3069	26.5421
156.4240	26.5228
156.5423	26.5485
156.6603	26.5196
156.7725	26.5324
156.8871	26.4745
157.0073	26.5678
157.1248	26.5131
157.2426	26.5292
157.3566	26.5518
157.4731	26.5292
157.5856	26.5518
157.7048	26.4648
157.8191	26.5646
157.9384	26.5324
158.0567	26.5453
158.1737	26.5196
158.2918	26.5260
158.4061	26.5421
158.5234	26.4552
158.6408	26.5550
158.7564	26.5228
158.8750	26.5131
158.9934	26.5453
159.1127	26.4874
159.2321	26.5067
159.3487	26.4874
159.4605	26.5292
159.5736	26.5099
159.6929	26.5228
159.8102	26.4681
159.9277	26.5324
160.0464	26.5324
160.1657	26.5324
160.2822	26.5904
160.3987	26.4938
160.5108	26.5485
160.6274	26.4906
160.7456	26.5421
160.8647	26.5067
160.9822	26.5389
161.0988	26.4745
161.2177	26.5163
161.3324	26.5743
161.4453	26.5904
161.5576	26.5324
161.6746	26.5485
161.7922	26.4906
161.9109	26.4970
162.0287	26.5196
162.1458	26.5099
162.2648	26.5131
162.3802	26.5002
162.4967	26.5357
162.6101	26.5260
162.7280	26.4970
162.8453	26.5035
162.9632	26.5357
163.0795	26.5131
163.1955	26.5002
163.3099	26.5228
163.4278	26.4520
163.5435	26.5711
163.6602	26.5518
163.7798	26.5196
163.8981	26.5324
164.0164	26.5131
164.1346	26.5228
164.2495	26.5678
164.3634	26.5292
164.4828	26.6000
164.5975	26.5035
164.7135	26.5324
164.8328	26.5485
164.9513	26.5550
165.0690	26.5260
165.1860	26.5002
165.2992	26.5582
165.4175	26.5292
165.5349	26.5421
165.6523	26.5260
165.7682	26.5292
165.8852	26.5357
166.0026	26.5228
166.1195	26.5163
166.2359	26.5357
166.3491	26.5324
166.4656	26.5550
166.5806	26.5292
166.6980	26.5518
166.8156	26.5678
166.9327	26.4841
167.0535	26.5292
167.1707	26.5260
167.2881	26.5099
167.4028	26.4745
167.5220	26.4906
167.6407	26.4906
167.7600	26.4809
167.8802	26.5421
167.9998	26.5324
168.1187	26.5389
168.2330	26.5002
168.3516	26.5196
168.4649	26.5646
168.5773	26.5357
168.6943	26.5711
168.8072	26.5678
168.9265	26.5035
169.0405	26.5421
169.1558	26.5357
169.2742	26.5035
169.3906	26.5807
169.5030	26.4938
169.6168	26.5260
169.7345	26.5324
169.8498	26.5453
169.9673	26.5324
170.0821	26.5582
170.1970	26.5357
170.3138	26.5357
170.4262	26.5485
170.5371	26.5807
170.6488	26.5292
170.7598	26.4970
170.8728	26.5324
170.9866	26.5035
171.1038	26.4874
171.2177	26.5260
171.3359	26.5260
171.4507	26.5839
171.5631	26.5550
171.6790	26.5357
171.7989	26.5324
171.9191	26.5518
172.0392	26.5357
172.1587	26.5550
172.2790	26.5357
172.3994	26.5260
172.5187	26.5357
172.6322	26.5035
172.7464	26.5324
172.8660	26.4713
172.9860	26.5421
173.1041	26.4809
173.2212	26.4681
173.3391	26.5357
173.4559	26.5196
173.5691	26.4874
173.6873	26.5453
173.8011	26.5292
173.9194	26.5099
174.0401	26.5196
174.1579	26.5099
174.2748	26.5196
174.3914	26.5421
174.5039	26.4745
174.6177	26.5196
174.7345	26.5389
174.8488	26.4777
174.9668	26.5292
175.0871	26.5196
175.2063	26.5131
175.3253	26.4938
175.4386	26.5357
175.5545	26.5357
175.6721	26.5260
175.7891	26.5067
175.9034	26.5196
176.0236	26.5196
176.1432	26.5260
176.2605	26.5035
176.3717	26.4906
176.4843	26.5131
176.5986	26.4809
176.7177	26.5614
176.8362	26.5614
176.9530	26.5292
177.0712	26.4809
177.1898	26.5292
177.3068	26.5614
177.4235	26.5646
177.5377	26.4713
177.6557	26.5002
177.7677	26.4938
177.8843	26.5196
177.9971	26.5485
178.1108	26.5131
178.2236	26.5357
178.3405	26.5324
178.4517	26.4777
178.5658	26.4970
178.6802	26.5196
178.7976	26.5582
178.9149	26.4906
179.0321	26.5099
179.1444	26.5067
179.2619	26.5131
179.3738	26.5324
179.4905	26.5453
179.6027	26.5389
179.7169	26.5099
179.8291	26.5196
179.9425	26.5260
180.0553	26.4841
180.1672	26.5614
180.2842	26.4713
180.3971	26.5035
180.5150	26.5196
180.6282	26.5357
180.7389	26.5389
180.8509	26.5260
180.9661	26.5163
181.0850	26.4391
181.1986	26.5196
181.3117	26.5099
181.4253	26.5421
181.5440	26.5099
181.6553	26.5035
181.7679	26.4906
181.8778	26.5646
181.9890	26.5453
182.1082	26.5550
182.2186	26.4938
182.3298	26.5453
182.4433	26.5002
182.5591	26.4874
182.6720	26.5292
182.7852	26.5389
182.8996	26.4809
183.0139	26.5196
183.1352	26.5196
183.2477	26.5582
183.3604	26.5453
183.4715	26.5324
183.5868	26.5485
183.7046	26.5163
183.8162	26.4809
183.9348	26.5035
184.0553	26.5550
184.1757	26.5035
184.2959	26.5485
184.4083	26.5711
184.5217	26.5260
184.6427	26.5324
184.7637	26.5099
184.8815	26.5324
184.9951	26.5196
185.1141	26.5324
185.2349	26.5067
185.3484	26.5485
185.4598	26.5260
185.5729	26.5357
185.6896	26.5163
185.8071	26.4809
185.9213	26.5453
186.0350	26.5228
186.1532	26.5711
186.2729	26.5807
186.3847	26.5646
186.4955	26.5550
186.6072	26.5582
186.7203	26.4745
186.8296	26.5002
186.9380	26.5099
187.0501	26.5324
187.1698	26.5035
187.2904	26.5743
187.4097	26.5550
187.5204	26.5292
187.6341	26.4809
187.7447	26.5163
187.8571	26.4681
187.9689	26.5453
188.0838	26.5131
188.1942	26.5002
188.3038	26.5324
188.4166	26.5743
188.5283	26.5035
188.6405	26.5035
188.7512	26.5099
188.8610	26.5357
188.9716	26.4841
189.0837	26.4841
189.1927	26.5389
189.3019	26.5421
189.4107	26.4906
189.5210	26.4938
189.6334	26.5485
189.7504	26.5389
189.8687	26.5614
189.9835	26.5002
190.1037	26.4874
190.2340	26.5292
190.3550	26.4681
190.4755	26.5324
190.5885	26.5260
190.7085	26.5067
190.8272	26.5260
190.9387	26.5357
191.0508	26.5260
191.1611	26.5678
191.2709	26.4745
191.3835	26.4552
191.4937	26.5421
191.6035	26.5324
191.7124	26.4777
191.8211	26.5485
191.9329	26.5807
192.0502	26.5421
192.1664	26.5163
192.2841	26.5131
192.4011	26.5711
192.5121	26.4970
192.6228	26.4552
192.7358	26.4970
192.8481	26.5292
192.9599	26.5035
193.0702	26.5163
193.1834	26.4970
193.2969	26.5357
193.4084	26.5646
193.5184	26.5035
193.6303	26.5646
193.7443	26.5357
193.8554	26.4841
193.9679	26.5035
194.0783	26.5389
194.1882	26.5067
194.2969	26.5292
194.4107	26.5067
194.5300	26.5389
194.6464	26.4713
194.7690	26.5389
194.8860	26.5196
195.0045	26.4520
195.1219	26.5807
195.2425	26.4874
195.3623	26.5324
195.4719	26.5292
195.5840	26.5260
195.7083	26.4745
195.8286	26.4841
195.9380	26.5518
196.0504	26.5678
196.1652	26.5518
196.2837	26.5453
196.4029	26.5485
196.5179	26.5485
196.6299	26.5646
196.7435	26.5453
196.8638	26.5260
196.9854	26.5099
197.1085	26.5421
197.2295	26.4938
197.3515	26.5421
197.4697	26.5035
197.5833	26.5163
197.7024	26.5646
197.8230	26.5324
197.9422	26.5228
198.0605	26.5035
198.1808	26.4938
198.2983	26.5002
198.4171	26.5196
198.5356	26.4713
198.6546	26.5067
198.7728	26.5807
198.8894	26.5067
199.0040	26.5324
199.1224	26.5196
199.2361	26.5324
199.3546	26.5228
199.4710	26.5389
199.5871	26.5324
199.7053	26.4874
199.8248	26.5485
199.9436	26.4777
200.0628	26.5421
200.1810	26.5099
200.2993	26.5453
200.4199	26.5002
200.5401	26.5260
200.6577	26.5936
200.7767	26.5678
200.8973	26.5196
201.0160	26.5485
201.1366	26.4874
201.2573	26.5196
201.3750	26.5421
201.4850	26.4970
201.5950	26.4906
201.7072	26.4906
201.8220	26.5099
201.9340	26.5260
202.0432	26.5067
202.1564	26.5035
202.2738	26.5711
202.3928	26.5357
202.5107	26.5518
202.6216	26.5421
202.7302	26.5453
202.8428	26.5035
202.9540	26.5582
203.0633	26.5131
203.1741	26.5099
203.2855	26.5260
203.3959	26.5389
203.5169	26.5485
203.6346	26.5131
203.7457	26.5453
203.8554	26.5228
203.9689	26.5228
204.0786	26.5324
204.1911	26.5614
204.3022	26.5002
204.4179	26.5453
204.5344	26.5357
204.6432	26.5260
204.7562	26.5646
204.8664	26.5324
204.9751	26.4359
205.0873	26.5582
205.1989	26.5389
205.3099	26.5775
205.4234	26.5292
205.5332	26.5292
205.6444	26.5518
205.7630	26.5678
205.8753	26.5002
205.9879	26.5324
206.0986	26.5518
206.2099	26.5582
206.3212	26.5357
206.4327	26.5228
206.5441	26.5002
206.6548	26.5260
206.7703	26.5421
206.8799	26.5357
206.9920	26.4616
207.1066	26.5163
207.2191	26.5228
207.3269	26.4906
207.4359	26.5357
207.5448	26.5163
207.6567	26.5357
207.7760	26.4938
207.8868	26.5002
207.9945	26.5002
208.1061	26.5518
208.2275	26.5196
208.3455	26.5131
208.4588	26.4713
208.5741	26.5839
208.6969	26.5228
208.8158	26.5067
208.9359	26.5485
209.0512	26.5518
209.1722	26.4970
209.2902	26.5324
209.4106	26.5228
209.5301	26.5131
209.6491	26.5872
209.7684	26.5421
209.8883	26.5099
210.0094	26.5099
210.1294	26.5518
210.2485	26.5582
210.3677	26.5646
210.4854	26.5421
210.5981	26.5518
210.7185	26.5357
210.8378	26.5357
210.9583	26.5163
211.0778	26.5421
211.1954	26.4841
211.3154	26.5421
211.4328	26.5582
211.5470	26.5196
211.6681	26.5550
211.7815	26.5614
211.9013	26.5389
212.0221	26.5002
212.1405	26.5421
212.2581	26.5228
212.3732	26.5453
212.4904	26.5453
212.6056	26.4906
212.7252	26.5389
212.8442	26.4681
212.9637	26.5775
213.0847	26.4809
213.2018	26.5518
213.3206	26.5357
213.4370	26.4970
213.5492	26.5421
213.6681	26.5421
213.7875	26.5968
213.9081	26.5196
214.0260	26.5324
214.1439	26.5550
214.2602	26.5614
214.3745	26.5357
214.4898	26.5357
214.6030	26.5614
214.7217	26.5518
214.8401	26.5614
214.9573	26.5614
215.0765	26.6161
215.1940	26.5485
215.3111	26.5711
215.4296	26.5743
215.5462	26.5196
215.6651	26.5035
215.7795	26.5614
215.8971	26.4841
216.0151	26.5807
216.1331	26.5550
216.2522	26.5067
216.3702	26.4809
216.4880	26.5035
216.6025	26.5614
216.7211	26.5389
216.8402	26.5035
216.9574	26.5292
217.0753	26.5357
217.1926	26.5196
217.3100	26.4938
217.4268	26.5807
217.5418	26.5421
217.6578	26.5485
217.7731	26.5196
217.8871	26.5035
218.0042	26.5292
218.1219	26.5357
218.2407	26.5839
218.3580	26.5260
218.4735	26.5357
218.5849	26.5389
218.6938	26.5485
218.8051	26.5646
218.9183	26.6033
219.0390	26.5228
219.1587	26.5711
219.2782	26.4906
219.4000	26.5131
219.5172	26.5614
219.6296	26.5260
219.7444	26.5807
219.8573	26.5357
219.9697	26.5582
220.0818	26.5743
220.1959	26.5357
220.3150	26.5743
220.4333	26.5453
220.5484	26.5711
220.6629	26.5646
220.7824	26.5260
220.8990	26.5421
221.0163	26.5292
221.1314	26.5260
221.2468	26.5550
221.3643	26.5389
221.4831	26.5035
221.5952	26.5614
221.7136	26.5614
221.8316	26.5196
221.9501	26.5582
222.0689	26.5260
222.1884	26.5518
222.3092	26.5196
222.4306	26.5389
222.5423	26.5872
222.6564	26.5035
222.7751	26.5067
222.8938	26.5163
223.0148	26.5518
223.1333	26.5035
223.2497	26.5807
223.3632	26.5550
223.4783	26.5453
223.5928	26.5872
223.7109	26.5936
223.8301	26.5389
223.9494	26.5678
224.0618	26.5550
224.1764	26.5067
224.2966	26.5646
224.4145	26.5550
224.5295	26.5131
224.6436	26.5968
224.7637	26.5453
224.8812	26.5936
224.9959	26.4906
225.1113	26.5775
225.2285	26.5389
225.3427	26.5163
225.4554	26.6161
225.5681	26.6226
225.6842	26.5518
225.7967	26.5196
225.9108	26.5711
226.0287	26.5357
226.1478	26.5614
226.2674	26.5035
226.3858	26.5389
226.5033	26.5131
226.6176	26.5807
226.7377	26.5743
226.8553	26.5260
226.9738	26.5389
227.0937	26.5163
227.2148	26.5872
227.3360	26.5485
227.4552	26.5743
227.5680	26.5260
227.6873	26.5775
227.8047	26.5453
227.9194	26.5711
228.0345	26.5872
228.1459	26.5292
228.2591	26.5196
228.3740	26.5904
228.4899	26.5743
228.6032	26.5163
228.7221	26.5711
228.8382	26.5582
228.9503	26.5518
229.0775	26.5292
229.1906	26.5389
229.3103	26.5357
229.4284	26.5807
229.5425	26.5550
229.6558	26.5839
229.7688	26.5485
229.8829	26.5614
230.0018	26.5324
230.1202	26.5807
230.2361	26.5582
230.3559	26.5678
230.4746	26.5260
230.5870	26.5582
230.6996	26.5582
230.8145	26.5292
230.9338	26.5775
231.0517	26.5035
231.1705	26.5518
231.2828	26.5872
231.4000	26.5646
231.5188	26.5743
231.6319	26.6129
231.7461	26.5260
231.8678	26.5518
231.9838	26.5421
232.1013	26.5711
232.2113	26.5711
232.3289	26.5357
232.4475	26.5807
232.5601	26.5518
232.6742	26.5485
232.7910	26.5453
232.9032	26.5131
233.0149	26.5099
233.1285	26.6161
233.2402	26.5453
233.3488	26.5163
233.4621	26.5453
233.5758	26.5743
233.6949	26.5711
233.8077	26.5743
233.9227	26.5614
234.0410	26.5421
234.1541	26.5936
234.2676	26.5646
234.3881	26.5936
234.5050	26.5485
234.6188	26.5292
234.7366	26.5324
234.8492	26.4906
234.9602	26.5357
235.0716	26.5324
235.1852	26.5550
235.3027	26.5163
235.4175	26.5711
235.5353	26.4938
235.6492	26.5260
235.7646	26.5485
235.8834	26.5936
235.9963	26.5614
236.1113	26.5518
236.2311	26.5324
236.3497	26.5646
236.4638	26.5518
236.5756	26.5324
236.6882	26.5711
236.8027	26.5002
236.9208	26.5485
237.0329	26.5711
237.1530	26.5872
237.2694	26.5614
237.3816	26.5099
237.4980	26.5872
237.6094	26.5711
237.7298	26.5292
237.8447	26.5614
237.9638	26.5292
238.0758	26.5453
238.1888	26.5904
238.3055	26.5518
238.4191	26.5453
238.5374	26.5389
238.6526	26.5421
238.7717	26.5711
238.8887	26.5485
239.0021	26.5196
239.1165	26.5775
239.2315	26.5807
239.3524	26.5453
239.4713	26.5872
239.5857	26.5550
239.7062	26.5646
239.8247	26.5904
239.9420	26.5678
240.0541	26.5646
240.1644	26.6161
240.2751	26.5357
240.3893	26.4970
240.5079	26.5614
240.6221	26.5646
240.7409	26.6065
240.8580	26.5389
240.9753	26.5582
241.0882	26.5904
241.2023	26.5839
241.3150	26.5678
241.4325	26.5550
241.5442	26.5678
241.6620	26.4970
241.7788	26.5357
241.8983	26.5582
242.0151	26.5904
242.1297	26.5775
242.2483	26.5872
242.3633	26.5839
242.4737	26.5936
242.5847	26.5839
242.7061	26.6161
242.8237	26.5518
242.9378	26.5485
243.0531	26.5936
243.1714	26.6129
243.2842	26.5357
243.4032	26.5872
243.5203	26.5389
243.6334	26.5324
243.7527	26.5646
243.8665	26.5582
243.9807	26.6161
244.0976	26.5936
244.2128	26.5968
244.3339	26.5711
244.4512	26.6000
244.5628	26.6161
244.6803	26.5678
244.8009	26.5646
244.9185	26.5678
245.0286	26.5582
245.1468	26.5228
245.2660	26.5711
245.3866	26.6226
245.5037	26.5936
245.6167	26.4874
245.7367	26.5872
245.8552	26.5614
245.9684	26.6000
246.0837	26.5743
246.1953	26.5260
246.3129	26.5711
246.4278	26.5839
246.5418	26.6483
246.6533	26.5582
246.7692	26.5292
246.8904	26.5324
247.0097	26.6226
247.1237	26.5936
247.2437	26.5743
247.3616	26.5775
247.4757	26.6226
247.5886	26.5872
247.7014	26.5807
247.8159	26.5678
247.9341	26.5775
248.0474	26.6000
248.1638	26.6322
248.2761	26.5775
248.3893	26.5807
248.5089	26.6000
248.6231	26.5196
248.7393	26.6612
248.8541	26.6065
248.9723	26.5678
249.0855	26.6065
249.2010	26.5936
249.3142	26.5807
249.4342	26.6258
249.5525	26.5743
249.6653	26.6000
249.7850	26.5743
249.9033	26.5904
250.0207	26.5711
250.1445	26.5453
250.2558	26.5550
250.3720	26.5872
250.4893	26.6451
250.6014	26.5646
250.7185	26.6258
250.8372	26.6033
250.9559	26.5453
251.0716	26.5936
251.1818	26.6194
251.2919	26.5711
251.4056	26.5711
251.5223	26.5936
251.6371	26.5839
251.7501	26.5485
251.8584	26.5775
251.9672	26.6129
252.0748	26.5743
252.1834	26.6161
252.2921	26.5775
252.3998	26.5872
252.5086	26.6033
252.6173	26.5711
252.7254	26.5968
252.8336	26.5872
252.9422	26.5839
253.0508	26.5614
253.1594	26.5807
253.2671	26.5614
253.3749	26.6516
253.4836	26.5711
253.5960	26.5614
253.7165	26.5807
253.8365	26.5614
253.9528	26.6129
254.0656	26.6129
254.1788	26.6258
254.2941	26.6226
254.4092	26.5550
254.5283	26.5389
254.6434	26.5678
254.7623	26.5389
254.8798	26.5839
255.0000	26.5807
255.1114	26.5968
255.2211	26.5614
255.3318	26.5839
255.4408	26.5968
255.5512	26.5839
255.6641	26.5485
255.7777	26.5357
255.8979	26.5968
256.0196	26.5518
256.1364	26.5389
256.2496	26.5775
256.3686	26.6097
256.4799	26.6000
256.5938	26.5582
256.7118	26.6161
256.8254	26.5839
256.9362	26.5775
257.0529	26.6290
257.1727	26.5743
257.2844	26.5614
257.4028	26.5711
257.5128	26.5518
257.6294	26.5775
257.7417	26.5904
257.8583	26.6194
257.9783	26.5324
258.0905	26.6000
258.2076	26.5582
258.3214	26.5904
258.4357	26.5904
258.5495	26.5775
258.6628	26.5839
258.7831	26.6033
258.8946	26.6129
259.0080	26.5968
259.1273	26.6194
259.2371	26.5324
259.3504	26.5743
259.4678	26.6355
259.5804	26.5485
259.6988	26.5453
259.8126	26.5936
259.9266	26.5389
260.0441	26.5711
260.1631	26.6065
260.2731	26.6097
260.3899	26.5904
260.5087	26.5485
260.6221	26.6033
260.7365	26.5839
260.8574	26.5582
260.9698	26.5743
261.0911	26.5067
261.2051	26.6097
261.3263	26.5872
261.4476	26.5678
261.5593	26.5582
261.6715	26.5936
261.7855	26.5872
261.9003	26.5582
262.0125	26.5872
262.1304	26.6483
262.2412	26.5968
262.3600	26.5839
262.4732	26.5807
262.5865	26.5904
262.7040	26.5646
262.8208	26.5775
262.9354	26.5807
263.0516	26.5839
263.1714	26.6065
263.2897	26.5775
263.4021	26.5550
263.5205	26.5099
263.6352	26.5324
263.7553	26.6322
263.8731	26.5711
263.9863	26.6258
264.1059	26.5839
264.2207	26.5614
264.3387	26.5453
264.4537	26.5582
264.5675	26.5614
264.6805	26.5614
264.7938	26.5421
264.9138	26.5678
265.0261	26.6097
265.1378	26.5711
265.2533	26.5678
265.3734	26.5775
265.4930	26.5421
265.6058	26.6000
265.7230	26.6000
265.8420	26.5485
265.9630	26.5872
266.0810	26.6097
266.1926	26.5711
266.3074	26.5357
266.4246	26.5711
266.5363	26.5518
266.6472	26.5582
266.7656	26.5292
266.8857	26.5582
267.0049	26.5678
267.1224	26.5035
267.2412	26.5389
267.3547	26.5453
267.4724	26.5807
267.5850	26.5582
267.7028	26.5968
267.8149	26.5711
267.9312	26.5131
268.0491	26.5743
268.1620	26.5518
268.2826	26.5292
268.4005	26.6000
268.5182	26.5421
268.6346	26.5421
268.7548	26.5711
268.8715	26.5324
268.9848	26.5968
269.1043	26.5646
269.2192	26.6129
269.3342	26.5711
269.4527	26.5550
269.5653	26.5743
269.6862	26.5839
269.8051	26.5518
269.9229	26.5904
270.0374	26.5775
270.1557	26.5131
270.2739	26.6290
270.3925	26.5678
270.5109	26.5807
270.6301	26.6000
270.7480	26.5904
270.8623	26.5389
270.9785	26.5324
271.0927	26.5260
271.2124	26.6161
271.3320	26.5646
271.4480	26.6129
271.5591	26.5614
271.6775	26.5389
271.7898	26.5711
271.9072	26.5678
272.0211	26.5711
272.1372	26.5196
272.2547	26.6033
272.3720	26.5389
272.4883	26.5646
272.6014	26.5453
272.7209	26.5646
272.8374	26.5646
272.9488	26.5775
273.0585	26.5872
273.1683	26.5775
273.2789	26.5582
273.3961	26.5775
273.5077	26.5357
273.6189	26.5646
273.7322	26.5518
273.8524	26.6000
273.9667	26.5807
274.0876	26.5775
274.2011	26.5904
274.3195	26.5807
274.4411	26.5002
274.5592	26.5807
274.6781	26.5518
274.7915	26.5936
274.9120	26.5904
275.0277	26.5324
275.1418	26.5550
275.2603	26.5775
275.3798	26.5292
275.4970	26.6065
275.6111	26.6129
275.7284	26.5743
275.8424	26.5775
275.9595	26.5711
276.0707	26.5646
276.1842	26.5485
276.3004	26.5711
276.4124	26.5711
276.5312	26.5807
276.6502	26.5518
276.7694	26.6065
276.8835	26.4938
277.0007	26.5228
277.1134	26.5839
277.2275	26.6065
277.3449	26.5550
277.4574	26.5550
277.5714	26.5614
277.6905	26.4938
277.8040	26.5292
277.9211	26.6065
278.0315	26.5743
278.1446	26.5357
278.2663	26.5582
278.3825	26.5324
278.4971	26.5550
278.6178	26.5678
278.7365	26.5196
278.8555	26.5453
278.9706	26.5421
279.0869	26.5936
279.2034	26.5646
279.3115	26.5485
279.4215	26.5518
279.5349	26.5518
279.6470	26.5196
279.7620	26.5614
279.8823	26.5324
280.0013	26.5743
280.1157	26.5614
280.2317	26.5260
280.3472	26.6161
280.4651	26.5614
280.5789	26.5485
280.6986	26.6000
280.8152	26.5614
280.9334	26.5518
281.0536	26.5421
281.1644	26.5485
281.2762	26.5228
281.3894	26.5678
281.5054	26.5453
281.6185	26.5678
281.7313	26.5968
281.8414	26.5453
281.9535	26.5904
282.0712	26.6290
282.1855	26.5357
282.3055	26.5646
282.4243	26.5357
282.5425	26.5904
282.6606	26.5518
282.7752	26.5968
282.8924	26.5614
283.0015	26.5872
283.1145	26.5035
283.2345	26.6033
283.3528	26.5711
283.4709	26.5775
283.5841	26.5807
283.6969	26.6065
283.8110	26.5614
283.9301	26.4938
284.0480	26.5550
284.1649	26.5807
284.2797	26.6065
284.3929	26.5678
284.5128	26.5807
284.6256	26.5421
284.7429	26.5936
284.8584	26.5839
284.9779	26.5518
285.0977	26.6129
285.2153	26.5067
285.3317	26.5711
285.4452	26.5453
285.5612	26.6226
285.6782	26.5002
285.7955	26.5678
285.9122	26.6065
286.0311	26.4777
286.1484	26.5357
286.2615	26.6226
286.3761	26.5292
286.4853	26.5131
286.5958	26.5775
286.7071	26.5904
286.8188	26.5485
286.9370	26.5518
287.0542	26.6065
287.1703	26.5518
287.2822	26.5711
287.3978	26.5196
287.5153	26.5421
287.6309	26.5646
287.7512	26.5292
287.8702	26.5678
287.9857	26.5453
288.0999	26.5357
288.2210	26.5807
288.3415	26.5711
288.4595	26.5582
288.5757	26.5550
288.6957	26.5550
288.8148	26.5872
288.9357	26.5196
289.0532	26.5904
289.1653	26.5904
289.2816	26.5872
289.3974	26.5582
289.5157	26.5357
289.6261	26.5614
289.7392	26.5775
289.8544	26.6000
289.9732	26.5743
290.0915	26.5196
290.2046	26.5131
290.3240	26.5582
290.4433	26.5968
290.5616	26.5775
290.6792	26.5260
290.7972	26.5453
290.9164	26.5678
291.0355	26.5292
291.1520	26.5453
291.2671	26.5485
291.3856	26.5389
291.5024	26.5421
291.6153	26.5453
291.7336	26.5196
291.8514	26.5711
291.9733	26.6129
292.0914	26.5453
292.2033	26.5453
292.3151	26.5711
292.4282	26.5260
292.5458	26.5421
292.6572	26.5711
292.7705	26.5228
292.8837	26.5646
292.9981	26.6033
293.1132	26.5711
293.2287	26.5775
293.3436	26.5743
293.4625	26.5711
293.5746	26.5614
293.6859	26.5453
293.8007	26.5743
293.9136	26.5228
294.0277	26.5678
294.1483	26.5292
294.2681	26.5550
294.3881	26.5614
294.5051	26.5485
294.6198	26.5839
294.7381	26.5743
294.8570	26.5518
294.9714	26.5518
295.0878	26.5968
295.2004	26.5453
295.3180	26.5518
295.4346	26.6000
295.5435	26.5389
295.6520	26.5582
295.7608	26.5389
295.8718	26.5807
295.9876	26.5646
296.1028	26.5807
296.2199	26.6097
296.3419	26.5453
296.4609	26.4809
296.5730	26.5324
296.6859	26.5839
296.8010	26.5518
296.9166	26.5131
297.0296	26.5839
297.1434	26.6129
297.2595	26.5421
297.3751	26.5775
297.4895	26.5678
297.6038	26.5743
297.7256	26.5389
297.8427	26.5839
297.9579	26.5421
298.0717	26.5550
298.1839	26.5646
298.2976	26.5421
298.4117	26.5582
298.5286	26.5614
298.6405	26.5614
298.7578	26.5196
298.8756	26.5839
298.9879	26.5518
299.1029	26.5775
299.2173	26.5453
299.3341	26.5260
299.4454	26.5775
299.5595	26.5614
299.6765	26.5035
299.7902	26.5775
299.9054	26.5807
